<?xml version="1.0" encoding="utf-8"?>
<COLLADA xmlns="http://www.collada.org/2005/11/COLLADASchema" version="1.4.1">
  <asset>
    <contributor>
      <author>Mixamo</author>
      <authoring_tool>COLLADA Mixamo exporter</authoring_tool>
      <comments/>
    </contributor>
    <created>2024-12-14T07:55:03Z</created>
    <modified>2024-12-14T07:55:03Z</modified>
    <revision/>
    <title/>
    <unit meter="0.010000"/>
    <up_axis>Y_UP</up_axis>
  </asset>
  <library_animations>
    <animation id="mixamorig_Hips-anim" name="mixamorig_Hips">
      <source id="mixamorig_Hips-Matrix-animation-input">
        <float_array id="mixamorig_Hips-Matrix-animation-input-array" count="79">

0.000000 0.033333 0.066667 0.100000 0.133333 0.166667 0.200000 0.233333 0.266667 0.300000 0.333333 0.366667 0.400000 0.433333 0.466667 0.500000
0.533333 0.566667 0.600000 0.633333 0.666667 0.700000 0.733333 0.766667 0.800000 0.833333 0.866667 0.900000 0.933333 0.966667 1.000000 1.033333
1.066667 1.100000 1.133333 1.166667 1.200000 1.233333 1.266667 1.300000 1.333333 1.366667 1.400000 1.433333 1.466667 1.500000 1.533333 1.566667
1.600000 1.633333 1.666667 1.700000 1.733333 1.766667 1.800000 1.833333 1.866667 1.900000 1.933333 1.966667 2.000000 2.033333 2.066667 2.100000
2.133333 2.166667 2.200000 2.233333 2.266667 2.300000 2.333333 2.366667 2.400000 2.433333 2.466667 2.500000 2.533333 2.566667 2.600000</float_array>
        <technique_common>
          <accessor source="#mixamorig_Hips-Matrix-animation-input-array" count="79">
            <param name="TIME" type="float"/>
          </accessor>
        </technique_common>
      </source>
      <source id="mixamorig_Hips-Matrix-animation-output-transform">
        <float_array id="mixamorig_Hips-Matrix-animation-output-transform-array" count="1264">

0.693256 0.001862 -0.720689 -0.594731 0.065098 0.995747 0.065193 65.617836 0.717745 -0.092111 0.690186 0.106096 0.000000 0.000000 0.000000 1.000000
0.712141 -0.002043 -0.702034 -0.643539 0.059341 0.996592 0.057295 65.807816 0.699524 -0.082461 0.709835 -0.145935 0.000000 0.000000 0.000000 1.000000
0.732367 -0.006940 -0.680875 -0.734891 0.054755 0.997310 0.048732 66.030602 0.678705 -0.072971 0.730777 -0.447520 0.000000 0.000000 0.000000 1.000000
0.753298 -0.012285 -0.657564 -0.867090 0.052089 0.997799 0.041031 66.251091 0.655613 -0.065161 0.752280 -0.760955 0.000000 0.000000 0.000000 1.000000
0.774251 -0.017705 -0.632631 -1.039024 0.052124 0.997996 0.035863 66.454285 0.630729 -0.060743 0.773622 -1.060976 0.000000 0.000000 0.000000 1.000000
0.794512 -0.023244 -0.606803 -1.248191 0.056012 0.997812 0.035116 66.614922 0.604659 -0.061888 0.794076 -1.338305 0.000000 0.000000 0.000000 1.000000
0.813498 -0.029303 -0.580829 -1.486959 0.064664 0.997095 0.040263 66.704979 0.577962 -0.070313 0.813029 -1.583152 0.000000 0.000000 0.000000 1.000000
0.831270 -0.035825 -0.554713 -1.734568 0.077298 0.995675 0.051533 66.713196 0.550468 -0.085717 0.830444 -1.767308 0.000000 0.000000 0.000000 1.000000
0.848286 -0.042766 -0.527809 -1.973071 0.093067 0.993259 0.069096 66.615356 0.521297 -0.107735 0.846548 -1.869990 0.000000 0.000000 0.000000 1.000000
0.865215 -0.049568 -0.498946 -2.194994 0.110315 0.989537 0.092989 66.389023 0.489116 -0.135496 0.861630 -1.868526 0.000000 0.000000 0.000000 1.000000
0.882809 -0.054025 -0.466616 -2.396683 0.125904 0.984231 0.124248 66.038391 0.452545 -0.168436 0.875690 -1.747212 0.000000 0.000000 0.000000 1.000000
0.900443 -0.054350 -0.431565 -2.596910 0.136903 0.977151 0.162585 65.594055 0.412868 -0.205481 0.887309 -1.490213 0.000000 0.000000 0.000000 1.000000
0.916543 -0.049475 -0.396864 -2.828566 0.142023 0.967906 0.207333 65.135178 0.373869 -0.246393 0.894154 -1.122259 0.000000 0.000000 0.000000 1.000000
0.929179 -0.039074 -0.367560 -3.114721 0.141708 0.956073 0.256598 64.738998 0.341388 -0.290512 0.893900 -0.694983 0.000000 0.000000 0.000000 1.000000
0.936564 -0.023105 -0.349733 -3.452297 0.137860 0.941682 0.306970 64.463608 0.322245 -0.335711 0.885131 -0.270930 0.000000 0.000000 0.000000 1.000000
0.937362 -0.001835 -0.348352 -3.818153 0.133171 0.925920 0.353466 64.330933 0.321897 -0.377716 0.868166 0.112756 0.000000 0.000000 0.000000 1.000000
0.932413 0.022678 -0.360682 -4.177012 0.129590 0.910677 0.392268 64.316704 0.337361 -0.412497 0.846188 0.431467 0.000000 0.000000 0.000000 1.000000
0.922811 0.048130 -0.382235 -4.496233 0.127627 0.897947 0.421191 64.360985 0.363499 -0.437463 0.822493 0.678596 0.000000 0.000000 0.000000 1.000000
0.910504 0.072021 -0.407179 -4.767238 0.126567 0.888910 0.440249 64.415359 0.393653 -0.452384 0.800241 0.867947 0.000000 0.000000 0.000000 1.000000
0.897911 0.092502 -0.430349 -5.005448 0.125301 0.883509 0.451344 64.466629 0.421967 -0.459189 0.781722 1.023449 0.000000 0.000000 0.000000 1.000000
0.886489 0.110027 -0.449478 -5.224106 0.123580 0.879754 0.459086 64.511307 0.445943 -0.462522 0.766295 1.134724 0.000000 0.000000 0.000000 1.000000
0.876108 0.126055 -0.465343 -5.434455 0.122029 0.875803 0.466988 64.547935 0.466415 -0.465917 0.751916 1.187737 0.000000 0.000000 0.000000 1.000000
0.865862 0.141710 -0.479794 -5.641631 0.121466 0.870798 0.476401 64.590759 0.485314 -0.470776 0.736777 1.187844 0.000000 0.000000 0.000000 1.000000
0.854794 0.157486 -0.494496 -5.842140 0.122236 0.864939 0.486764 64.645981 0.504367 -0.476528 0.720093 1.150354 0.000000 0.000000 0.000000 1.000000
0.842567 0.172794 -0.510121 -6.034040 0.124071 0.859395 0.496032 64.712677 0.524107 -0.481231 0.702658 1.093044 0.000000 0.000000 0.000000 1.000000
0.830203 0.187304 -0.525053 -6.194561 0.124863 0.855455 0.502600 64.760750 0.543298 -0.482819 0.686814 1.027027 0.000000 0.000000 0.000000 1.000000
0.819175 0.200489 -0.537361 -6.306559 0.122935 0.853761 0.505944 64.782059 0.560214 -0.480517 0.674733 0.952698 0.000000 0.000000 0.000000 1.000000
0.810572 0.211734 -0.546023 -6.363534 0.117847 0.854312 0.506224 64.778580 0.573659 -0.474678 0.667530 0.860581 0.000000 0.000000 0.000000 1.000000
0.804903 0.220743 -0.550821 -6.365113 0.109699 0.856886 0.503699 64.755875 0.583179 -0.465853 0.665495 0.748482 0.000000 0.000000 0.000000 1.000000
0.801636 0.227460 -0.552849 -6.321066 0.099684 0.860979 0.498777 64.733337 0.589443 -0.454947 0.667517 0.613452 0.000000 0.000000 0.000000 1.000000
0.799813 0.232095 -0.553563 -6.241438 0.089060 0.866128 0.491824 64.734032 0.593606 -0.442667 0.672070 0.459577 0.000000 0.000000 0.000000 1.000000
0.798918 0.234575 -0.553809 -6.134294 0.078647 0.872153 0.482870 64.783813 0.596276 -0.429329 0.678330 0.300382 0.000000 0.000000 0.000000 1.000000
0.798741 0.234744 -0.553993 -6.001210 0.068986 0.878948 0.471901 64.906044 0.597707 -0.415145 0.685858 0.150814 0.000000 0.000000 0.000000 1.000000
0.799296 0.232368 -0.554195 -5.841301 0.060308 0.886544 0.458698 65.109131 0.597904 -0.400057 0.694597 0.022949 0.000000 0.000000 0.000000 1.000000
0.800273 0.228026 -0.554588 -5.649968 0.052461 0.894703 0.443571 65.402237 0.597337 -0.384072 0.704044 -0.081926 0.000000 0.000000 0.000000 1.000000
0.801234 0.222253 -0.555543 -5.427099 0.045249 0.903291 0.426635 65.776268 0.596638 -0.366972 0.713691 -0.170425 0.000000 0.000000 0.000000 1.000000
0.801694 0.215456 -0.557553 -5.173969 0.038579 0.912181 0.407968 66.203873 0.596488 -0.348575 0.722978 -0.253543 0.000000 0.000000 0.000000 1.000000
0.801275 0.207682 -0.561094 -4.892501 0.032690 0.921221 0.387663 66.654495 0.597402 -0.328967 0.731363 -0.338028 0.000000 0.000000 0.000000 1.000000
0.799881 0.198690 -0.566315 -4.583499 0.028089 0.930181 0.366025 67.097740 0.599500 -0.308684 0.738454 -0.426367 0.000000 0.000000 0.000000 1.000000
0.797822 0.188464 -0.572680 -4.245366 0.024958 0.938747 0.343703 67.510765 0.602377 -0.288507 0.744249 -0.518825 0.000000 0.000000 0.000000 1.000000
0.795335 0.177181 -0.579698 -3.879721 0.023269 0.946699 0.321278 67.876869 0.605724 -0.269012 0.748820 -0.613390 0.000000 0.000000 0.000000 1.000000
0.792607 0.165302 -0.586899 -3.490492 0.022672 0.953894 0.299287 68.188004 0.609312 -0.250524 0.752315 -0.710200 0.000000 0.000000 0.000000 1.000000
0.789759 0.153526 -0.593895 -3.081887 0.022593 0.960237 0.278271 68.442329 0.613001 -0.233185 0.754887 -0.812167 0.000000 0.000000 0.000000 1.000000
0.786915 0.142504 -0.600381 -2.658065 0.022251 0.965782 0.258398 68.639191 0.616660 -0.216696 0.756818 -0.921109 0.000000 0.000000 0.000000 1.000000
0.784240 0.132607 -0.606122 -2.224608 0.021102 0.970628 0.239657 68.777039 0.620099 -0.200738 0.758407 -1.037557 0.000000 0.000000 0.000000 1.000000
0.781988 0.123925 -0.610850 -1.789860 0.018940 0.974858 0.222019 68.857994 0.623006 -0.185186 0.759980 -1.160499 0.000000 0.000000 0.000000 1.000000
0.780464 0.116516 -0.614248 -1.358179 0.015681 0.978523 0.205540 68.869781 0.625004 -0.170049 0.761875 -1.275354 0.000000 0.000000 0.000000 1.000000
0.780014 0.110358 -0.615954 -0.936093 0.011665 0.981591 0.190639 68.808784 0.625653 -0.155886 0.764367 -1.374337 0.000000 0.000000 0.000000 1.000000
0.780534 0.105025 -0.616228 -0.536456 0.007810 0.984070 0.177610 68.670753 0.625065 -0.143444 0.767279 -1.445879 0.000000 0.000000 0.000000 1.000000
0.781803 0.100313 -0.615404 -0.169546 0.004920 0.985951 0.166963 68.465248 0.623507 -0.133560 0.770325 -1.482326 0.000000 0.000000 0.000000 1.000000
0.783437 0.096121 -0.613993 0.156670 0.003510 0.987267 0.159036 68.205582 0.621462 -0.126750 0.773123 -1.485530 0.000000 0.000000 0.000000 1.000000
0.784943 0.092572 -0.612613 0.438283 0.003662 0.988064 0.153999 67.916618 0.619557 -0.123123 0.775236 -1.469911 0.000000 0.000000 0.000000 1.000000
0.785872 0.089891 -0.611820 0.672339 0.004714 0.988479 0.151287 67.628395 0.618371 -0.121776 0.776394 -1.449731 0.000000 0.000000 0.000000 1.000000
0.786057 0.088206 -0.611829 0.855463 0.005821 0.988667 0.150012 67.373070 0.618127 -0.121480 0.776635 -1.440165 0.000000 0.000000 0.000000 1.000000
0.785542 0.087526 -0.612587 0.985290 0.006424 0.988740 0.149508 67.180450 0.618775 -0.121380 0.776135 -1.455063 0.000000 0.000000 0.000000 1.000000
0.784575 0.087667 -0.613805 1.058448 0.006313 0.988773 0.149291 67.075470 0.620002 -0.121005 0.775213 -1.503698 0.000000 0.000000 0.000000 1.000000
0.783529 0.088212 -0.615061 1.073980 0.005652 0.988819 0.149015 67.075714 0.621329 -0.120234 0.774270 -1.586835 0.000000 0.000000 0.000000 1.000000
0.782448 0.087813 -0.616493 1.034883 0.005543 0.988986 0.147906 67.186569 0.622691 -0.119147 0.773343 -1.673926 0.000000 0.000000 0.000000 1.000000
0.781387 0.085791 -0.618121 0.948451 0.006533 0.989326 0.145570 67.405876 0.624012 -0.117785 0.772487 -1.739962 0.000000 0.000000 0.000000 1.000000
0.780460 0.082257 -0.619771 0.818689 0.008442 0.989830 0.142003 67.724075 0.625149 -0.116060 0.771829 -1.785080 0.000000 0.000000 0.000000 1.000000
0.779533 0.077425 -0.621557 0.653428 0.010877 0.990508 0.137025 68.115173 0.626267 -0.113576 0.771292 -1.808590 0.000000 0.000000 0.000000 1.000000
0.778262 0.071609 -0.623844 0.461292 0.013300 0.991374 0.130389 68.545097 0.627799 -0.109774 0.770596 -1.809828 0.000000 0.000000 0.000000 1.000000
0.776371 0.065177 -0.626897 0.251572 0.015330 0.992392 0.122163 68.974457 0.630090 -0.104454 0.769465 -1.789414 0.000000 0.000000 0.000000 1.000000
0.773709 0.058371 -0.630847 0.033715 0.016785 0.993509 0.112513 69.362793 0.633319 -0.097641 0.767707 -1.749672 0.000000 0.000000 0.000000 1.000000
0.770277 0.051504 -0.635626 -0.181837 0.017613 0.994635 0.101938 69.667732 0.637466 -0.089716 0.765237 -1.689355 0.000000 0.000000 0.000000 1.000000
0.766127 0.045206 -0.641098 -0.386437 0.017713 0.995659 0.091375 69.862656 0.642445 -0.081361 0.762000 -1.618771 0.000000 0.000000 0.000000 1.000000
0.761494 0.040058 -0.646933 -0.572738 0.017221 0.996486 0.081972 69.939270 0.647944 -0.073562 0.758128 -1.549092 0.000000 0.000000 0.000000 1.000000
0.756566 0.036386 -0.652904 -0.734307 0.016376 0.997083 0.074543 69.906784 0.653712 -0.067089 0.753764 -1.481627 0.000000 0.000000 0.000000 1.000000
0.751472 0.034209 -0.658878 -0.866258 0.015520 0.997462 0.069490 69.771294 0.659583 -0.062445 0.749034 -1.415837 0.000000 0.000000 0.000000 1.000000
0.746241 0.033295 -0.664842 -0.964772 0.015014 0.997653 0.066814 69.542816 0.665506 -0.059841 0.743990 -1.351609 0.000000 0.000000 0.000000 1.000000
0.740851 0.033049 -0.670856 -1.028795 0.015429 0.997688 0.066189 69.230949 0.671492 -0.059386 0.738628 -1.286624 0.000000 0.000000 0.000000 1.000000
0.735275 0.032612 -0.676983 -1.058921 0.017185 0.997624 0.066723 68.844872 0.677551 -0.060694 0.732968 -1.212669 0.000000 0.000000 0.000000 1.000000
0.729498 0.031358 -0.683264 -1.058604 0.020670 0.997481 0.067848 68.398720 0.683671 -0.063618 0.727012 -1.121593 0.000000 0.000000 0.000000 1.000000
0.723544 0.028899 -0.689673 -1.033813 0.026040 0.997269 0.069106 67.912537 0.689787 -0.067960 0.720816 -1.005863 0.000000 0.000000 0.000000 1.000000
0.717491 0.025091 -0.696116 -0.989800 0.033150 0.996989 0.070104 67.405945 0.695779 -0.073375 0.714499 -0.859505 0.000000 0.000000 0.000000 1.000000
0.711446 0.020225 -0.702450 -0.925901 0.041276 0.996657 0.070501 66.896835 0.701528 -0.079152 0.708233 -0.674649 0.000000 0.000000 0.000000 1.000000
0.705424 0.014694 -0.708633 -0.839586 0.049593 0.996312 0.070027 66.412865 0.707049 -0.084542 0.702093 -0.451817 0.000000 0.000000 0.000000 1.000000
0.699393 0.008616 -0.714685 -0.728606 0.057589 0.995997 0.068364 65.979439 0.712413 -0.088972 0.696097 -0.191142 0.000000 0.000000 0.000000 1.000000
0.693256 0.001862 -0.720689 -0.594721 0.065098 0.995747 0.065193 65.617844 0.717745 -0.092111 0.690186 0.106097 0.000000 0.000000 0.000000 1.000000</float_array>
        <technique_common>
          <accessor source="#mixamorig_Hips-Matrix-animation-output-transform-array" count="79" stride="16">
            <param type="float4x4"/>
          </accessor>
        </technique_common>
      </source>
      <source id="mixamorig_Hips-Interpolations">
        <Name_array id="mixamorig_Hips-Interpolations-array" count="79">
 LINEAR LINEAR LINEAR LINEAR LINEAR LINEAR LINEAR LINEAR LINEAR LINEAR LINEAR
LINEAR LINEAR LINEAR LINEAR LINEAR LINEAR LINEAR LINEAR LINEAR LINEAR LINEAR LINEAR
LINEAR LINEAR LINEAR LINEAR LINEAR LINEAR LINEAR LINEAR LINEAR LINEAR LINEAR LINEAR
LINEAR LINEAR LINEAR LINEAR LINEAR LINEAR LINEAR LINEAR LINEAR LINEAR LINEAR LINEAR
LINEAR LINEAR LINEAR LINEAR LINEAR LINEAR LINEAR LINEAR LINEAR LINEAR LINEAR LINEAR
LINEAR LINEAR LINEAR LINEAR LINEAR LINEAR LINEAR LINEAR LINEAR LINEAR LINEAR LINEAR
LINEAR LINEAR LINEAR LINEAR LINEAR LINEAR LINEAR LINEAR</Name_array>
        <technique_common>
          <accessor source="#mixamorig_Hips-Interpolations-array" count="79">
            <param type="name"/>
          </accessor>
        </technique_common>
      </source>
      <sampler id="mixamorig_Hips-Matrix-animation-transform">
        <input semantic="INPUT" source="#mixamorig_Hips-Matrix-animation-input"/>
        <input semantic="OUTPUT" source="#mixamorig_Hips-Matrix-animation-output-transform"/>
        <input semantic="INTERPOLATION" source="#mixamorig_Hips-Interpolations"/>
      </sampler>
      <channel source="#mixamorig_Hips-Matrix-animation-transform" target="mixamorig_Hips/matrix"/>
    </animation>
    <animation id="mixamorig_Spine-anim" name="mixamorig_Spine">
      <source id="mixamorig_Spine-Matrix-animation-input">
        <float_array id="mixamorig_Spine-Matrix-animation-input-array" count="79">

0.000000 0.033333 0.066667 0.100000 0.133333 0.166667 0.200000 0.233333 0.266667 0.300000 0.333333 0.366667 0.400000 0.433333 0.466667 0.500000
0.533333 0.566667 0.600000 0.633333 0.666667 0.700000 0.733333 0.766667 0.800000 0.833333 0.866667 0.900000 0.933333 0.966667 1.000000 1.033333
1.066667 1.100000 1.133333 1.166667 1.200000 1.233333 1.266667 1.300000 1.333333 1.366667 1.400000 1.433333 1.466667 1.500000 1.533333 1.566667
1.600000 1.633333 1.666667 1.700000 1.733333 1.766667 1.800000 1.833333 1.866667 1.900000 1.933333 1.966667 2.000000 2.033333 2.066667 2.100000
2.133333 2.166667 2.200000 2.233333 2.266667 2.300000 2.333333 2.366667 2.400000 2.433333 2.466667 2.500000 2.533333 2.566667 2.600000</float_array>
        <technique_common>
          <accessor source="#mixamorig_Spine-Matrix-animation-input-array" count="79">
            <param name="TIME" type="float"/>
          </accessor>
        </technique_common>
      </source>
      <source id="mixamorig_Spine-Matrix-animation-output-transform">
        <float_array id="mixamorig_Spine-Matrix-animation-output-transform-array" count="1264">

0.991994 0.014503 0.125450 0.000000 -0.008757 0.998892 -0.046235 14.685700 -0.125981 0.044766 0.991022 -1.734700 0.000000 0.000000 0.000000 1.000000
0.992418 0.013992 0.122110 0.000000 -0.007548 0.998562 -0.053075 14.685700 -0.122677 0.051750 0.991096 -1.734700 0.000000 0.000000 0.000000 1.000000
0.992786 0.012589 0.119236 -0.000000 -0.005589 0.998251 -0.058855 14.685700 -0.119768 0.057764 0.991120 -1.734700 0.000000 0.000000 0.000000 1.000000
0.993092 0.009962 0.116913 0.000000 -0.002567 0.997995 -0.063237 14.685700 -0.117308 0.062500 0.991127 -1.734700 0.000000 0.000000 0.000000 1.000000
0.993312 0.006223 0.115292 0.000000 0.001474 0.997782 -0.066554 14.685700 -0.115450 0.066279 0.991100 -1.734700 0.000000 0.000000 0.000000 1.000000
0.993413 0.001855 0.114577 -0.000000 0.006114 0.997587 -0.069161 14.685700 -0.114429 0.069406 0.991004 -1.734700 0.000000 0.000000 0.000000 1.000000
0.993377 -0.002664 0.114868 -0.000000 0.010922 0.997394 -0.071322 14.685700 -0.114379 0.072104 0.990817 -1.734700 0.000000 0.000000 0.000000 1.000000
0.993239 -0.007886 0.115823 -0.000000 0.016422 0.997202 -0.072933 14.685700 -0.114924 0.074342 0.990589 -1.734700 0.000000 0.000000 0.000000 1.000000
0.993028 -0.014145 0.117027 0.000000 0.022860 0.997036 -0.073468 14.685700 -0.115641 0.075631 0.990408 -1.734700 0.000000 0.000000 0.000000 1.000000
0.992798 -0.021569 0.117845 0.000000 0.030214 0.996942 -0.072072 14.685700 -0.115931 0.075113 0.990413 -1.734700 0.000000 0.000000 0.000000 1.000000
0.992656 -0.030561 0.117048 0.000000 0.038645 0.996975 -0.067436 14.685700 -0.114633 0.071465 0.990834 -1.734700 0.000000 0.000000 0.000000 1.000000
0.992685 -0.040301 0.113812 0.000000 0.047265 0.997129 -0.059161 14.685700 -0.111101 0.064107 0.991739 -1.734700 0.000000 0.000000 0.000000 1.000000
0.992914 -0.049353 0.108100 0.000000 0.054707 0.997389 -0.047135 14.685700 -0.105492 0.052715 0.993022 -1.734700 0.000000 0.000000 0.000000 1.000000
0.993286 -0.056498 0.100949 0.000000 0.060017 0.997679 -0.032162 14.685700 -0.098898 0.038004 0.994372 -1.734700 0.000000 0.000000 0.000000 1.000000
0.993619 -0.061705 0.094416 0.000000 0.063397 0.997875 -0.015029 14.685700 -0.093288 0.020919 0.995419 -1.734700 0.000000 0.000000 0.000000 1.000000
0.993628 -0.066692 0.090856 0.000000 0.066597 0.997772 0.004074 14.685700 -0.090926 0.002003 0.995856 -1.734700 0.000000 0.000000 0.000000 1.000000
0.993180 -0.073489 0.090509 -0.000000 0.071509 0.997128 0.024937 14.685700 -0.092082 -0.018295 0.995583 -1.734700 0.000000 0.000000 0.000000 1.000000
0.992296 -0.082754 0.092201 0.000000 0.078692 0.995797 0.046860 14.685700 -0.095692 -0.039244 0.994637 -1.734700 0.000000 0.000000 0.000000 1.000000
0.991174 -0.093627 0.093854 0.000000 0.087450 0.993852 0.067901 14.685700 -0.099635 -0.059094 0.993268 -1.734700 0.000000 0.000000 0.000000 1.000000
0.990167 -0.104270 0.093255 -0.000000 0.096406 0.991689 0.085199 14.685700 -0.101364 -0.075371 0.991990 -1.734700 0.000000 0.000000 0.000000 1.000000
0.989552 -0.112892 0.089682 0.000000 0.104188 0.989871 0.096442 14.685700 -0.099661 -0.086090 0.991290 -1.734700 0.000000 0.000000 0.000000 1.000000
0.989368 -0.118804 0.083881 -0.000000 0.110187 0.988785 0.100815 14.685700 -0.094918 -0.090501 0.991363 -1.734700 0.000000 0.000000 0.000000 1.000000
0.989490 -0.122436 0.076938 0.000000 0.114557 0.988410 0.099613 14.685700 -0.088243 -0.089752 0.992047 -1.734700 0.000000 0.000000 0.000000 1.000000
0.989725 -0.124716 0.069931 -0.000000 0.117819 0.988449 0.095331 14.685700 -0.081012 -0.086113 0.992986 -1.734700 0.000000 0.000000 0.000000 1.000000
0.989943 -0.126253 0.063825 -0.000000 0.120225 0.988585 0.090804 14.685700 -0.074560 -0.082217 0.993821 -1.734700 0.000000 0.000000 0.000000 1.000000
0.990053 -0.127993 0.058412 0.000000 0.122666 0.988616 0.087132 14.685700 -0.068900 -0.079101 0.994483 -1.734700 0.000000 0.000000 0.000000 1.000000
0.990091 -0.129934 0.053272 -0.000000 0.125215 0.988568 0.083989 14.685700 -0.063576 -0.076487 0.995042 -1.734700 0.000000 0.000000 0.000000 1.000000
0.990128 -0.131593 0.048274 0.000000 0.127452 0.988558 0.080674 14.685700 -0.058338 -0.073725 0.995571 -1.734700 0.000000 0.000000 0.000000 1.000000
0.990202 -0.132743 0.043361 0.000000 0.129186 0.988665 0.076505 14.685700 -0.053025 -0.070154 0.996126 -1.734700 0.000000 0.000000 0.000000 1.000000
0.990359 -0.132986 0.038784 -0.000000 0.130006 0.988950 0.071249 14.685700 -0.047831 -0.065520 0.996704 -1.734700 0.000000 0.000000 0.000000 1.000000
0.990614 -0.132195 0.034775 0.000000 0.129744 0.989401 0.065203 14.685700 -0.043026 -0.060079 0.997266 -1.734700 0.000000 0.000000 0.000000 1.000000
0.990973 -0.130308 0.031498 0.000000 0.128311 0.989991 0.058769 14.685700 -0.038841 -0.054197 0.997775 -1.734700 0.000000 0.000000 0.000000 1.000000
0.991433 -0.127353 0.029000 0.000000 0.125727 0.990684 0.052319 14.685700 -0.035393 -0.048225 0.998209 -1.734700 0.000000 0.000000 0.000000 1.000000
0.991971 -0.123509 0.027198 0.000000 0.122179 0.991438 0.046066 14.685700 -0.032654 -0.042373 0.998568 -1.734700 0.000000 0.000000 0.000000 1.000000
0.992542 -0.119136 0.025816 -0.000000 0.118054 0.992200 0.040029 14.685700 -0.030384 -0.036682 0.998865 -1.734700 0.000000 0.000000 0.000000 1.000000
0.993119 -0.114474 0.024705 0.000000 0.113608 0.992943 0.034011 14.685700 -0.028424 -0.030970 0.999116 -1.734700 0.000000 0.000000 0.000000 1.000000
0.993690 -0.109600 0.023838 0.000000 0.108932 0.993663 0.027715 14.685700 -0.026724 -0.024944 0.999332 -1.734700 0.000000 0.000000 0.000000 1.000000
0.994266 -0.104367 0.023282 0.000000 0.103887 0.994368 0.020947 14.685700 -0.025337 -0.018409 0.999509 -1.734700 0.000000 0.000000 0.000000 1.000000
0.994882 -0.098351 0.023153 0.000000 0.098057 0.995089 0.013481 14.685700 -0.024365 -0.011141 0.999641 -1.734700 0.000000 0.000000 0.000000 1.000000
0.995552 -0.091254 0.023424 0.000000 0.091157 0.995823 0.005186 14.685700 -0.023800 -0.003027 0.999712 -1.734700 0.000000 0.000000 0.000000 1.000000
0.996267 -0.082913 0.024015 0.000000 0.083035 0.996538 -0.004096 14.685700 -0.023593 0.006075 0.999703 -1.734700 0.000000 0.000000 0.000000 1.000000
0.996996 -0.073385 0.024784 -0.000000 0.073757 0.997172 -0.014432 14.685700 -0.023655 0.016217 0.999589 -1.734700 0.000000 0.000000 0.000000 1.000000
0.997696 -0.062844 0.025563 0.000000 0.063503 0.997647 -0.025839 14.685700 -0.023879 0.027403 0.999339 -1.734700 0.000000 0.000000 0.000000 1.000000
0.998315 -0.051765 0.026206 0.000000 0.052741 0.997884 -0.038017 14.685700 -0.024182 0.039336 0.998933 -1.734700 0.000000 0.000000 0.000000 1.000000
0.998821 -0.040561 0.026655 0.000000 0.041872 0.997839 -0.050646 14.685700 -0.024543 0.051702 0.998361 -1.734700 0.000000 0.000000 0.000000 1.000000
0.999204 -0.029458 0.026912 -0.000000 0.031116 0.997501 -0.063428 14.685700 -0.024976 0.064215 0.997623 -1.734700 0.000000 0.000000 0.000000 1.000000
0.999455 -0.018968 0.027007 0.000000 0.020975 0.996882 -0.076073 14.685700 -0.025480 0.076598 0.996736 -1.734700 0.000000 0.000000 0.000000 1.000000
0.999587 -0.009574 0.027095 -0.000000 0.011928 0.996042 -0.088075 14.685700 -0.026145 0.088361 0.995745 -1.734700 0.000000 0.000000 0.000000 1.000000
0.999625 -0.001276 0.027360 0.000000 0.003984 0.995065 -0.099147 14.685700 -0.027099 0.099219 0.994697 -1.734700 0.000000 0.000000 0.000000 1.000000
0.999593 0.005910 0.027924 0.000000 -0.002829 0.994029 -0.109081 14.685700 -0.028402 0.108957 0.993641 -1.734700 0.000000 0.000000 0.000000 1.000000
0.999513 0.012060 0.028790 0.000000 -0.008591 0.993011 -0.117708 14.685700 -0.030008 0.117404 0.992631 -1.734700 0.000000 0.000000 0.000000 1.000000
0.999407 0.017190 0.029826 0.000000 -0.013338 0.992087 -0.124844 14.685700 -0.031736 0.124372 0.991728 -1.734700 0.000000 0.000000 0.000000 1.000000
0.999297 0.021355 0.030799 0.000000 -0.017162 0.991299 -0.130508 14.685700 -0.033318 0.129888 0.990969 -1.734700 0.000000 0.000000 0.000000 1.000000
0.999198 0.024659 0.031563 0.000000 -0.020190 0.990665 -0.134817 14.685700 -0.034593 0.134071 0.990368 -1.734700 0.000000 0.000000 0.000000 1.000000
0.999115 0.027159 0.032119 0.000000 -0.022489 0.990211 -0.137756 14.685700 -0.035546 0.136912 0.989945 -1.734700 0.000000 0.000000 0.000000 1.000000
0.999049 0.028980 0.032584 0.000000 -0.024172 0.989952 -0.139325 14.685700 -0.036294 0.138405 0.989710 -1.734700 0.000000 0.000000 0.000000 1.000000
0.998990 0.030231 0.033248 0.000000 -0.025319 0.989921 -0.139336 14.685700 -0.037125 0.138353 0.989687 -1.734700 0.000000 0.000000 0.000000 1.000000
0.998908 0.031218 0.034746 0.000000 -0.026151 0.990119 -0.137770 14.685700 -0.038704 0.136711 0.989855 -1.734700 0.000000 0.000000 0.000000 1.000000
0.998791 0.031997 0.037320 0.000000 -0.026705 0.990546 -0.134559 14.685700 -0.041272 0.133399 0.990203 -1.734700 0.000000 0.000000 0.000000 1.000000
0.998643 0.032454 0.040741 0.000000 -0.026917 0.991178 -0.129776 14.685700 -0.044593 0.128503 0.990706 -1.734700 0.000000 0.000000 0.000000 1.000000
0.998472 0.032452 0.044738 0.000000 -0.026712 0.991996 -0.123411 14.685700 -0.048385 0.122027 0.991347 -1.734700 0.000000 0.000000 0.000000 1.000000
0.998286 0.031906 0.049066 0.000000 -0.026060 0.992968 -0.115480 14.685700 -0.052406 0.114003 0.992097 -1.734700 0.000000 0.000000 0.000000 1.000000
0.998084 0.030844 0.053630 -0.000000 -0.025009 0.994025 -0.106253 14.685700 -0.056587 0.104708 0.992892 -1.734700 0.000000 0.000000 0.000000 1.000000
0.997860 0.029237 0.058483 0.000000 -0.023532 0.995106 -0.095969 14.685700 -0.061003 0.094388 0.993665 -1.734700 0.000000 0.000000 0.000000 1.000000
0.997611 0.026845 0.063659 -0.000000 -0.021398 0.996172 -0.084753 14.685700 -0.065691 0.083189 0.994366 -1.734700 0.000000 0.000000 0.000000 1.000000
0.997322 0.023650 0.069204 0.000000 -0.018552 0.997131 -0.073393 14.685700 -0.070741 0.071912 0.994899 -1.734700 0.000000 0.000000 0.000000 1.000000
0.996990 0.019949 0.074924 0.000000 -0.015238 0.997902 -0.062919 14.685700 -0.076022 0.061588 0.995202 -1.734700 0.000000 0.000000 0.000000 1.000000
0.996625 0.015977 0.080519 0.000000 -0.011651 0.998478 -0.053909 14.685700 -0.081258 0.052789 0.995294 -1.734700 0.000000 0.000000 0.000000 1.000000
0.996243 0.012069 0.085758 0.000000 -0.008082 0.998877 -0.046690 14.685700 -0.086225 0.045821 0.995221 -1.734700 0.000000 0.000000 0.000000 1.000000
0.995857 0.008483 0.090536 0.000000 -0.004747 0.999131 -0.041398 14.685700 -0.090809 0.040797 0.995032 -1.734700 0.000000 0.000000 0.000000 1.000000
0.995480 0.005580 0.094805 0.000000 -0.001968 0.999270 -0.038140 14.685700 -0.094949 0.037781 0.994765 -1.734700 0.000000 0.000000 0.000000 1.000000
0.995113 0.003599 0.098682 -0.000000 0.000008 0.999333 -0.036527 14.685700 -0.098747 0.036349 0.994448 -1.734700 0.000000 0.000000 0.000000 1.000000
0.994754 0.002771 0.102261 -0.000000 0.000951 0.999339 -0.036335 14.685700 -0.102295 0.036242 0.994094 -1.734700 0.000000 0.000000 0.000000 1.000000
0.994397 0.003196 0.105665 0.000000 0.000749 0.999305 -0.037270 14.685700 -0.105711 0.037141 0.993703 -1.734700 0.000000 0.000000 0.000000 1.000000
0.994024 0.004800 0.109057 0.000000 -0.000543 0.999238 -0.039031 14.685700 -0.109162 0.038739 0.993269 -1.734700 0.000000 0.000000 0.000000 1.000000
0.993609 0.007214 0.112642 -0.000000 -0.002579 0.999146 -0.041245 14.685700 -0.112843 0.040691 0.992779 -1.734700 0.000000 0.000000 0.000000 1.000000
0.993137 0.009809 0.116546 -0.000000 -0.004776 0.999047 -0.043379 14.685700 -0.116861 0.042524 0.992238 -1.734700 0.000000 0.000000 0.000000 1.000000
0.992598 0.012247 0.120828 0.000000 -0.006835 0.998959 -0.045105 14.685700 -0.121254 0.043945 0.991648 -1.734700 0.000000 0.000000 0.000000 1.000000
0.991994 0.014502 0.125450 0.000000 -0.008756 0.998892 -0.046235 14.685700 -0.125981 0.044766 0.991022 -1.734700 0.000000 0.000000 0.000000 1.000000</float_array>
        <technique_common>
          <accessor source="#mixamorig_Spine-Matrix-animation-output-transform-array" count="79" stride="16">
            <param type="float4x4"/>
          </accessor>
        </technique_common>
      </source>
      <source id="mixamorig_Spine-Interpolations">
        <Name_array id="mixamorig_Spine-Interpolations-array" count="79">
 LINEAR LINEAR LINEAR LINEAR LINEAR LINEAR LINEAR LINEAR LINEAR LINEAR LINEAR
LINEAR LINEAR LINEAR LINEAR LINEAR LINEAR LINEAR LINEAR LINEAR LINEAR LINEAR LINEAR
LINEAR LINEAR LINEAR LINEAR LINEAR LINEAR LINEAR LINEAR LINEAR LINEAR LINEAR LINEAR
LINEAR LINEAR LINEAR LINEAR LINEAR LINEAR LINEAR LINEAR LINEAR LINEAR LINEAR LINEAR
LINEAR LINEAR LINEAR LINEAR LINEAR LINEAR LINEAR LINEAR LINEAR LINEAR LINEAR LINEAR
LINEAR LINEAR LINEAR LINEAR LINEAR LINEAR LINEAR LINEAR LINEAR LINEAR LINEAR LINEAR
LINEAR LINEAR LINEAR LINEAR LINEAR LINEAR LINEAR LINEAR</Name_array>
        <technique_common>
          <accessor source="#mixamorig_Spine-Interpolations-array" count="79">
            <param type="name"/>
          </accessor>
        </technique_common>
      </source>
      <sampler id="mixamorig_Spine-Matrix-animation-transform">
        <input semantic="INPUT" source="#mixamorig_Spine-Matrix-animation-input"/>
        <input semantic="OUTPUT" source="#mixamorig_Spine-Matrix-animation-output-transform"/>
        <input semantic="INTERPOLATION" source="#mixamorig_Spine-Interpolations"/>
      </sampler>
      <channel source="#mixamorig_Spine-Matrix-animation-transform" target="mixamorig_Spine/matrix"/>
    </animation>
    <animation id="mixamorig_Spine1-anim" name="mixamorig_Spine1">
      <source id="mixamorig_Spine1-Matrix-animation-input">
        <float_array id="mixamorig_Spine1-Matrix-animation-input-array" count="79">

0.000000 0.033333 0.066667 0.100000 0.133333 0.166667 0.200000 0.233333 0.266667 0.300000 0.333333 0.366667 0.400000 0.433333 0.466667 0.500000
0.533333 0.566667 0.600000 0.633333 0.666667 0.700000 0.733333 0.766667 0.800000 0.833333 0.866667 0.900000 0.933333 0.966667 1.000000 1.033333
1.066667 1.100000 1.133333 1.166667 1.200000 1.233333 1.266667 1.300000 1.333333 1.366667 1.400000 1.433333 1.466667 1.500000 1.533333 1.566667
1.600000 1.633333 1.666667 1.700000 1.733333 1.766667 1.800000 1.833333 1.866667 1.900000 1.933333 1.966667 2.000000 2.033333 2.066667 2.100000
2.133333 2.166667 2.200000 2.233333 2.266667 2.300000 2.333333 2.366667 2.400000 2.433333 2.466667 2.500000 2.533333 2.566667 2.600000</float_array>
        <technique_common>
          <accessor source="#mixamorig_Spine1-Matrix-animation-input-array" count="79">
            <param name="TIME" type="float"/>
          </accessor>
        </technique_common>
      </source>
      <source id="mixamorig_Spine1-Matrix-animation-output-transform">
        <float_array id="mixamorig_Spine1-Matrix-animation-output-transform-array" count="1264">

0.999723 0.013841 0.019031 0.000000 -0.013107 0.999186 -0.038160 17.252399 -0.019544 0.037900 0.999090 0.000000 0.000000 0.000000 0.000000 1.000000
0.999685 0.014181 0.020722 -0.000000 -0.013196 0.998811 -0.046929 17.252399 -0.021363 0.046641 0.998683 0.000000 0.000000 0.000000 0.000000 1.000000
0.999640 0.013763 0.023021 -0.000000 -0.012468 0.998380 -0.055518 17.252399 -0.023748 0.055211 0.998192 0.000000 0.000000 0.000000 0.000000 1.000000
0.999586 0.012397 0.025979 0.000000 -0.010713 0.997893 -0.063998 17.252399 -0.026718 0.063693 0.997612 -0.000000 0.000000 0.000000 0.000000 1.000000
0.999510 0.010012 0.029669 -0.000000 -0.007844 0.997352 -0.072297 17.252399 -0.030314 0.072029 0.996942 0.000000 0.000000 0.000000 0.000000 1.000000
0.999391 0.006749 0.034232 0.000000 -0.003972 0.996742 -0.080557 17.252399 -0.034665 0.080372 0.996162 0.000000 0.000000 0.000000 0.000000 1.000000
0.999206 0.002902 0.039725 0.000000 0.000646 0.996029 -0.089028 17.252399 -0.039826 0.088983 0.995237 0.000000 0.000000 0.000000 0.000000 1.000000
0.998945 -0.001554 0.045907 -0.000000 0.006038 0.995198 -0.097694 17.252399 -0.045534 0.097868 0.994157 0.000000 0.000000 0.000000 0.000000 1.000000
0.998603 -0.006946 0.052382 0.000000 0.012486 0.994267 -0.106192 17.252399 -0.051344 0.106698 0.992965 0.000000 0.000000 0.000000 0.000000 1.000000
0.998193 -0.013635 0.058528 -0.000000 0.020241 0.993297 -0.113804 17.252399 -0.056584 0.114783 0.991778 0.000000 0.000000 0.000000 0.000000 1.000000
0.997755 -0.021849 0.063306 0.000000 0.029289 0.992453 -0.119080 17.252399 -0.060227 0.120667 0.990864 0.000000 0.000000 0.000000 0.000000 1.000000
0.997348 -0.030636 0.066011 0.000000 0.038486 0.991890 -0.121136 17.252399 -0.061765 0.123356 0.990439 0.000000 0.000000 0.000000 0.000000 1.000000
0.997038 -0.038675 0.066480 0.000000 0.046444 0.991736 -0.119593 17.252399 -0.061305 0.122326 0.990595 -0.000000 0.000000 0.000000 0.000000 1.000000
0.996852 -0.044809 0.065404 -0.000000 0.052069 0.992129 -0.113879 17.252399 -0.059786 0.116926 0.991340 -0.000000 0.000000 0.000000 0.000000 1.000000
0.996731 -0.048780 0.064403 0.000000 0.055277 0.993114 -0.103288 17.252399 -0.058921 0.106511 0.992564 0.000000 0.000000 0.000000 0.000000 1.000000
0.996503 -0.051929 0.065467 0.000000 0.057548 0.994536 -0.087097 17.252399 -0.060587 0.090560 0.994046 0.000000 0.000000 0.000000 0.000000 1.000000
0.996032 -0.056384 0.068856 -0.000000 0.060972 0.995925 -0.066457 17.252399 -0.064828 0.070391 0.995411 -0.000000 0.000000 0.000000 0.000000 1.000000
0.995292 -0.063232 0.073449 0.000000 0.066525 0.996845 -0.043285 17.252399 -0.070481 0.047968 0.996359 -0.000000 0.000000 0.000000 0.000000 1.000000
0.994393 -0.072027 0.077428 0.000000 0.073838 0.997054 -0.020773 17.252399 -0.075703 0.026374 0.996782 0.000000 0.000000 0.000000 0.000000 1.000000
0.993583 -0.080873 0.079072 -0.000000 0.081394 0.996676 -0.003391 17.252399 -0.078535 0.009806 0.996863 -0.000000 0.000000 0.000000 0.000000 1.000000
0.993079 -0.087849 0.077959 0.000000 0.087609 0.996134 0.006505 17.252399 -0.078229 0.000370 0.996935 -0.000000 0.000000 0.000000 0.000000 1.000000
0.992915 -0.092471 0.074627 0.000000 0.092003 0.995712 0.009689 17.252399 -0.075203 -0.002755 0.997164 -0.000000 0.000000 0.000000 0.000000 1.000000
0.993015 -0.095036 0.069926 0.000000 0.094700 0.995473 0.008116 17.252399 -0.070381 -0.001438 0.997519 0.000000 0.000000 0.000000 0.000000 1.000000
0.993250 -0.096241 0.064741 0.000000 0.096162 0.995356 0.004344 17.252399 -0.064858 0.001911 0.997893 0.000000 0.000000 0.000000 0.000000 1.000000
0.993522 -0.096690 0.059717 -0.000000 0.096826 0.995301 0.000604 17.252399 -0.059494 0.005183 0.998215 -0.000000 0.000000 0.000000 0.000000 1.000000
0.993765 -0.096998 0.054982 0.000000 0.097271 0.995255 -0.002315 17.252399 -0.054497 0.007649 0.998485 -0.000000 0.000000 0.000000 0.000000 1.000000
0.993980 -0.097216 0.050521 0.000000 0.097598 0.995213 -0.005145 17.252399 -0.049779 0.010044 0.998710 -0.000000 0.000000 0.000000 0.000000 1.000000
0.994191 -0.097188 0.046257 0.000000 0.097684 0.995180 -0.008599 17.252399 -0.045198 0.013068 0.998893 0.000000 0.000000 0.000000 0.000000 1.000000
0.994417 -0.096717 0.042205 0.000000 0.097345 0.995164 -0.013105 17.252399 -0.040733 0.017140 0.999023 0.000000 0.000000 0.000000 0.000000 1.000000
0.994669 -0.095669 0.038492 0.000000 0.096436 0.995166 -0.018567 17.252399 -0.036530 0.022180 0.999086 0.000000 0.000000 0.000000 0.000000 1.000000
0.994942 -0.094062 0.035240 0.000000 0.094954 0.995179 -0.024540 17.252399 -0.032762 0.027762 0.999078 0.000000 0.000000 0.000000 0.000000 1.000000
0.995236 -0.091903 0.032556 0.000000 0.092902 0.995204 -0.030627 17.252399 -0.029585 0.033506 0.999001 0.000000 0.000000 0.000000 0.000000 1.000000
0.995546 -0.089219 0.030468 0.000000 0.090311 0.995242 -0.036559 17.252399 -0.027062 0.039148 0.998867 -0.000000 0.000000 0.000000 0.000000 1.000000
0.995868 -0.086077 0.028959 0.000000 0.087256 0.995290 -0.042237 17.252399 -0.025187 0.044589 0.998688 -0.000000 0.000000 0.000000 0.000000 1.000000
0.996186 -0.082707 0.027790 -0.000000 0.083969 0.995321 -0.047803 17.252399 -0.023706 0.049954 0.998470 -0.000000 0.000000 0.000000 0.000000 1.000000
0.996489 -0.079307 0.026814 0.000000 0.080650 0.995313 -0.053367 17.252399 -0.022456 0.055342 0.998215 -0.000000 0.000000 0.000000 0.000000 1.000000
0.996771 -0.075971 0.025994 0.000000 0.077394 0.995254 -0.058991 17.252399 -0.021389 0.060813 0.997920 0.000000 0.000000 0.000000 0.000000 1.000000
0.997043 -0.072520 0.025426 0.000000 0.074036 0.995147 -0.064822 17.252399 -0.020602 0.066513 0.997573 0.000000 0.000000 0.000000 0.000000 1.000000
0.997330 -0.068517 0.025269 0.000000 0.070158 0.994998 -0.071113 17.252399 -0.020271 0.072696 0.997148 0.000000 0.000000 0.000000 0.000000 1.000000
0.997647 -0.063628 0.025541 0.000000 0.065445 0.994797 -0.078070 17.252399 -0.020440 0.079558 0.996621 0.000000 0.000000 0.000000 0.000000 1.000000
0.997992 -0.057685 0.026169 0.000000 0.059735 0.994516 -0.085851 17.252399 -0.021073 0.087241 0.995964 0.000000 0.000000 0.000000 0.000000 1.000000
0.998347 -0.050749 0.026987 0.000000 0.053087 0.994113 -0.094448 17.252399 -0.022035 0.095724 0.995164 0.000000 0.000000 0.000000 0.000000 1.000000
0.998688 -0.043020 0.027786 0.000000 0.045685 0.993557 -0.103720 17.252399 -0.023145 0.104853 0.994218 0.000000 0.000000 0.000000 0.000000 1.000000
0.998986 -0.034941 0.028393 -0.000000 0.037946 0.992836 -0.113296 17.252399 -0.024231 0.114258 0.993156 0.000000 0.000000 0.000000 0.000000 1.000000
0.999225 -0.026900 0.028748 0.000000 0.030240 0.991963 -0.122860 17.252399 -0.025212 0.123634 0.992008 0.000000 0.000000 0.000000 0.000000 1.000000
0.999399 -0.019213 0.028860 -0.000000 0.022867 0.990964 -0.132165 17.252399 -0.026060 0.132745 0.990808 0.000000 0.000000 0.000000 0.000000 1.000000
0.999511 -0.012186 0.028801 0.000000 0.016130 0.989890 -0.140915 17.252399 -0.026793 0.141311 0.989603 -0.000000 0.000000 0.000000 0.000000 1.000000
0.999568 -0.006132 0.028753 0.000000 0.010348 0.988802 -0.148873 17.252399 -0.027519 0.149106 0.988438 0.000000 0.000000 0.000000 0.000000 1.000000
0.999581 -0.000931 0.028934 0.000000 0.005437 0.987735 -0.156043 17.252399 -0.028433 0.156135 0.987326 0.000000 0.000000 0.000000 0.000000 1.000000
0.999559 0.003571 0.029496 0.000000 0.001267 0.986725 -0.162396 17.252399 -0.029685 0.162361 0.986285 0.000000 0.000000 0.000000 0.000000 1.000000
0.999508 0.007533 0.030457 0.000000 -0.002312 0.985793 -0.167947 17.252399 -0.031290 0.167794 0.985325 -0.000000 0.000000 0.000000 0.000000 1.000000
0.999438 0.011014 0.031672 0.000000 -0.005383 0.984970 -0.172642 17.252399 -0.033097 0.172374 0.984475 0.000000 0.000000 0.000000 0.000000 1.000000
0.999362 0.013988 0.032856 -0.000000 -0.007978 0.984288 -0.176391 17.252399 -0.034808 0.176017 0.983772 -0.000000 0.000000 0.000000 0.000000 1.000000
0.999293 0.016432 0.033824 0.000000 -0.010113 0.983772 -0.179139 17.252399 -0.036219 0.178670 0.983242 0.000000 0.000000 0.000000 0.000000 1.000000
0.999234 0.018359 0.034548 -0.000000 -0.011817 0.983444 -0.180828 17.252399 -0.037296 0.180281 0.982908 0.000000 0.000000 0.000000 0.000000 1.000000
0.999185 0.019849 0.035136 -0.000000 -0.013152 0.983308 -0.181473 17.252399 -0.038151 0.180863 0.982768 0.000000 0.000000 0.000000 0.000000 1.000000
0.999140 0.020950 0.035781 0.000000 -0.014140 0.983391 -0.180950 17.252399 -0.038978 0.180289 0.982841 0.000000 0.000000 0.000000 0.000000 1.000000
0.999093 0.021772 0.036602 0.000000 -0.014882 0.983748 -0.178936 17.252399 -0.039903 0.178229 0.983180 0.000000 0.000000 0.000000 0.000000 1.000000
0.999045 0.022314 0.037570 0.000000 -0.015397 0.984403 -0.175252 17.252399 -0.040894 0.174507 0.983806 0.000000 0.000000 0.000000 0.000000 1.000000
