<?xml version="1.0" encoding="utf-8"?>
<COLLADA xmlns="http://www.collada.org/2005/11/COLLADASchema" version="1.4.1">
  <asset>
    <contributor>
      <author>Mixamo</author>
      <authoring_tool>COLLADA Mixamo exporter</authoring_tool>
      <comments/>
    </contributor>
    <created>2025-01-28T08:04:25Z</created>
    <modified>2025-01-28T08:04:25Z</modified>
    <revision/>
    <title/>
    <unit meter="0.010000"/>
    <up_axis>Y_UP</up_axis>
  </asset>
  <library_animations>
    <animation id="mixamorig_Hips-anim" name="mixamorig_Hips">
      <source id="mixamorig_Hips-Matrix-animation-input">
        <float_array id="mixamorig_Hips-Matrix-animation-input-array" count="212">

0.000000 0.033333 0.066667 0.100000 0.133333 0.166667 0.200000 0.233333 0.266667 0.300000 0.333333 0.366667 0.400000 0.433333 0.466667 0.500000
0.533333 0.566667 0.600000 0.633333 0.666667 0.700000 0.733333 0.766667 0.800000 0.833333 0.866667 0.900000 0.933333 0.966667 1.000000 1.033333
1.066667 1.100000 1.133333 1.166667 1.200000 1.233333 1.266667 1.300000 1.333333 1.366667 1.400000 1.433333 1.466667 1.500000 1.533333 1.566667
1.600000 1.633333 1.666667 1.700000 1.733333 1.766667 1.800000 1.833333 1.866667 1.900000 1.933333 1.966667 2.000000 2.033333 2.066667 2.100000
2.133333 2.166667 2.200000 2.233333 2.266667 2.300000 2.333333 2.366667 2.400000 2.433333 2.466667 2.500000 2.533333 2.566667 2.600000 2.633333
2.666667 2.700000 2.733333 2.766667 2.800000 2.833333 2.866667 2.900000 2.933333 2.966667 3.000000 3.033333 3.066667 3.100000 3.133333 3.166667
3.200000 3.233333 3.266667 3.300000 3.333333 3.366667 3.400000 3.433333 3.466667 3.500000 3.533333 3.566667 3.600000 3.633333 3.666667 3.700000
3.733333 3.766667 3.800000 3.833333 3.866667 3.900000 3.933333 3.966667 4.000000 4.033333 4.066667 4.100000 4.133333 4.166667 4.200000 4.233333
4.266667 4.300000 4.333333 4.366667 4.400000 4.433333 4.466667 4.500000 4.533333 4.566667 4.600000 4.633333 4.666667 4.700000 4.733333 4.766667
4.800000 4.833333 4.866667 4.900000 4.933333 4.966667 5.000000 5.033333 5.066667 5.100000 5.133333 5.166667 5.200000 5.233333 5.266667 5.300000
5.333333 5.366667 5.400000 5.433333 5.466667 5.500000 5.533333 5.566667 5.600000 5.633333 5.666667 5.700000 5.733333 5.766667 5.800000 5.833333
5.866667 5.900000 5.933333 5.966667 6.000000 6.033333 6.066667 6.100000 6.133333 6.166667 6.200000 6.233333 6.266667 6.300000 6.333333 6.366667
6.400000 6.433333 6.466667 6.500000 6.533333 6.566667 6.600000 6.633333 6.666667 6.700000 6.733333 6.766667 6.800000 6.833333 6.866667 6.900000
6.933333 6.966667 7.000000 7.033333</float_array>
        <technique_common>
          <accessor source="#mixamorig_Hips-Matrix-animation-input-array" count="212">
            <param name="TIME" type="float"/>
          </accessor>
        </technique_common>
      </source>
      <source id="mixamorig_Hips-Matrix-animation-output-transform">
        <float_array id="mixamorig_Hips-Matrix-animation-output-transform-array" count="3392">

0.998951 0.022302 -0.039993 1.059346 -0.019565 0.997523 0.067565 76.385162 0.041400 -0.066712 0.996913 1.081607 0.000000 0.000000 0.000000 1.000000
0.998906 0.022198 -0.041170 1.063748 -0.019419 0.997583 0.066714 76.389816 0.042552 -0.065841 0.996922 1.065846 0.000000 0.000000 0.000000 1.000000
0.998841 0.021965 -0.042826 1.069056 -0.019104 0.997630 0.066095 76.393204 0.044176 -0.065201 0.996894 1.049004 0.000000 0.000000 0.000000 1.000000
0.998747 0.022154 -0.044885 1.069347 -0.019187 0.997669 0.065486 76.393570 0.046231 -0.064543 0.996843 1.037435 0.000000 0.000000 0.000000 1.000000
0.998638 0.022537 -0.047057 1.070552 -0.019443 0.997683 0.065195 76.390747 0.048417 -0.064192 0.996762 1.030113 0.000000 0.000000 0.000000 1.000000
0.998527 0.022810 -0.049235 1.072968 -0.019581 0.997687 0.065097 76.388695 0.050606 -0.064037 0.996664 1.023655 0.000000 0.000000 0.000000 1.000000
0.998414 0.023292 -0.051260 1.070061 -0.019938 0.997686 0.064998 76.388275 0.052655 -0.063873 0.996568 1.021466 0.000000 0.000000 0.000000 1.000000
0.998319 0.023718 -0.052875 1.067520 -0.020251 0.997669 0.065169 76.386536 0.054298 -0.063988 0.996472 1.022580 0.000000 0.000000 0.000000 1.000000
0.998256 0.023826 -0.054010 1.067632 -0.020264 0.997642 0.065573 76.384041 0.055445 -0.064364 0.996385 1.023577 0.000000 0.000000 0.000000 1.000000
0.998214 0.024018 -0.054699 1.065062 -0.020397 0.997623 0.065815 76.380905 0.056150 -0.064582 0.996331 1.026710 0.000000 0.000000 0.000000 1.000000
0.998207 0.024010 -0.054827 1.064695 -0.020374 0.997615 0.065944 76.377235 0.056280 -0.064708 0.996316 1.027444 0.000000 0.000000 0.000000 1.000000
0.998223 0.023838 -0.054613 1.065969 -0.020210 0.997612 0.066040 76.373726 0.056057 -0.064819 0.996321 1.025664 0.000000 0.000000 0.000000 1.000000
0.998240 0.023984 -0.054246 1.064435 -0.020383 0.997611 0.066002 76.369728 0.055699 -0.064780 0.996344 1.025423 0.000000 0.000000 0.000000 1.000000
0.998289 0.023871 -0.053381 1.067104 -0.020326 0.997612 0.066006 76.366356 0.054829 -0.064808 0.996390 1.017317 0.000000 0.000000 0.000000 1.000000
0.998345 0.023819 -0.052341 1.066583 -0.020340 0.997611 0.066024 76.363564 0.053788 -0.064851 0.996444 1.008568 0.000000 0.000000 0.000000 1.000000
0.998390 0.024002 -0.051400 1.062462 -0.020580 0.997600 0.066105 76.360237 0.052864 -0.064941 0.996488 1.004304 0.000000 0.000000 0.000000 1.000000
0.998453 0.023737 -0.050280 1.064178 -0.020374 0.997587 0.066370 76.357224 0.051734 -0.065243 0.996527 0.993221 0.000000 0.000000 0.000000 1.000000
0.998482 0.023899 -0.049617 1.058224 -0.020570 0.997571 0.066557 76.353775 0.051087 -0.065435 0.996548 0.987834 0.000000 0.000000 0.000000 1.000000
0.998486 0.024298 -0.049356 1.047288 -0.020972 0.997544 0.066824 76.349800 0.050859 -0.065688 0.996543 0.986806 0.000000 0.000000 0.000000 1.000000
0.998503 0.024205 -0.049042 1.041893 -0.020871 0.997509 0.067386 76.346695 0.050551 -0.066261 0.996521 0.978078 0.000000 0.000000 0.000000 1.000000
0.998489 0.024491 -0.049188 1.029714 -0.021124 0.997473 0.067838 76.343552 0.050725 -0.066696 0.996483 0.979744 0.000000 0.000000 0.000000 1.000000
0.998462 0.024846 -0.049566 1.015951 -0.021436 0.997443 0.068180 76.340271 0.051134 -0.067013 0.996441 0.989480 0.000000 0.000000 0.000000 1.000000
0.998451 0.024797 -0.049812 1.006934 -0.021351 0.997417 0.068576 76.338272 0.051383 -0.067406 0.996402 0.996688 0.000000 0.000000 0.000000 1.000000
0.998409 0.025369 -0.050362 0.991722 -0.021877 0.997396 0.068716 76.333557 0.051974 -0.067505 0.996364 1.013170 0.000000 0.000000 0.000000 1.000000
0.998347 0.026346 -0.051071 0.970874 -0.022809 0.997381 0.068639 76.320610 0.052746 -0.067361 0.996333 1.038609 0.000000 0.000000 0.000000 1.000000
0.998294 0.027213 -0.051659 0.943353 -0.023649 0.997379 0.068378 76.303902 0.053384 -0.067039 0.996321 1.071913 0.000000 0.000000 0.000000 1.000000
0.998215 0.028194 -0.052643 0.910212 -0.024579 0.997377 0.068087 76.290909 0.054424 -0.066671 0.996290 1.124949 0.000000 0.000000 0.000000 1.000000
0.998081 0.029325 -0.054536 0.883544 -0.025585 0.997353 0.068059 76.280777 0.056387 -0.066533 0.996190 1.197502 0.000000 0.000000 0.000000 1.000000
0.997916 0.030211 -0.057018 0.864146 -0.026310 0.997341 0.067965 76.268646 0.058919 -0.066323 0.996057 1.278489 0.000000 0.000000 0.000000 1.000000
0.997747 0.030572 -0.059712 0.846682 -0.026488 0.997333 0.068016 76.250465 0.061632 -0.066282 0.995896 1.356575 0.000000 0.000000 0.000000 1.000000
0.997631 0.030676 -0.061569 0.830684 -0.026427 0.997289 0.068679 76.225441 0.063509 -0.066889 0.995737 1.423957 0.000000 0.000000 0.000000 1.000000
0.997649 0.030465 -0.061382 0.814502 -0.026176 0.997238 0.069507 76.201485 0.063330 -0.067737 0.995691 1.457471 0.000000 0.000000 0.000000 1.000000
0.997779 0.029643 -0.059660 0.800282 -0.025413 0.997191 0.070453 76.185036 0.061581 -0.068781 0.995729 1.436293 0.000000 0.000000 0.000000 1.000000
0.997876 0.029225 -0.058214 0.776241 -0.024984 0.997070 0.072296 76.172546 0.060156 -0.070688 0.995683 1.336528 0.000000 0.000000 0.000000 1.000000
0.997888 0.029526 -0.057864 0.730038 -0.025095 0.996802 0.075863 76.156013 0.059919 -0.074251 0.995438 1.125409 0.000000 0.000000 0.000000 1.000000
0.997898 0.030068 -0.057404 0.664861 -0.025414 0.996459 0.080152 76.124878 0.059610 -0.078524 0.995128 0.771849 0.000000 0.000000 0.000000 1.000000
0.997900 0.030912 -0.056920 0.587958 -0.026103 0.996176 0.083373 76.079956 0.059280 -0.081712 0.994891 0.319715 0.000000 0.000000 0.000000 1.000000
0.997807 0.032552 -0.057636 0.502284 -0.027571 0.995982 0.085204 76.029854 0.060178 -0.083428 0.994695 -0.155695 0.000000 0.000000 0.000000 1.000000
0.997463 0.035611 -0.061648 0.403269 -0.030155 0.995728 0.087269 75.982300 0.064492 -0.085189 0.994275 -0.604354 0.000000 0.000000 0.000000 1.000000
0.996909 0.038909 -0.068253 0.302730 -0.032526 0.995203 0.092261 75.947243 0.071515 -0.089756 0.993393 -0.983559 0.000000 0.000000 0.000000 1.000000
0.996447 0.041281 -0.073414 0.231024 -0.033913 0.994517 0.098927 75.932846 0.077096 -0.096086 0.992383 -1.278723 0.000000 0.000000 0.000000 1.000000
0.996428 0.042061 -0.073226 0.193914 -0.034313 0.993982 0.104026 75.947479 0.077161 -0.101142 0.991875 -1.532190 0.000000 0.000000 0.000000 1.000000
0.996979 0.039393 -0.066941 0.189960 -0.032196 0.993910 0.105384 75.994141 0.070685 -0.102910 0.992176 -1.754067 0.000000 0.000000 0.000000 1.000000
0.997729 0.033815 -0.058251 0.206241 -0.027656 0.994248 0.103469 76.060966 0.061415 -0.101623 0.992925 -1.919320 0.000000 0.000000 0.000000 1.000000
0.998238 0.028608 -0.051992 0.218249 -0.023240 0.994610 0.101052 76.124016 0.054603 -0.099665 0.993522 -2.025437 0.000000 0.000000 0.000000 1.000000
0.998343 0.026155 -0.051249 0.219850 -0.020947 0.994803 0.099644 76.154633 0.053589 -0.098405 0.993703 -2.085181 0.000000 0.000000 0.000000 1.000000
0.998116 0.026669 -0.055253 0.225872 -0.021092 0.994847 0.099167 76.145157 0.057613 -0.097814 0.993536 -2.132082 0.000000 0.000000 0.000000 1.000000
0.997793 0.028031 -0.060201 0.245411 -0.021923 0.994764 0.099822 76.098869 0.062683 -0.098282 0.993182 -2.206879 0.000000 0.000000 0.000000 1.000000
0.997636 0.027892 -0.062799 0.279670 -0.021439 0.994636 0.101186 76.015839 0.065285 -0.099601 0.992883 -2.344083 0.000000 0.000000 0.000000 1.000000
0.997659 0.026859 -0.062891 0.316211 -0.020376 0.994622 0.101545 75.895584 0.065280 -0.100026 0.992841 -2.552553 0.000000 0.000000 0.000000 1.000000
0.997694 0.027052 -0.062246 0.331338 -0.020784 0.994848 0.099225 75.747223 0.064610 -0.097702 0.993116 -2.808073 0.000000 0.000000 0.000000 1.000000
0.997603 0.029398 -0.062638 0.313973 -0.023463 0.995347 0.093457 75.600403 0.065094 -0.091763 0.993651 -3.088969 0.000000 0.000000 0.000000 1.000000
0.997302 0.033198 -0.065466 0.278892 -0.027551 0.995970 0.085355 75.484512 0.068036 -0.083321 0.994198 -3.368235 0.000000 0.000000 0.000000 1.000000
0.996838 0.037050 -0.070302 0.243328 -0.031636 0.996559 0.076615 75.409988 0.072898 -0.074149 0.994579 -3.637347 0.000000 0.000000 0.000000 1.000000
0.996220 0.039969 -0.077121 0.199348 -0.034757 0.997094 0.067786 75.378937 0.079606 -0.064850 0.994715 -3.896288 0.000000 0.000000 0.000000 1.000000
0.995444 0.041771 -0.085717 0.144876 -0.036822 0.997606 0.058534 75.387390 0.087956 -0.055111 0.994599 -4.138282 0.000000 0.000000 0.000000 1.000000
0.994448 0.041808 -0.096566 0.095680 -0.037236 0.998120 0.048678 75.428864 0.098419 -0.044812 0.994136 -4.362445 0.000000 0.000000 0.000000 1.000000
0.993489 0.039326 -0.106922 0.067916 -0.035349 0.998620 0.038847 75.494408 0.108302 -0.034815 0.993508 -4.567619 0.000000 0.000000 0.000000 1.000000
0.992886 0.034995 -0.113809 0.053663 -0.031732 0.999035 0.030355 75.566269 0.114762 -0.026528 0.993039 -4.756664 0.000000 0.000000 0.000000 1.000000
0.992676 0.030602 -0.116868 0.039693 -0.028058 0.999333 0.023355 75.633102 0.117505 -0.019905 0.992873 -4.926950 0.000000 0.000000 0.000000 1.000000
0.992983 0.025798 -0.115411 0.021056 -0.023956 0.999563 0.017318 75.683701 0.115807 -0.014432 0.993167 -5.069075 0.000000 0.000000 0.000000 1.000000
0.993851 0.020405 -0.108829 -0.006150 -0.019178 0.999740 0.012307 75.706665 0.109052 -0.010144 0.993984 -5.177858 0.000000 0.000000 0.000000 1.000000
0.994876 0.014757 -0.100015 -0.041132 -0.013908 0.999861 0.009175 75.713203 0.100136 -0.007737 0.994944 -5.254544 0.000000 0.000000 0.000000 1.000000
0.995607 0.010677 -0.093021 -0.091517 -0.009902 0.999912 0.008787 75.710953 0.093107 -0.007827 0.995625 -5.293428 0.000000 0.000000 0.000000 1.000000
0.996081 0.009455 -0.087942 -0.146480 -0.008504 0.999901 0.011190 75.709557 0.088039 -0.010398 0.996063 -5.302656 0.000000 0.000000 0.000000 1.000000
0.996487 0.009960 -0.083148 -0.188297 -0.008679 0.999838 0.015750 75.707497 0.083292 -0.014973 0.996413 -5.282488 0.000000 0.000000 0.000000 1.000000
0.996848 0.011885 -0.078442 -0.215048 -0.010201 0.999710 0.021836 75.701859 0.078679 -0.020967 0.996679 -5.243097 0.000000 0.000000 0.000000 1.000000
0.997143 0.015419 -0.073943 -0.240401 -0.013324 0.999498 0.028745 75.689575 0.074349 -0.027678 0.996848 -5.196561 0.000000 0.000000 0.000000 1.000000
0.997318 0.020135 -0.070364 -0.262772 -0.017625 0.999193 0.036105 75.673820 0.071034 -0.034768 0.996868 -5.146319 0.000000 0.000000 0.000000 1.000000
0.997329 0.025207 -0.068556 -0.277059 -0.022280 0.998821 0.043130 75.660904 0.069562 -0.041487 0.996715 -5.091153 0.000000 0.000000 0.000000 1.000000
0.997228 0.029636 -0.068247 -0.283122 -0.026307 0.998444 0.049167 75.648682 0.069598 -0.047235 0.996456 -5.039920 0.000000 0.000000 0.000000 1.000000
0.997030 0.033374 -0.069405 -0.285045 -0.029607 0.998069 0.054607 75.635590 0.071093 -0.052390 0.996093 -4.997224 0.000000 0.000000 0.000000 1.000000
0.996723 0.036903 -0.071984 -0.293881 -0.032627 0.997683 0.059702 75.617805 0.074021 -0.057157 0.995617 -4.959214 0.000000 0.000000 0.000000 1.000000
0.996362 0.040163 -0.075170 -0.304942 -0.035331 0.997289 0.064545 75.596710 0.077558 -0.061654 0.995080 -4.924042 0.000000 0.000000 0.000000 1.000000
0.996036 0.042469 -0.078157 -0.315503 -0.037095 0.996928 0.068976 75.577736 0.080846 -0.065803 0.994552 -4.898104 0.000000 0.000000 0.000000 1.000000
0.995810 0.043807 -0.080269 -0.326518 -0.037950 0.996603 0.073085 75.565308 0.083198 -0.069732 0.994090 -4.878025 0.000000 0.000000 0.000000 1.000000
0.995664 0.044068 -0.081922 -0.332099 -0.037749 0.996305 0.077145 75.563766 0.085019 -0.073719 0.993649 -4.859445 0.000000 0.000000 0.000000 1.000000
0.995631 0.043391 -0.082684 -0.340196 -0.036667 0.996025 0.081175 75.569107 0.085878 -0.077789 0.993264 -4.840030 0.000000 0.000000 0.000000 1.000000
0.995712 0.041615 -0.082614 -0.345654 -0.034561 0.995778 0.085045 75.579102 0.085804 -0.081825 0.992946 -4.821759 0.000000 0.000000 0.000000 1.000000
0.995830 0.039334 -0.082309 -0.351524 -0.032026 0.995579 0.088299 75.590111 0.085418 -0.085295 0.992687 -4.806408 0.000000 0.000000 0.000000 1.000000
0.995877 0.037454 -0.082622 -0.361802 -0.029899 0.995414 0.090865 75.598198 0.085647 -0.088020 0.992430 -4.787185 0.000000 0.000000 0.000000 1.000000
0.995898 0.036177 -0.082936 -0.369335 -0.028470 0.995325 0.092289 75.602234 0.085887 -0.089549 0.992272 -4.764993 0.000000 0.000000 0.000000 1.000000
0.996108 0.035234 -0.080787 -0.374583 -0.027676 0.995297 0.092834 75.604088 0.083677 -0.090237 0.992399 -4.739014 0.000000 0.000000 0.000000 1.000000
0.996596 0.034341 -0.074951 -0.382797 -0.027244 0.995224 0.093739 75.608597 0.077813 -0.091378 0.992772 -4.709499 0.000000 0.000000 0.000000 1.000000
0.997224 0.033611 -0.066444 -0.393191 -0.027186 0.995074 0.095337 75.617874 0.069321 -0.093266 0.993225 -4.677972 0.000000 0.000000 0.000000 1.000000
0.997840 0.033005 -0.056801 -0.403875 -0.027373 0.994886 0.097221 75.629639 0.059719 -0.095456 0.993641 -4.651071 0.000000 0.000000 0.000000 1.000000
0.998325 0.032549 -0.047833 -0.414089 -0.027692 0.994711 0.098906 75.641823 0.050800 -0.097416 0.993946 -4.630942 0.000000 0.000000 0.000000 1.000000
0.998610 0.032705 -0.041337 -0.425290 -0.028438 0.994591 0.099900 75.649918 0.044381 -0.098585 0.994138 -4.609466 0.000000 0.000000 0.000000 1.000000
0.998732 0.033185 -0.037845 -0.435804 -0.029235 0.994504 0.100536 75.653374 0.040973 -0.099302 0.994213 -4.590123 0.000000 0.000000 0.000000 1.000000
0.998752 0.033367 -0.037170 -0.442937 -0.029460 0.994438 0.101120 75.657402 0.040338 -0.099899 0.994180 -4.575844 0.000000 0.000000 0.000000 1.000000
0.998725 0.032877 -0.038318 -0.447124 -0.028851 0.994443 0.101248 75.664268 0.041434 -0.100014 0.994123 -4.560481 0.000000 0.000000 0.000000 1.000000
0.998700 0.031824 -0.039819 -0.448256 -0.027664 0.994504 0.100978 75.670456 0.042814 -0.099745 0.994091 -4.546897 0.000000 0.000000 0.000000 1.000000
0.998683 0.030792 -0.041030 -0.446643 -0.026537 0.994584 0.100492 75.671631 0.043902 -0.099270 0.994092 -4.539118 0.000000 0.000000 0.000000 1.000000
0.998684 0.029956 -0.041622 -0.443054 -0.025686 0.994696 0.099598 75.671768 0.044384 -0.098398 0.994157 -4.531491 0.000000 0.000000 0.000000 1.000000
0.998735 0.028878 -0.041169 -0.436358 -0.024709 0.994838 0.098418 75.674377 0.043798 -0.097276 0.994293 -4.523043 0.000000 0.000000 0.000000 1.000000
0.998814 0.027523 -0.040168 -0.428382 -0.023509 0.994990 0.097176 75.673027 0.042642 -0.096116 0.994456 -4.514804 0.000000 0.000000 0.000000 1.000000
0.998883 0.026450 -0.039146 -0.423805 -0.022584 0.995116 0.096092 75.669205 0.041496 -0.095101 0.994602 -4.502105 0.000000 0.000000 0.000000 1.000000
0.998934 0.026030 -0.038128 -0.419481 -0.022292 0.995191 0.095385 75.670685 0.040427 -0.094434 0.994710 -4.484673 0.000000 0.000000 0.000000 1.000000
0.998925 0.026476 -0.038059 -0.415208 -0.022770 0.995245 0.094706 75.671753 0.040385 -0.093737 0.994778 -4.462667 0.000000 0.000000 0.000000 1.000000
0.998804 0.027862 -0.040174 -0.421848 -0.024012 0.995346 0.093322 75.663177 0.042587 -0.092246 0.994825 -4.433743 0.000000 0.000000 0.000000 1.000000
0.998584 0.029491 -0.044270 -0.437853 -0.025339 0.995475 0.091581 75.651184 0.046770 -0.090329 0.994813 -4.399926 0.000000 0.000000 0.000000 1.000000
0.998299 0.030685 -0.049579 -0.454651 -0.026113 0.995567 0.090360 75.645752 0.052131 -0.088911 0.994674 -4.360887 0.000000 0.000000 0.000000 1.000000
0.997980 0.031612 -0.055108 -0.476229 -0.026593 0.995627 0.089547 75.645401 0.057697 -0.087901 0.994457 -4.315781 0.000000 0.000000 0.000000 1.000000
0.997696 0.032174 -0.059721 -0.507626 -0.026795 0.995690 0.088787 75.645256 0.062320 -0.086982 0.994259 -4.272905 0.000000 0.000000 0.000000 1.000000
0.997512 0.032172 -0.062721 -0.543186 -0.026582 0.995765 0.088012 75.642342 0.065287 -0.086126 0.994143 -4.235686 0.000000 0.000000 0.000000 1.000000
0.997465 0.031665 -0.063730 -0.576877 -0.026044 0.995853 0.087171 75.640282 0.066226 -0.085291 0.994153 -4.199267 0.000000 0.000000 0.000000 1.000000
0.997540 0.030565 -0.063084 -0.604018 -0.025066 0.995964 0.086184 75.645401 0.065463 -0.084391 0.994280 -4.164198 0.000000 0.000000 0.000000 1.000000
0.997684 0.028996 -0.061532 -0.623413 -0.023687 0.996073 0.085312 75.657845 0.063765 -0.083657 0.994452 -4.132799 0.000000 0.000000 0.000000 1.000000
0.997866 0.027638 -0.059163 -0.634944 -0.022569 0.996152 0.084685 75.673897 0.061276 -0.083169 0.994650 -4.100935 0.000000 0.000000 0.000000 1.000000
0.998077 0.026646 -0.055964 -0.636934 -0.021875 0.996209 0.084198 75.692001 0.057995 -0.082812 0.994876 -4.065285 0.000000 0.000000 0.000000 1.000000
0.998281 0.025777 -0.052627 -0.627149 -0.021295 0.996237 0.084013 75.709152 0.054595 -0.082748 0.995074 -4.027038 0.000000 0.000000 0.000000 1.000000
0.998423 0.025423 -0.050046 -0.604948 -0.021138 0.996212 0.084348 75.720413 0.052001 -0.083157 0.995179 -3.980206 0.000000 0.000000 0.000000 1.000000
0.998487 0.026006 -0.048444 -0.574334 -0.021811 0.996127 0.085182 75.726463 0.050471 -0.083996 0.995187 -3.917530 0.000000 0.000000 0.000000 1.000000
0.998520 0.026606 -0.047433 -0.537287 -0.022423 0.995987 0.086642 75.732864 0.049548 -0.085451 0.995110 -3.841257 0.000000 0.000000 0.000000 1.000000
0.998532 0.026332 -0.047325 -0.492795 -0.022056 0.995813 0.088708 75.740997 0.049463 -0.087534 0.994933 -3.754697 0.000000 0.000000 0.000000 1.000000
0.998485 0.025653 -0.048689 -0.445505 -0.021133 0.995611 0.091168 75.753693 0.050814 -0.090001 0.994645 -3.660097 0.000000 0.000000 0.000000 1.000000
0.998376 0.025211 -0.051091 -0.401345 -0.020327 0.995369 0.093957 75.776741 0.053223 -0.092765 0.994264 -3.554659 0.000000 0.000000 0.000000 1.000000
0.998215 0.025163 -0.054154 -0.359057 -0.019841 0.995119 0.096669 75.809540 0.056323 -0.095422 0.993842 -3.429628 0.000000 0.000000 0.000000 1.000000
0.998046 0.024839 -0.057339 -0.315460 -0.019074 0.994907 0.098980 75.847717 0.059505 -0.097693 0.993436 -3.294708 0.000000 0.000000 0.000000 1.000000
0.997915 0.023728 -0.060016 -0.269663 -0.017588 0.994746 0.100851 75.886627 0.062094 -0.099585 0.993090 -3.167562 0.000000 0.000000 0.000000 1.000000
0.997771 0.022642 -0.062765 -0.230112 -0.016171 0.994678 0.101758 75.914185 0.064735 -0.100517 0.992827 -3.046760 0.000000 0.000000 0.000000 1.000000
0.997565 0.022045 -0.066163 -0.206965 -0.015226 0.994684 0.101843 75.928612 0.068056 -0.100587 0.992598 -2.911160 0.000000 0.000000 0.000000 1.000000
0.997301 0.021338 -0.070258 -0.200162 -0.014100 0.994690 0.101949 75.939613 0.072060 -0.100684 0.992305 -2.746080 0.000000 0.000000 0.000000 1.000000
0.996953 0.021091 -0.075099 -0.211825 -0.013299 0.994615 0.102779 75.947052 0.076863 -0.101467 0.991865 -2.562387 0.000000 0.000000 0.000000 1.000000
0.996533 0.021861 -0.080277 -0.243466 -0.013339 0.994362 0.105200 75.943710 0.082124 -0.103765 0.991206 -2.364550 0.000000 0.000000 0.000000 1.000000
0.996174 0.022984 -0.084310 -0.288150 -0.013685 0.993919 0.109259 75.927719 0.086308 -0.107687 0.990431 -2.168077 0.000000 0.000000 0.000000 1.000000
0.996046 0.023381 -0.085711 -0.339321 -0.013457 0.993323 0.114578 75.907959 0.087817 -0.112972 0.989710 -1.990655 0.000000 0.000000 0.000000 1.000000
0.995897 0.023426 -0.087409 -0.397410 -0.012656 0.992475 0.121792 75.891235 0.089605 -0.120186 0.988699 -1.808394 0.000000 0.000000 0.000000 1.000000
0.995511 0.025103 -0.091252 -0.462403 -0.013146 0.991513 0.129345 75.864487 0.093724 -0.127565 0.987392 -1.635643 0.000000 0.000000 0.000000 1.000000
0.994883 0.028214 -0.097013 -0.540817 -0.014879 0.990662 0.135524 75.808731 0.099930 -0.133387 0.986013 -1.482486 0.000000 0.000000 0.000000 1.000000
0.994265 0.031911 -0.102074 -0.626972 -0.017459 0.990073 0.139466 75.717850 0.105511 -0.136884 0.984952 -1.295378 0.000000 0.000000 0.000000 1.000000
0.993905 0.035771 -0.104275 -0.717057 -0.020951 0.989944 0.139898 75.632225 0.108231 -0.136861 0.984660 -1.049903 0.000000 0.000000 0.000000 1.000000
0.993899 0.037926 -0.103567 -0.804270 -0.023409 0.990162 0.137954 75.585693 0.107780 -0.134688 0.985009 -0.743252 0.000000 0.000000 0.000000 1.000000
0.994498 0.037870 -0.097673 -0.847243 -0.024558 0.990670 0.134055 75.570229 0.101838 -0.130919 0.986149 -0.425426 0.000000 0.000000 0.000000 1.000000
0.995473 0.037616 -0.087278 -0.834008 -0.026383 0.991620 0.126465 75.574661 0.091304 -0.123589 0.988124 -0.130232 0.000000 0.000000 0.000000 1.000000
0.996387 0.037533 -0.076192 -0.785274 -0.028569 0.992896 0.115502 75.587875 0.079986 -0.112908 0.990381 0.172332 0.000000 0.000000 0.000000 1.000000
0.997052 0.037308 -0.067045 -0.733976 -0.030141 0.994025 0.104906 75.593468 0.070559 -0.102576 0.992220 0.486591 0.000000 0.000000 0.000000 1.000000
0.997616 0.036753 -0.058402 -0.684724 -0.030785 0.994511 0.099999 75.581543 0.061756 -0.097963 0.993272 0.781407 0.000000 0.000000 0.000000 1.000000
0.998188 0.035925 -0.048268 -0.617182 -0.030918 0.994432 0.100744 75.554054 0.051619 -0.099070 0.993741 1.019420 0.000000 0.000000 0.000000 1.000000
0.998676 0.035127 -0.037577 -0.524557 -0.031126 0.994275 0.102219 75.525681 0.040952 -0.100914 0.994052 1.184957 0.000000 0.000000 0.000000 1.000000
0.998969 0.034681 -0.029283 -0.420941 -0.031576 0.994431 0.100546 75.515076 0.032607 -0.099518 0.994501 1.299139 0.000000 0.000000 0.000000 1.000000
0.999083 0.034500 -0.025360 -0.316792 -0.031874 0.994721 0.097542 75.519379 0.028591 -0.096645 0.994908 1.396584 0.000000 0.000000 0.000000 1.000000
0.999074 0.034662 -0.025499 -0.214805 -0.032093 0.994956 0.095042 75.515846 0.028664 -0.094136 0.995147 1.490842 0.000000 0.000000 0.000000 1.000000
0.999005 0.035039 -0.027586 -0.112721 -0.032340 0.995155 0.092850 75.502846 0.030706 -0.091865 0.995298 1.563645 0.000000 0.000000 0.000000 1.000000
0.998952 0.034822 -0.029703 -0.004614 -0.031990 0.995339 0.090981 75.497543 0.032733 -0.089935 0.995410 1.608628 0.000000 0.000000 0.000000 1.000000
0.998925 0.033430 -0.032116 0.110148 -0.030427 0.995491 0.089843 75.511856 0.034975 -0.088770 0.995438 1.625507 0.000000 0.000000 0.000000 1.000000
0.998889 0.031006 -0.035498 0.218343 -0.027752 0.995666 0.088759 75.562195 0.038096 -0.087675 0.995420 1.632403 0.000000 0.000000 0.000000 1.000000
0.998746 0.028324 -0.041284 0.326010 -0.024614 0.995837 0.087763 75.633064 0.043598 -0.086636 0.995286 1.639967 0.000000 0.000000 0.000000 1.000000
0.998424 0.026281 -0.049585 0.432491 -0.021865 0.995917 0.087583 75.696854 0.051684 -0.086361 0.994922 1.635651 0.000000 0.000000 0.000000 1.000000
0.997971 0.024657 -0.058697 0.531285 -0.019406 0.995895 0.088407 75.741341 0.060636 -0.087089 0.994354 1.623830 0.000000 0.000000 0.000000 1.000000
0.997439 0.023208 -0.067647 0.622324 -0.017123 0.995867 0.089190 75.764847 0.069437 -0.087803 0.993715 1.610661 0.000000 0.000000 0.000000 1.000000
0.996890 0.022633 -0.075484 0.706933 -0.015820 0.995847 0.089653 75.772118 0.077200 -0.088180 0.993108 1.604949 0.000000 0.000000 0.000000 1.000000
0.996372 0.023052 -0.081926 0.775329 -0.015620 0.995799 0.090222 75.782021 0.083662 -0.088615 0.992546 1.604043 0.000000 0.000000 0.000000 1.000000
0.995884 0.023819 -0.087448 0.816629 -0.015833 0.995734 0.090899 75.807159 0.089240 -0.089141 0.992013 1.603217 0.000000 0.000000 0.000000 1.000000
0.995443 0.024322 -0.092200 0.845997 -0.015837 0.995664 0.091664 75.831970 0.094030 -0.089786 0.991512 1.604318 0.000000 0.000000 0.000000 1.000000
0.995056 0.024725 -0.096190 0.866351 -0.015830 0.995619 0.092156 75.860214 0.098047 -0.090178 0.991088 1.606784 0.000000 0.000000 0.000000 1.000000
0.994756 0.025499 -0.099044 0.881094 -0.016326 0.995593 0.092343 75.888474 0.100962 -0.090241 0.990789 1.611829 0.000000 0.000000 0.000000 1.000000
0.994609 0.026445 -0.100268 0.899024 -0.017169 0.995586 0.092274 75.913208 0.102266 -0.090055 0.990672 1.620736 0.000000 0.000000 0.000000 1.000000
0.994569 0.026777 -0.100580 0.928647 -0.017496 0.995601 0.092050 75.937592 0.102602 -0.089790 0.990662 1.631903 0.000000 0.000000 0.000000 1.000000
0.994538 0.027506 -0.100683 0.958956 -0.018271 0.995635 0.091526 75.958458 0.102761 -0.089187 0.990700 1.655968 0.000000 0.000000 0.000000 1.000000
0.994572 0.028418 -0.100096 0.989838 -0.019311 0.995682 0.090800 75.976578 0.102244 -0.088375 0.990826 1.692447 0.000000 0.000000 0.000000 1.000000
0.994740 0.028862 -0.098283 1.025349 -0.020024 0.995763 0.089753 75.993652 0.100457 -0.087312 0.991103 1.717673 0.000000 0.000000 0.000000 1.000000
0.994992 0.029118 -0.095616 1.061537 -0.020624 0.995849 0.088650 76.012756 0.097800 -0.086234 0.991463 1.739332 0.000000 0.000000 0.000000 1.000000
0.995297 0.028965 -0.092438 1.097544 -0.020849 0.995938 0.087594 76.037590 0.094600 -0.085254 0.991858 1.767850 0.000000 0.000000 0.000000 1.000000
0.995615 0.028883 -0.088974 1.132872 -0.021195 0.996055 0.086175 76.068024 0.091112 -0.083911 0.992299 1.796757 0.000000 0.000000 0.000000 1.000000
0.995908 0.028981 -0.085604 1.168586 -0.021699 0.996161 0.084804 76.098267 0.087733 -0.082599 0.992714 1.821248 0.000000 0.000000 0.000000 1.000000
0.996167 0.029020 -0.082516 1.204141 -0.022076 0.996234 0.083849 76.122414 0.084638 -0.081706 0.993056 1.839536 0.000000 0.000000 0.000000 1.000000
0.996365 0.028917 -0.080122 1.238013 -0.022219 0.996279 0.083270 76.144249 0.082232 -0.081187 0.993301 1.848183 0.000000 0.000000 0.000000 1.000000
0.996453 0.028876 -0.079037 1.264942 -0.022290 0.996302 0.082980 76.167664 0.081141 -0.080924 0.993412 1.853530 0.000000 0.000000 0.000000 1.000000
0.996448 0.029107 -0.079024 1.281886 -0.022537 0.996312 0.082792 76.192261 0.081142 -0.080717 0.993429 1.859312 0.000000 0.000000 0.000000 1.000000
0.996395 0.029591 -0.079501 1.286481 -0.023030 0.996349 0.082209 76.214935 0.081644 -0.080082 0.993439 1.861997 0.000000 0.000000 0.000000 1.000000
0.996361 0.030292 -0.079664 1.278855 -0.023855 0.996465 0.080557 76.233253 0.081823 -0.078363 0.993561 1.853937 0.000000 0.000000 0.000000 1.000000
0.996394 0.030495 -0.079182 1.271612 -0.024264 0.996620 0.078486 76.247063 0.081308 -0.076282 0.993766 1.839713 0.000000 0.000000 0.000000 1.000000
0.996480 0.030267 -0.078176 1.265301 -0.024287 0.996785 0.076352 76.255608 0.080236 -0.074184 0.994012 1.820025 0.000000 0.000000 0.000000 1.000000
0.996577 0.030193 -0.076963 1.254748 -0.024483 0.996952 0.074075 76.263626 0.078965 -0.071937 0.994278 1.792317 0.000000 0.000000 0.000000 1.000000
0.996662 0.029915 -0.075963 1.244514 -0.024438 0.997103 0.072036 76.272141 0.077897 -0.069939 0.994505 1.767069 0.000000 0.000000 0.000000 1.000000
0.996761 0.029439 -0.074835 1.233896 -0.024178 0.997236 0.070257 76.278915 0.076697 -0.068221 0.994718 1.739962 0.000000 0.000000 0.000000 1.000000
0.996889 0.028829 -0.073359 1.223889 -0.023794 0.997360 0.068611 76.285690 0.075143 -0.066652 0.994943 1.709027 0.000000 0.000000 0.000000 1.000000
0.997036 0.028129 -0.071617 1.215918 -0.023312 0.997465 0.067228 76.294502 0.073326 -0.065360 0.995164 1.682691 0.000000 0.000000 0.000000 1.000000
0.997187 0.027499 -0.069728 1.210288 -0.022878 0.997542 0.066229 76.303596 0.071378 -0.064447 0.995365 1.662858 0.000000 0.000000 0.000000 1.000000
0.997319 0.027085 -0.067981 1.206534 -0.022624 0.997592 0.065554 76.311920 0.069593 -0.063841 0.995531 1.645519 0.000000 0.000000 0.000000 1.000000
0.997465 0.026892 -0.065878 1.203966 -0.022600 0.997626 0.065051 76.321350 0.067471 -0.063397 0.995705 1.624722 0.000000 0.000000 0.000000 1.000000
0.997651 0.026695 -0.063079 1.201071 -0.022603 0.997648 0.064712 76.330429 0.064658 -0.063134 0.995908 1.599237 0.000000 0.000000 0.000000 1.000000
0.997854 0.026520 -0.059862 1.197176 -0.022642 0.997657 0.064562 76.338737 0.061434 -0.063068 0.996117 1.571004 0.000000 0.000000 0.000000 1.000000
0.998045 0.026408 -0.056645 1.193118 -0.022725 0.997645 0.064710 76.348236 0.058220 -0.063297 0.996295 1.539464 0.000000 0.000000 0.000000 1.000000
0.998213 0.026315 -0.053659 1.189456 -0.022801 0.997620 0.065080 76.357552 0.055243 -0.063740 0.996436 1.504653 0.000000 0.000000 0.000000 1.000000
0.998346 0.026167 -0.051185 1.185022 -0.022794 0.997599 0.065394 76.367279 0.052774 -0.064119 0.996546 1.464863 0.000000 0.000000 0.000000 1.000000
0.998441 0.026136 -0.049320 1.180068 -0.022881 0.997593 0.065459 76.375717 0.050912 -0.064229 0.996636 1.423936 0.000000 0.000000 0.000000 1.000000
0.998528 0.026006 -0.047607 1.177719 -0.022868 0.997603 0.065316 76.382492 0.049192 -0.064131 0.996728 1.385602 0.000000 0.000000 0.000000 1.000000
0.998625 0.025492 -0.045802 1.178390 -0.022472 0.997615 0.065267 76.389648 0.047357 -0.064148 0.996816 1.345241 0.000000 0.000000 0.000000 1.000000
0.998711 0.024888 -0.044243 1.179880 -0.021968 0.997624 0.065303 76.396683 0.045764 -0.064247 0.996884 1.303129 0.000000 0.000000 0.000000 1.000000
0.998766 0.024361 -0.043282 1.179042 -0.021502 0.997631 0.065345 76.401764 0.044771 -0.064334 0.996924 1.262432 0.000000 0.000000 0.000000 1.000000
0.998809 0.023782 -0.042595 1.175632 -0.020970 0.997646 0.065284 76.404915 0.044047 -0.064313 0.996957 1.224253 0.000000 0.000000 0.000000 1.000000
0.998857 0.023019 -0.041899 1.172258 -0.020256 0.997666 0.065212 76.407578 0.043303 -0.064288 0.996991 1.192928 0.000000 0.000000 0.000000 1.000000
0.998898 0.022262 -0.041314 1.167751 -0.019535 0.997676 0.065278 76.409843 0.042671 -0.064399 0.997011 1.169715 0.000000 0.000000 0.000000 1.000000
0.998914 0.021800 -0.041188 1.158514 -0.019075 0.997675 0.065426 76.410118 0.042518 -0.064569 0.997007 1.155519 0.000000 0.000000 0.000000 1.000000
0.998906 0.021441 -0.041556 1.145425 -0.018679 0.997661 0.065759 76.410004 0.042869 -0.064911 0.996970 1.149763 0.000000 0.000000 0.000000 1.000000
0.998880 0.021140 -0.042321 1.131084 -0.018304 0.997630 0.066321 76.409691 0.043623 -0.065472 0.996900 1.150637 0.000000 0.000000 0.000000 1.000000
0.998854 0.020892 -0.043059 1.116550 -0.017977 0.997591 0.066995 76.408829 0.044355 -0.066144 0.996824 1.152569 0.000000 0.000000 0.000000 1.000000
0.998836 0.020797 -0.043532 1.100331 -0.017828 0.997558 0.067524 76.409157 0.044830 -0.066669 0.996768 1.151765 0.000000 0.000000 0.000000 1.000000
0.998815 0.020833 -0.043974 1.081942 -0.017817 0.997533 0.067905 76.410385 0.045280 -0.067041 0.996722 1.150919 0.000000 0.000000 0.000000 1.000000
0.998791 0.020939 -0.044474 1.063531 -0.017876 0.997512 0.068189 76.408302 0.045792 -0.067311 0.996681 1.153538 0.000000 0.000000 0.000000 1.000000
0.998770 0.021219 -0.044811 1.046968 -0.018128 0.997500 0.068295 76.402992 0.046148 -0.067399 0.996658 1.160016 0.000000 0.000000 0.000000 1.000000
0.998771 0.021392 -0.044717 1.033740 -0.018302 0.997491 0.068387 76.399925 0.046067 -0.067485 0.996656 1.166426 0.000000 0.000000 0.000000 1.000000
0.998793 0.021397 -0.044212 1.025752 -0.018336 0.997482 0.068511 76.398430 0.045566 -0.067617 0.996670 1.170734 0.000000 0.000000 0.000000 1.000000
0.998821 0.021348 -0.043603 1.023491 -0.018320 0.997470 0.068684 76.393066 0.044959 -0.067804 0.996685 1.172902 0.000000 0.000000 0.000000 1.000000
0.998847 0.021465 -0.042945 1.023346 -0.018479 0.997462 0.068762 76.386841 0.044312 -0.067890 0.996708 1.171214 0.000000 0.000000 0.000000 1.000000
0.998868 0.021680 -0.042345 1.023897 -0.018734 0.997458 0.068752 76.385094 0.043728 -0.067881 0.996735 1.165528 0.000000 0.000000 0.000000 1.000000
0.998890 0.021695 -0.041812 1.029749 -0.018783 0.997453 0.068807 76.385773 0.043198 -0.067945 0.996753 1.154833 0.000000 0.000000 0.000000 1.000000
0.998918 0.021645 -0.041162 1.040624 -0.018779 0.997455 0.068779 76.386497 0.042546 -0.067932 0.996782 1.136777 0.000000 0.000000 0.000000 1.000000
0.998937 0.021879 -0.040561 1.049940 -0.019070 0.997477 0.068386 76.386642 0.041955 -0.067540 0.996834 1.111606 0.000000 0.000000 0.000000 1.000000
0.998951 0.022302 -0.039993 1.059353 -0.019565 0.997523 0.067565 76.385170 0.041400 -0.066712 0.996913 1.081610 0.000000 0.000000 0.000000 1.000000</float_array>
        <technique_common>
          <accessor source="#mixamorig_Hips-Matrix-animation-output-transform-array" count="212" stride="16">
            <param type="float4x4"/>
          </accessor>
        </technique_common>
      </source>
      <source id="mixamorig_Hips-Interpolations">
        <Name_array id="mixamorig_Hips-Interpolations-array" count="212">
 LINEAR LINEAR LINEAR LINEAR LINEAR LINEAR LINEAR LINEAR LINEAR LINEAR LINEAR
LINEAR LINEAR LINEAR LINEAR LINEAR LINEAR LINEAR LINEAR LINEAR LINEAR LINEAR LINEAR
LINEAR LINEAR LINEAR LINEAR LINEAR LINEAR LINEAR LINEAR LINEAR LINEAR LINEAR LINEAR
LINEAR LINEAR LINEAR LINEAR LINEAR LINEAR LINEAR LINEAR LINEAR LINEAR LINEAR LINEAR
LINEAR LINEAR LINEAR LINEAR LINEAR LINEAR LINEAR LINEAR LINEAR LINEAR LINEAR LINEAR
LINEAR LINEAR LINEAR LINEAR LINEAR LINEAR LINEAR LINEAR LINEAR LINEAR LINEAR LINEAR
LINEAR LINEAR LINEAR LINEAR LINEAR LINEAR LINEAR LINEAR LINEAR LINEAR LINEAR LINEAR
LINEAR LINEAR LINEAR LINEAR LINEAR LINEAR LINEAR LINEAR LINEAR LINEAR LINEAR LINEAR
LINEAR LINEAR LINEAR LINEAR LINEAR LINEAR LINEAR LINEAR LINEAR LINEAR LINEAR LINEAR
LINEAR LINEAR LINEAR LINEAR LINEAR LINEAR LINEAR LINEAR LINEAR LINEAR LINEAR LINEAR
LINEAR LINEAR LINEAR LINEAR LINEAR LINEAR LINEAR LINEAR LINEAR LINEAR LINEAR LINEAR
LINEAR LINEAR LINEAR LINEAR LINEAR LINEAR LINEAR LINEAR LINEAR LINEAR LINEAR LINEAR
LINEAR LINEAR LINEAR LINEAR LINEAR LINEAR LINEAR LINEAR LINEAR LINEAR LINEAR LINEAR
LINEAR LINEAR LINEAR LINEAR LINEAR LINEAR LINEAR LINEAR LINEAR LINEAR LINEAR LINEAR
LINEAR LINEAR LINEAR LINEAR LINEAR LINEAR LINEAR LINEAR LINEAR LINEAR LINEAR LINEAR
LINEAR LINEAR LINEAR LINEAR LINEAR LINEAR LINEAR LINEAR LINEAR LINEAR LINEAR LINEAR
LINEAR LINEAR LINEAR LINEAR LINEAR LINEAR LINEAR LINEAR LINEAR LINEAR LINEAR LINEAR
LINEAR LINEAR LINEAR LINEAR LINEAR LINEAR LINEAR LINEAR LINEAR</Name_array>
        <technique_common>
          <accessor source="#mixamorig_Hips-Interpolations-array" count="212">
            <param type="name"/>
          </accessor>
        </technique_common>
      </source>
      <sampler id="mixamorig_Hips-Matrix-animation-transform">
        <input semantic="INPUT" source="#mixamorig_Hips-Matrix-animation-input"/>
        <input semantic="OUTPUT" source="#mixamorig_Hips-Matrix-animation-output-transform"/>
        <input semantic="INTERPOLATION" source="#mixamorig_Hips-Interpolations"/>
      </sampler>
      <channel source="#mixamorig_Hips-Matrix-animation-transform" target="mixamorig_Hips/matrix"/>
    </animation>
    <animation id="mixamorig_Spine-anim" name="mixamorig_Spine">
      <source id="mixamorig_Spine-Matrix-animation-input">
        <float_array id="mixamorig_Spine-Matrix-animation-input-array" count="212">

0.000000 0.033333 0.066667 0.100000 0.133333 0.166667 0.200000 0.233333 0.266667 0.300000 0.333333 0.366667 0.400000 0.433333 0.466667 0.500000
0.533333 0.566667 0.600000 0.633333 0.666667 0.700000 0.733333 0.766667 0.800000 0.833333 0.866667 0.900000 0.933333 0.966667 1.000000 1.033333
1.066667 1.100000 1.133333 1.166667 1.200000 1.233333 1.266667 1.300000 1.333333 1.366667 1.400000 1.433333 1.466667 1.500000 1.533333 1.566667
1.600000 1.633333 1.666667 1.700000 1.733333 1.766667 1.800000 1.833333 1.866667 1.900000 1.933333 1.966667 2.000000 2.033333 2.066667 2.100000
2.133333 2.166667 2.200000 2.233333 2.266667 2.300000 2.333333 2.366667 2.400000 2.433333 2.466667 2.500000 2.533333 2.566667 2.600000 2.633333
2.666667 2.700000 2.733333 2.766667 2.800000 2.833333 2.866667 2.900000 2.933333 2.966667 3.000000 3.033333 3.066667 3.100000 3.133333 3.166667
3.200000 3.233333 3.266667 3.300000 3.333333 3.366667 3.400000 3.433333 3.466667 3.500000 3.533333 3.566667 3.600000 3.633333 3.666667 3.700000
3.733333 3.766667 3.800000 3.833333 3.866667 3.900000 3.933333 3.966667 4.000000 4.033333 4.066667 4.100000 4.133333 4.166667 4.200000 4.233333
4.266667 4.300000 4.333333 4.366667 4.400000 4.433333 4.466667 4.500000 4.533333 4.566667 4.600000 4.633333 4.666667 4.700000 4.733333 4.766667
4.800000 4.833333 4.866667 4.900000 4.933333 4.966667 5.000000 5.033333 5.066667 5.100000 5.133333 5.166667 5.200000 5.233333 5.266667 5.300000
5.333333 5.366667 5.400000 5.433333 5.466667 5.500000 5.533333 5.566667 5.600000 5.633333 5.666667 5.700000 5.733333 5.766667 5.800000 5.833333
5.866667 5.900000 5.933333 5.966667 6.000000 6.033333 6.066667 6.100000 6.133333 6.166667 6.200000 6.233333 6.266667 6.300000 6.333333 6.366667
6.400000 6.433333 6.466667 6.500000 6.533333 6.566667 6.600000 6.633333 6.666667 6.700000 6.733333 6.766667 6.800000 6.833333 6.866667 6.900000
6.933333 6.966667 7.000000 7.033333</float_array>
        <technique_common>
          <accessor source="#mixamorig_Spine-Matrix-animation-input-array" count="212">
            <param name="TIME" type="float"/>
          </accessor>
        </technique_common>
      </source>
      <source id="mixamorig_Spine-Matrix-animation-output-transform">
        <float_array id="mixamorig_Spine-Matrix-animation-output-transform-array" count="3392">

0.999974 -0.007008 0.001616 0.000000 0.006755 0.992372 0.123097 14.685700 -0.002466 -0.123083 0.992393 -1.734700 0.000000 0.000000 0.000000 1.000000
0.999975 -0.006924 0.001432 0.000000 0.006695 0.992380 0.123036 14.685700 -0.002273 -0.123024 0.992401 -1.734700 0.000000 0.000000 0.000000 1.000000
