<?xml version="1.0" encoding="utf-8"?>
<COLLADA xmlns="http://www.collada.org/2005/11/COLLADASchema" version="1.4.1">
  <asset>
    <contributor>
      <author>Mixamo</author>
      <authoring_tool>COLLADA Mixamo exporter</authoring_tool>
      <comments/>
    </contributor>
    <created>2025-02-14T05:54:36Z</created>
    <modified>2025-02-14T05:54:36Z</modified>
    <revision/>
    <title/>
    <unit meter="0.010000"/>
    <up_axis>Y_UP</up_axis>
  </asset>
  <library_animations>
    <animation id="mixamorig_Hips-anim" name="mixamorig_Hips">
      <source id="mixamorig_Hips-Matrix-animation-input">
        <float_array id="mixamorig_Hips-Matrix-animation-input-array" count="79">

0.000000 0.033333 0.066667 0.100000 0.133333 0.166667 0.200000 0.233333 0.266667 0.300000 0.333333 0.366667 0.400000 0.433333 0.466667 0.500000
0.533333 0.566667 0.600000 0.633333 0.666667 0.700000 0.733333 0.766667 0.800000 0.833333 0.866667 0.900000 0.933333 0.966667 1.000000 1.033333
1.066667 1.100000 1.133333 1.166667 1.200000 1.233333 1.266667 1.300000 1.333333 1.366667 1.400000 1.433333 1.466667 1.500000 1.533333 1.566667
1.600000 1.633333 1.666667 1.700000 1.733333 1.766667 1.800000 1.833333 1.866667 1.900000 1.933333 1.966667 2.000000 2.033333 2.066667 2.100000
2.133333 2.166667 2.200000 2.233333 2.266667 2.300000 2.333333 2.366667 2.400000 2.433333 2.466667 2.500000 2.533333 2.566667 2.600000</float_array>
        <technique_common>
          <accessor source="#mixamorig_Hips-Matrix-animation-input-array" count="79">
            <param name="TIME" type="float"/>
          </accessor>
        </technique_common>
      </source>
      <source id="mixamorig_Hips-Matrix-animation-output-transform">
        <float_array id="mixamorig_Hips-Matrix-animation-output-transform-array" count="1264">

0.586038 -0.122933 -0.800904 -1.759773 -0.010556 0.987182 -0.159250 63.651859 0.810215 0.101781 0.577228 0.627772 0.000000 0.000000 0.000000 1.000000
0.575815 -0.117976 -0.809023 -1.428835 -0.015023 0.987840 -0.154745 63.536270 0.817442 0.101259 0.567041 0.450492 0.000000 0.000000 0.000000 1.000000
0.567758 -0.113185 -0.815377 -0.938353 -0.017190 0.988656 -0.149208 63.119774 0.823016 0.098730 0.559372 0.144039 0.000000 0.000000 0.000000 1.000000
0.553956 -0.106558 -0.825698 -0.113644 -0.016711 0.990152 -0.138992 62.278568 0.832378 0.090794 0.546720 -0.254301 0.000000 0.000000 0.000000 1.000000
0.559354 -0.095047 -0.823462 0.398777 0.003271 0.993650 -0.112469 61.213207 0.828923 0.060216 0.556113 -0.325397 0.000000 0.000000 0.000000 1.000000
0.616227 -0.046592 -0.786189 0.550649 0.044238 0.998720 -0.024513 60.483658 0.786325 -0.019674 0.617499 0.018499 0.000000 0.000000 0.000000 1.000000
0.751704 0.054953 -0.657207 0.878123 0.057067 0.987365 0.147831 60.262672 0.657027 -0.148630 0.739070 0.876902 0.000000 0.000000 0.000000 1.000000
0.861881 0.084832 -0.499965 0.744539 0.060148 0.961848 0.266891 60.091614 0.503531 -0.260100 0.823896 2.072183 0.000000 0.000000 0.000000 1.000000
0.917352 0.075228 -0.390904 0.377294 0.070769 0.935519 0.346116 60.206779 0.391736 -0.345174 0.852876 3.378010 0.000000 0.000000 0.000000 1.000000
0.956080 0.053694 -0.288146 0.116699 0.073718 0.907427 0.413693 60.708527 0.283685 -0.416765 0.863614 4.292743 0.000000 0.000000 0.000000 1.000000
0.990548 0.026875 -0.134509 -0.087057 0.036492 0.893645 0.447288 61.281593 0.132224 -0.447969 0.884218 4.638685 0.000000 0.000000 0.000000 1.000000
0.999615 -0.013498 0.024234 -0.349445 0.000666 0.885055 0.465487 61.438225 -0.027732 -0.465292 0.884723 3.938611 0.000000 0.000000 0.000000 1.000000
0.982284 -0.081653 0.168673 -0.795561 -0.009647 0.876856 0.480656 61.173706 -0.187149 -0.473768 0.860534 2.473716 0.000000 0.000000 0.000000 1.000000
0.945181 -0.116926 0.304897 -1.284014 -0.050556 0.870041 0.490380 60.893547 -0.322611 -0.478912 0.816435 0.655353 0.000000 0.000000 0.000000 1.000000
0.895171 -0.138273 0.423732 -1.835634 -0.098992 0.865246 0.491477 60.456375 -0.434591 -0.481902 0.760855 -1.505382 0.000000 0.000000 0.000000 1.000000
0.839998 -0.150627 0.521263 -2.468115 -0.146395 0.862151 0.485041 59.634995 -0.522468 -0.483743 0.702154 -3.946464 0.000000 0.000000 0.000000 1.000000
0.781404 -0.160063 0.603148 -3.150787 -0.190282 0.859397 0.474584 58.276138 -0.594307 -0.485610 0.641079 -6.602688 0.000000 0.000000 0.000000 1.000000
0.712581 -0.159373 0.683248 -3.745133 -0.242708 0.857731 0.453200 56.421051 -0.658271 -0.488772 0.572522 -9.456291 0.000000 0.000000 0.000000 1.000000
0.655305 -0.152360 0.739839 -4.397631 -0.286269 0.856291 0.429902 53.294147 -0.699018 -0.493510 0.517515 -12.969943 0.000000 0.000000 0.000000 1.000000
0.624656 -0.138223 0.768569 -5.105442 -0.317887 0.853961 0.411944 50.032852 -0.713269 -0.501642 0.489493 -16.939350 0.000000 0.000000 0.000000 1.000000
0.613606 -0.120144 0.780419 -6.137598 -0.343950 0.848994 0.401132 46.661972 -0.710764 -0.514562 0.479625 -21.201263 0.000000 0.000000 0.000000 1.000000
0.605398 -0.098466 0.789809 -7.511960 -0.374787 0.840151 0.392021 43.098801 -0.702159 -0.533339 0.471722 -25.880684 0.000000 0.000000 0.000000 1.000000
0.600181 -0.071934 0.796623 -9.129161 -0.412350 0.825577 0.385215 39.111237 -0.685383 -0.559686 0.465833 -30.741808 0.000000 0.000000 0.000000 1.000000
0.608763 -0.032917 0.792669 -10.437552 -0.457009 0.802162 0.384290 34.650887 -0.648498 -0.596199 0.473283 -34.457470 0.000000 0.000000 0.000000 1.000000
0.630222 -0.015896 0.776252 -12.089985 -0.515503 0.739051 0.433660 30.647280 -0.580583 -0.673462 0.457572 -39.015480 0.000000 0.000000 0.000000 1.000000
0.654418 -0.014420 0.755996 -13.817522 -0.596311 0.604911 0.527727 26.122509 -0.464920 -0.796162 0.387266 -44.353481 0.000000 0.000000 0.000000 1.000000
0.681276 -0.016376 0.731844 -15.171633 -0.655751 0.430689 0.620079 20.780350 -0.325351 -0.902352 0.282679 -49.219711 0.000000 0.000000 0.000000 1.000000
0.708310 -0.025317 0.705448 -15.703412 -0.675813 0.264342 0.688041 18.263916 -0.203898 -0.964097 0.170127 -53.067833 0.000000 0.000000 0.000000 1.000000
0.737817 -0.046913 0.673368 -16.620943 -0.661210 0.150391 0.734972 17.792650 -0.135748 -0.987513 0.079941 -56.431862 0.000000 0.000000 0.000000 1.000000
0.768273 -0.074112 0.635817 -17.085068 -0.633114 0.058595 0.771837 18.619049 -0.094458 -0.995527 -0.001904 -59.226791 0.000000 0.000000 0.000000 1.000000
0.797891 -0.104463 0.593681 -17.286213 -0.598501 -0.019856 0.800876 20.116898 -0.071874 -0.994331 -0.078364 -61.644226 0.000000 0.000000 0.000000 1.000000
0.827042 -0.132622 0.546272 -17.315643 -0.558853 -0.089036 0.824473 22.006720 -0.060705 -0.987160 -0.147753 -64.270340 0.000000 0.000000 0.000000 1.000000
0.854764 -0.157604 0.494509 -17.236111 -0.515635 -0.149280 0.843704 24.065224 -0.059151 -0.976154 -0.208865 -66.897507 0.000000 0.000000 0.000000 1.000000
0.881120 -0.175930 0.438949 -17.252401 -0.468741 -0.202207 0.859880 26.240219 -0.062521 -0.963411 -0.260634 -69.398666 0.000000 0.000000 0.000000 1.000000
0.905626 -0.184028 0.382068 -17.111444 -0.418968 -0.248815 0.873245 28.126751 -0.065637 -0.950907 -0.302435 -71.428223 0.000000 0.000000 0.000000 1.000000
0.922385 -0.200403 0.330218 -17.274738 -0.377055 -0.281505 0.882374 29.453125 -0.083873 -0.938399 -0.335219 -73.717735 0.000000 0.000000 0.000000 1.000000
0.934585 -0.222925 0.277229 -17.616409 -0.336829 -0.303811 0.891204 30.546925 -0.114446 -0.926285 -0.359025 -75.897659 0.000000 0.000000 0.000000 1.000000
0.943647 -0.245751 0.221667 -17.981243 -0.294687 -0.319081 0.900748 31.446377 -0.150630 -0.915311 -0.373519 -77.588280 0.000000 0.000000 0.000000 1.000000
0.950563 -0.263663 0.164049 -17.914343 -0.248537 -0.329248 0.910947 32.199638 -0.186170 -0.906685 -0.378501 -78.703026 0.000000 0.000000 0.000000 1.000000
0.952248 -0.284759 0.110166 -18.026588 -0.205896 -0.332458 0.920369 32.457161 -0.225458 -0.899102 -0.375213 -79.615509 0.000000 0.000000 0.000000 1.000000
0.950804 -0.303964 0.059812 -18.247057 -0.164093 -0.330392 0.929470 32.296574 -0.262764 -0.893559 -0.364016 -80.232712 0.000000 0.000000 0.000000 1.000000
0.946935 -0.321082 0.014827 -18.489161 -0.124289 -0.323232 0.938122 31.728722 -0.296422 -0.890184 -0.345987 -80.545876 0.000000 0.000000 0.000000 1.000000
0.943225 -0.331711 -0.017176 -18.480482 -0.088046 -0.299551 0.950009 30.501030 -0.320274 -0.894560 -0.311750 -80.436913 0.000000 0.000000 0.000000 1.000000
0.940473 -0.338442 -0.031109 -18.216227 -0.061326 -0.259016 0.963924 28.973101 -0.334290 -0.904637 -0.264353 -80.038376 0.000000 0.000000 0.000000 1.000000
0.939669 -0.340702 -0.030738 -17.702406 -0.043066 -0.206959 0.977401 27.350266 -0.339364 -0.917110 -0.209146 -79.278526 0.000000 0.000000 0.000000 1.000000
0.940975 -0.337467 -0.026107 -17.286062 -0.024961 -0.146107 0.988954 25.634129 -0.337554 -0.929929 -0.145906 -78.359978 0.000000 0.000000 0.000000 1.000000
0.943984 -0.329394 -0.019825 -16.947899 -0.007695 -0.082035 0.996600 24.014309 -0.329900 -0.940622 -0.079975 -77.060867 0.000000 0.000000 0.000000 1.000000
0.947049 -0.320777 -0.014147 -16.561571 0.007867 -0.020866 0.999751 22.241093 -0.320992 -0.946925 -0.017237 -75.964569 0.000000 0.000000 0.000000 1.000000
0.950310 -0.311139 -0.010205 -16.130796 0.020902 0.031065 0.999299 20.598516 -0.310604 -0.949856 0.036025 -74.913551 0.000000 0.000000 0.000000 1.000000
0.953646 -0.300811 -0.008518 -16.053804 0.028150 0.060992 0.997741 18.640774 -0.299612 -0.951732 0.066633 -74.314819 0.000000 0.000000 0.000000 1.000000
0.957096 -0.289642 -0.008588 -16.407608 0.031881 0.075799 0.996613 16.778614 -0.288010 -0.954129 0.081781 -73.895775 0.000000 0.000000 0.000000 1.000000
0.959890 -0.280256 -0.008187 -16.825138 0.031470 0.078679 0.996403 15.123633 -0.278604 -0.956695 0.084343 -73.740089 0.000000 0.000000 0.000000 1.000000
0.962094 -0.272610 -0.007632 -17.516279 0.028894 0.074063 0.996835 13.995039 -0.271182 -0.959270 0.079133 -73.845268 0.000000 0.000000 0.000000 1.000000
0.963874 -0.266316 -0.004715 -17.849428 0.024183 0.069870 0.997263 13.365829 -0.265258 -0.961350 0.073786 -73.652588 0.000000 0.000000 0.000000 1.000000
0.964725 -0.263257 -0.000911 -17.815481 0.019025 0.066266 0.997621 13.258628 -0.262571 -0.962447 0.068937 -73.112198 0.000000 0.000000 0.000000 1.000000
0.960842 -0.277062 0.004317 -17.939543 0.013847 0.063569 0.997881 13.316587 -0.276750 -0.958747 0.064917 -72.329361 0.000000 0.000000 0.000000 1.000000
0.954587 -0.297487 0.016254 -17.911570 0.002243 0.061733 0.998090 13.349854 -0.297923 -0.952728 0.059596 -71.741127 0.000000 0.000000 0.000000 1.000000
0.948133 -0.315695 0.037141 -17.789742 -0.019161 0.059869 0.998022 13.358328 -0.317295 -0.946970 0.050715 -71.605255 0.000000 0.000000 0.000000 1.000000
0.944503 -0.323654 0.056229 -17.569399 -0.039390 0.058351 0.997519 13.334809 -0.326132 -0.944374 0.042364 -71.702614 0.000000 0.000000 0.000000 1.000000
0.943772 -0.323439 0.068420 -17.406603 -0.052652 0.057262 0.996970 13.320123 -0.326377 -0.944515 0.037012 -71.902870 0.000000 0.000000 0.000000 1.000000
0.943189 -0.322538 0.079766 -17.324261 -0.064963 0.056420 0.996291 13.301811 -0.325843 -0.944873 0.032261 -72.060982 0.000000 0.000000 0.000000 1.000000
0.943015 -0.321242 0.086749 -17.297598 -0.072551 0.055933 0.995795 13.265538 -0.324744 -0.945344 0.029440 -72.185410 0.000000 0.000000 0.000000 1.000000
0.942866 -0.319577 0.094207 -17.259264 -0.080465 0.055967 0.995185 13.218501 -0.323311 -0.945906 0.027055 -72.301033 0.000000 0.000000 0.000000 1.000000
0.942548 -0.317851 0.102828 -17.226242 -0.089447 0.056452 0.994391 13.177653 -0.321873 -0.946459 0.024778 -72.393707 0.000000 0.000000 0.000000 1.000000
0.942225 -0.316200 0.110585 -17.215347 -0.097389 0.057289 0.993596 13.144965 -0.320510 -0.946961 0.023185 -72.474525 0.000000 0.000000 0.000000 1.000000
0.942251 -0.314721 0.114510 -17.230350 -0.101024 0.058891 0.993139 13.109013 -0.319306 -0.947355 0.023696 -72.530869 0.000000 0.000000 0.000000 1.000000
0.942642 -0.313465 0.114741 -17.271345 -0.100502 0.061270 0.993049 13.081385 -0.318316 -0.947621 0.026252 -72.577492 0.000000 0.000000 0.000000 1.000000
0.943468 -0.312666 0.110040 -17.331249 -0.094684 0.063927 0.993453 13.064352 -0.317653 -0.947710 0.030709 -72.601547 0.000000 0.000000 0.000000 1.000000
0.943846 -0.313096 0.105479 -17.385038 -0.089001 0.066505 0.993809 13.061719 -0.318172 -0.947390 0.034904 -72.518089 0.000000 0.000000 0.000000 1.000000
0.943938 -0.314026 0.101821 -17.434267 -0.084363 0.068731 0.994062 13.065550 -0.319160 -0.946923 0.038386 -72.396713 0.000000 0.000000 0.000000 1.000000
0.943834 -0.315187 0.099172 -17.489405 -0.080985 0.070320 0.994232 13.073905 -0.320343 -0.946421 0.040845 -72.282150 0.000000 0.000000 0.000000 1.000000
0.943719 -0.316420 0.096296 -17.549957 -0.077660 0.071017 0.994447 13.085013 -0.321501 -0.945957 0.042447 -72.186050 0.000000 0.000000 0.000000 1.000000
0.943580 -0.317596 0.093758 -17.607092 -0.075097 0.070527 0.994679 13.094125 -0.322518 -0.945600 0.042697 -72.106628 0.000000 0.000000 0.000000 1.000000
0.943276 -0.318921 0.092300 -17.645868 -0.074019 0.069000 0.994867 13.098351 -0.323653 -0.945266 0.041480 -72.057137 0.000000 0.000000 0.000000 1.000000
0.942618 -0.320224 0.094482 -17.642908 -0.077013 0.066817 0.994789 13.096098 -0.324868 -0.944983 0.038321 -72.022537 0.000000 0.000000 0.000000 1.000000
0.941863 -0.321166 0.098726 -17.587191 -0.082288 0.064397 0.994526 13.096746 -0.325765 -0.944831 0.034225 -72.027489 0.000000 0.000000 0.000000 1.000000
0.940883 -0.321978 0.105211 -17.484730 -0.089888 0.062138 0.994012 13.097748 -0.326587 -0.944706 0.029523 -72.047356 0.000000 0.000000 0.000000 1.000000
0.939952 -0.322465 0.111835 -17.376963 -0.097455 0.060452 0.993402 13.099530 -0.327098 -0.944649 0.025396 -72.095543 0.000000 0.000000 0.000000 1.000000
0.939171 -0.322659 0.117684 -17.321320 -0.103872 0.059759 0.992794 13.099047 -0.327366 -0.944627 0.022608 -72.126640 0.000000 0.000000 0.000000 1.000000</float_array>
        <technique_common>
          <accessor source="#mixamorig_Hips-Matrix-animation-output-transform-array" count="79" stride="16">
            <param type="float4x4"/>
          </accessor>
        </technique_common>
      </source>
      <source id="mixamorig_Hips-Interpolations">
        <Name_array id="mixamorig_Hips-Interpolations-array" count="79">
 LINEAR LINEAR LINEAR LINEAR LINEAR LINEAR LINEAR LINEAR LINEAR LINEAR LINEAR
LINEAR LINEAR LINEAR LINEAR LINEAR LINEAR LINEAR LINEAR LINEAR LINEAR LINEAR LINEAR
LINEAR LINEAR LINEAR LINEAR LINEAR LINEAR LINEAR LINEAR LINEAR LINEAR LINEAR LINEAR
LINEAR LINEAR LINEAR LINEAR LINEAR LINEAR LINEAR LINEAR LINEAR LINEAR LINEAR LINEAR
LINEAR LINEAR LINEAR LINEAR LINEAR LINEAR LINEAR LINEAR LINEAR LINEAR LINEAR LINEAR
LINEAR LINEAR LINEAR LINEAR LINEAR LINEAR LINEAR LINEAR LINEAR LINEAR LINEAR LINEAR
LINEAR LINEAR LINEAR LINEAR LINEAR LINEAR LINEAR LINEAR</Name_array>
        <technique_common>
          <accessor source="#mixamorig_Hips-Interpolations-array" count="79">
            <param type="name"/>
          </accessor>
        </technique_common>
      </source>
      <sampler id="mixamorig_Hips-Matrix-animation-transform">
        <input semantic="INPUT" source="#mixamorig_Hips-Matrix-animation-input"/>
        <input semantic="OUTPUT" source="#mixamorig_Hips-Matrix-animation-output-transform"/>
        <input semantic="INTERPOLATION" source="#mixamorig_Hips-Interpolations"/>
      </sampler>
      <channel source="#mixamorig_Hips-Matrix-animation-transform" target="mixamorig_Hips/matrix"/>
    </animation>
    <animation id="mixamorig_Spine-anim" name="mixamorig_Spine">
      <source id="mixamorig_Spine-Matrix-animation-input">
        <float_array id="mixamorig_Spine-Matrix-animation-input-array" count="79">

0.000000 0.033333 0.066667 0.100000 0.133333 0.166667 0.200000 0.233333 0.266667 0.300000 0.333333 0.366667 0.400000 0.433333 0.466667 0.500000
0.533333 0.566667 0.600000 0.633333 0.666667 0.700000 0.733333 0.766667 0.800000 0.833333 0.866667 0.900000 0.933333 0.966667 1.000000 1.033333
1.066667 1.100000 1.133333 1.166667 1.200000 1.233333 1.266667 1.300000 1.333333 1.366667 1.400000 1.433333 1.466667 1.500000 1.533333 1.566667
1.600000 1.633333 1.666667 1.700000 1.733333 1.766667 1.800000 1.833333 1.866667 1.900000 1.933333 1.966667 2.000000 2.033333 2.066667 2.100000
2.133333 2.166667 2.200000 2.233333 2.266667 2.300000 2.333333 2.366667 2.400000 2.433333 2.466667 2.500000 2.533333 2.566667 2.600000</float_array>
        <technique_common>
          <accessor source="#mixamorig_Spine-Matrix-animation-input-array" count="79">
            <param name="TIME" type="float"/>
          </accessor>
        </technique_common>
      </source>
      <source id="mixamorig_Spine-Matrix-animation-output-transform">
        <float_array id="mixamorig_Spine-Matrix-animation-output-transform-array" count="1264">

0.996648 0.050198 0.064605 -0.000000 -0.049530 0.998702 -0.011909 14.685700 -0.065119 0.008669 0.997840 -1.734700 0.000000 0.000000 0.000000 1.000000
0.997055 0.047804 0.059969 0.000000 -0.047309 0.998834 -0.009637 14.685700 -0.060360 0.006772 0.998154 -1.734700 0.000000 0.000000 0.000000 1.000000
0.998024 0.040875 0.047729 0.000000 -0.040750 0.999163 -0.003578 14.685700 -0.047835 0.001626 0.998854 -1.734700 0.000000 0.000000 0.000000 1.000000
0.999076 0.030085 0.030697 0.000000 -0.030254 0.999530 0.005039 14.685700 -0.030531 -0.005963 0.999516 -1.734700 0.000000 0.000000 0.000000 1.000000
0.999802 0.016275 0.011442 0.000000 -0.016445 0.999752 0.014991 14.685700 -0.011195 -0.015176 0.999822 -1.734700 0.000000 0.000000 0.000000 1.000000
0.999969 0.001264 -0.007810 0.000000 -0.001067 0.999682 0.025191 14.685700 0.007839 -0.025182 0.999652 -1.734700 0.000000 0.000000 0.000000 1.000000
0.999617 -0.013333 -0.024241 0.000000 0.014174 0.999292 0.034848 14.685700 0.023759 -0.035178 0.999099 -1.734700 0.000000 0.000000 0.000000 1.000000
0.999004 -0.032046 -0.031059 -0.000000 0.033538 0.998248 0.048745 14.685700 0.029443 -0.049738 0.998328 -1.734700 0.000000 0.000000 0.000000 1.000000
0.998583 -0.045239 -0.028037 0.000000 0.047100 0.996456 0.069694 14.685700 0.024784 -0.070916 0.997174 -1.734700 0.000000 0.000000 0.000000 1.000000
0.998093 -0.056972 -0.023769 -0.000000 0.058926 0.994033 0.091795 14.685700 0.018397 -0.093020 0.995494 -1.734700 0.000000 0.000000 0.000000 1.000000
0.997890 -0.062371 -0.018043 0.000000 0.064027 0.991423 0.113932 14.685700 0.010782 -0.114847 0.993325 -1.734700 0.000000 0.000000 0.000000 1.000000
0.998653 -0.051005 -0.009533 0.000000 0.051822 0.989658 0.133761 14.685700 0.002612 -0.134075 0.990968 -1.734700 0.000000 0.000000 0.000000 1.000000
0.999638 -0.026891 -0.000686 0.000000 0.026673 0.987576 0.154863 14.685700 -0.003487 -0.154826 0.987936 -1.734700 0.000000 0.000000 0.000000 1.000000
0.999960 -0.003774 0.008092 0.000000 0.002365 0.985866 0.167521 14.685700 -0.008610 -0.167495 0.985835 -1.734700 0.000000 0.000000 0.000000 1.000000
0.999743 0.017185 0.014804 -0.000000 -0.019484 0.984793 0.172637 14.685700 -0.011612 -0.172881 0.984874 -1.734700 0.000000 0.000000 0.000000 1.000000
0.999348 0.031886 0.016908 0.000000 -0.034337 0.984277 0.173263 14.685700 -0.011117 -0.173731 0.984730 -1.734700 0.000000 0.000000 0.000000 1.000000
0.999134 0.038587 0.015578 0.000000 -0.040656 0.984998 0.167707 14.685700 -0.008873 -0.168195 0.985714 -1.734700 0.000000 0.000000 0.000000 1.000000
0.999153 0.038664 0.014117 -0.000000 -0.040419 0.986445 0.159038 14.685700 -0.007777 -0.159474 0.987172 -1.734700 0.000000 0.000000 0.000000 1.000000
0.999364 0.033730 0.011592 0.000000 -0.035110 0.987542 0.153386 14.685700 -0.006274 -0.153696 0.988098 -1.734700 0.000000 0.000000 0.000000 1.000000
0.999745 0.021207 0.007818 0.000000 -0.022115 0.989261 0.144477 14.685700 -0.004670 -0.144613 0.989477 -1.734700 0.000000 0.000000 0.000000 1.000000
0.999995 0.000882 0.002940 0.000000 -0.001260 0.991340 0.131312 14.685700 -0.002799 -0.131315 0.991337 -1.734700 0.000000 0.000000 0.000000 1.000000
0.999748 -0.022417 -0.001031 0.000000 0.022386 0.993075 0.115328 14.685700 -0.001561 -0.115322 0.993327 -1.734700 0.000000 0.000000 0.000000 1.000000
0.998873 -0.047465 -0.000644 0.000000 0.047283 0.993666 0.101938 14.685700 -0.004198 -0.101854 0.994791 -1.734700 0.000000 0.000000 0.000000 1.000000
0.996827 -0.079179 0.008161 0.000000 0.078140 0.992944 0.089202 14.685700 -0.015167 -0.088282 0.995980 -1.734700 0.000000 0.000000 0.000000 1.000000
0.994819 -0.100572 0.014849 0.000000 0.099274 0.992503 0.071286 14.685700 -0.021907 -0.069442 0.997345 -1.734700 0.000000 0.000000 0.000000 1.000000
0.993344 -0.114911 0.007993 0.000000 0.114386 0.992222 0.049104 14.685700 -0.013573 -0.047863 0.998762 -1.734700 0.000000 0.000000 0.000000 1.000000
0.992281 -0.123998 -0.001490 0.000000 0.123996 0.991956 0.025456 14.685700 -0.001679 -0.025444 0.999675 -1.734700 0.000000 0.000000 0.000000 1.000000
0.992819 -0.119293 -0.008919 0.000000 0.119219 0.992832 -0.008464 14.685700 0.009865 0.007340 0.999924 -1.734700 0.000000 0.000000 0.000000 1.000000
0.994608 -0.102867 -0.013198 -0.000000 0.102960 0.994664 0.006566 14.685700 0.012452 -0.007889 0.999891 -1.734700 0.000000 0.000000 0.000000 1.000000
0.996010 -0.087901 -0.015422 0.000000 0.088404 0.995443 0.035738 14.685700 0.012211 -0.036959 0.999242 -1.734700 0.000000 0.000000 0.000000 1.000000
0.997178 -0.073264 -0.016372 0.000000 0.074005 0.995978 0.050508 14.685700 0.012606 -0.051577 0.998589 -1.734700 0.000000 0.000000 0.000000 1.000000
0.997970 -0.063148 -0.008219 0.000000 0.063479 0.996748 0.049644 14.685700 0.005058 -0.050065 0.998733 -1.734700 0.000000 0.000000 0.000000 1.000000
0.998414 -0.055856 0.007017 -0.000000 0.055578 0.997842 0.034959 14.685700 -0.008955 -0.034513 0.999364 -1.734700 0.000000 0.000000 0.000000 1.000000
0.997996 -0.058881 0.023165 0.000000 0.058404 0.998078 0.020734 14.685700 -0.024341 -0.019339 0.999517 -1.734700 0.000000 0.000000 0.000000 1.000000
0.996279 -0.079730 0.032735 0.000000 0.079342 0.996763 0.012996 14.685700 -0.033665 -0.010350 0.999380 -1.734700 0.000000 0.000000 0.000000 1.000000
0.996856 -0.076704 0.019874 0.000000 0.076638 0.997051 0.004105 14.685700 -0.020131 -0.002569 0.999794 -1.734700 0.000000 0.000000 0.000000 1.000000
0.998117 -0.061333 0.000045 0.000000 0.061332 0.998105 0.004961 14.685700 -0.000349 -0.004949 0.999988 -1.734700 0.000000 0.000000 0.000000 1.000000
0.998944 -0.044913 -0.009643 0.000000 0.044978 0.998966 0.006595 14.685700 0.009337 -0.007021 0.999932 -1.734700 0.000000 0.000000 0.000000 1.000000
0.999336 -0.033779 -0.013668 0.000000 0.033876 0.999402 0.006938 14.685700 0.013426 -0.007396 0.999883 -1.734700 0.000000 0.000000 0.000000 1.000000
0.999614 -0.020002 -0.019286 -0.000000 0.020232 0.999726 0.011787 14.685700 0.019044 -0.012173 0.999745 -1.734700 0.000000 0.000000 0.000000 1.000000
0.999663 -0.013630 -0.022094 0.000000 0.014037 0.999733 0.018334 14.685700 0.021838 -0.018638 0.999588 -1.734700 0.000000 0.000000 0.000000 1.000000
0.999696 -0.007959 -0.023327 0.000000 0.008553 0.999639 0.025487 14.685700 0.023115 -0.025678 0.999403 -1.734700 0.000000 0.000000 0.000000 1.000000
0.999724 -0.004451 -0.023050 0.000000 0.005234 0.999409 0.033987 14.685700 0.022885 -0.034098 0.999156 -1.734700 0.000000 0.000000 0.000000 1.000000
0.999759 -0.001081 -0.021936 0.000000 0.001970 0.999177 0.040513 14.685700 0.021874 -0.040546 0.998938 -1.734700 0.000000 0.000000 0.000000 1.000000
0.999781 0.001330 -0.020907 0.000000 -0.000203 0.998553 0.053783 14.685700 0.020949 -0.053767 0.998334 -1.734700 0.000000 0.000000 0.000000 1.000000
0.999793 0.006178 -0.019376 -0.000000 -0.004807 0.997536 0.069991 14.685700 0.019760 -0.069884 0.997359 -1.734700 0.000000 0.000000 0.000000 1.000000
0.999874 0.008841 -0.013161 0.000000 -0.007664 0.996185 0.086926 14.685700 0.013879 -0.086814 0.996128 -1.734700 0.000000 0.000000 0.000000 1.000000
0.999951 0.008646 -0.004901 0.000000 -0.008098 0.994701 0.102487 14.685700 0.005761 -0.102443 0.994722 -1.734700 0.000000 0.000000 0.000000 1.000000
0.999984 0.004896 0.002686 0.000000 -0.005173 0.993333 0.115168 14.685700 -0.002104 -0.115180 0.993342 -1.734700 0.000000 0.000000 0.000000 1.000000
0.999962 -0.001840 0.008537 0.000000 0.000751 0.992045 0.125878 14.685700 -0.008700 -0.125867 0.992009 -1.734700 0.000000 0.000000 0.000000 1.000000
0.999851 -0.011618 0.012769 0.000000 0.009820 0.991088 0.132846 14.685700 -0.014199 -0.132701 0.991054 -1.734700 0.000000 0.000000 0.000000 1.000000
0.999641 -0.022553 0.014439 0.000000 0.020378 0.990466 0.136242 14.685700 -0.017373 -0.135899 0.990570 -1.734700 0.000000 0.000000 0.000000 1.000000
0.999359 -0.032657 0.014685 -0.000000 0.030320 0.989953 0.138106 14.685700 -0.019047 -0.137572 0.990309 -1.734700 0.000000 0.000000 0.000000 1.000000
0.999183 -0.038406 0.012578 -0.000000 0.036292 0.989647 0.138862 14.685700 -0.017780 -0.138292 0.990232 -1.734700 0.000000 0.000000 0.000000 1.000000
0.999203 -0.038315 0.011223 -0.000000 0.036388 0.989637 0.138903 14.685700 -0.016429 -0.138384 0.990242 -1.734700 0.000000 0.000000 0.000000 1.000000
0.999516 -0.028799 0.011738 0.000000 0.026907 0.990069 0.137986 14.685700 -0.015596 -0.137604 0.990365 -1.734700 0.000000 0.000000 0.000000 1.000000
0.999814 -0.015746 0.011162 0.000000 0.014078 0.990563 0.136337 14.685700 -0.013203 -0.136154 0.990600 -1.734700 0.000000 0.000000 0.000000 1.000000
0.999958 -0.005391 0.007419 0.000000 0.004347 0.990942 0.134223 14.685700 -0.008076 -0.134186 0.990923 -1.734700 0.000000 0.000000 0.000000 1.000000
0.999988 -0.003922 0.002950 -0.000000 0.003498 0.991257 0.131901 14.685700 -0.003441 -0.131889 0.991258 -1.734700 0.000000 0.000000 0.000000 1.000000
0.999988 -0.004666 -0.001380 0.000000 0.004806 0.991577 0.129428 14.685700 0.000765 -0.129433 0.991588 -1.734700 0.000000 0.000000 0.000000 1.000000
0.999968 -0.005576 -0.005732 -0.000000 0.006259 0.991890 0.126945 14.685700 0.004977 -0.126976 0.991893 -1.734700 0.000000 0.000000 0.000000 1.000000
0.999934 -0.006503 -0.009496 0.000000 0.007627 0.992305 0.123581 14.685700 0.008620 -0.123645 0.992289 -1.734700 0.000000 0.000000 0.000000 1.000000
0.999894 -0.007541 -0.012454 0.000000 0.008977 0.992787 0.119556 14.685700 0.011463 -0.119655 0.992749 -1.734700 0.000000 0.000000 0.000000 1.000000
0.999875 -0.008511 -0.013350 0.000000 0.010011 0.993119 0.116678 14.685700 0.012266 -0.116797 0.993080 -1.734700 0.000000 0.000000 0.000000 1.000000
0.999861 -0.009391 -0.013809 0.000000 0.010934 0.993160 0.116252 14.685700 0.012623 -0.116387 0.993124 -1.734700 0.000000 0.000000 0.000000 1.000000
0.999851 -0.010228 -0.013889 -0.000000 0.011777 0.993127 0.116450 14.685700 0.012603 -0.116596 0.993099 -1.734700 0.000000 0.000000 0.000000 1.000000
0.999847 -0.011048 -0.013554 0.000000 0.012557 0.993074 0.116813 14.685700 0.012170 -0.116966 0.993061 -1.734700 0.000000 0.000000 0.000000 1.000000
0.999861 -0.011551 -0.012059 0.000000 0.012886 0.993012 0.117304 14.685700 0.010620 -0.117443 0.993023 -1.734700 0.000000 0.000000 0.000000 1.000000
0.999882 -0.011022 -0.010677 -0.000000 0.012204 0.992955 0.117864 14.685700 0.009303 -0.117981 0.992972 -1.734700 0.000000 0.000000 0.000000 1.000000
0.999902 -0.010339 -0.009431 0.000000 0.011383 0.992897 0.118435 14.685700 0.008139 -0.118530 0.992917 -1.734700 0.000000 0.000000 0.000000 1.000000
0.999922 -0.009587 -0.007992 0.000000 0.010470 0.992843 0.118970 14.685700 0.006794 -0.119045 0.992866 -1.734700 0.000000 0.000000 0.000000 1.000000
0.999932 -0.009258 -0.007057 -0.000000 0.010034 0.992794 0.119413 14.685700 0.005901 -0.119476 0.992820 -1.734700 0.000000 0.000000 0.000000 1.000000
0.999939 -0.008921 -0.006446 -0.000000 0.009629 0.992746 0.119842 14.685700 0.005330 -0.119897 0.992772 -1.734700 0.000000 0.000000 0.000000 1.000000
0.999943 -0.008806 -0.006020 0.000000 0.009464 0.992754 0.119789 14.685700 0.004921 -0.119839 0.992781 -1.734700 0.000000 0.000000 0.000000 1.000000
0.999947 -0.008014 -0.006472 0.000000 0.008729 0.992822 0.119281 14.685700 0.005470 -0.119331 0.992839 -1.734700 0.000000 0.000000 0.000000 1.000000
0.999945 -0.007344 -0.007511 0.000000 0.008185 0.992877 0.118863 14.685700 0.006585 -0.118918 0.992882 -1.734700 0.000000 0.000000 0.000000 1.000000
0.999937 -0.006985 -0.008785 0.000000 0.007976 0.992930 0.118435 14.685700 0.007896 -0.118497 0.992923 -1.734700 0.000000 0.000000 0.000000 1.000000
0.999925 -0.006724 -0.010243 0.000000 0.007887 0.992970 0.118101 14.685700 0.009377 -0.118173 0.992949 -1.734700 0.000000 0.000000 0.000000 1.000000
0.999909 -0.007144 -0.011415 0.000000 0.008441 0.992978 0.117994 14.685700 0.010492 -0.118080 0.992949 -1.734700 0.000000 0.000000 0.000000 1.000000</float_array>
        <technique_common>
          <accessor source="#mixamorig_Spine-Matrix-animation-output-transform-array" count="79" stride="16">
            <param type="float4x4"/>
          </accessor>
        </technique_common>
      </source>
      <source id="mixamorig_Spine-Interpolations">
        <Name_array id="mixamorig_Spine-Interpolations-array" count="79">
 LINEAR LINEAR LINEAR LINEAR LINEAR LINEAR LINEAR LINEAR LINEAR LINEAR LINEAR
LINEAR LINEAR LINEAR LINEAR LINEAR LINEAR LINEAR LINEAR LINEAR LINEAR LINEAR LINEAR
LINEAR LINEAR LINEAR LINEAR LINEAR LINEAR LINEAR LINEAR LINEAR LINEAR LINEAR LINEAR
LINEAR LINEAR LINEAR LINEAR LINEAR LINEAR LINEAR LINEAR LINEAR LINEAR LINEAR LINEAR
LINEAR LINEAR LINEAR LINEAR LINEAR LINEAR LINEAR LINEAR LINEAR LINEAR LINEAR LINEAR
LINEAR LINEAR LINEAR LINEAR LINEAR LINEAR LINEAR LINEAR LINEAR LINEAR LINEAR LINEAR
LINEAR LINEAR LINEAR LINEAR LINEAR LINEAR LINEAR LINEAR</Name_array>
        <technique_common>
          <accessor source="#mixamorig_Spine-Interpolations-array" count="79">
            <param type="name"/>
          </accessor>
        </technique_common>
      </source>
      <sampler id="mixamorig_Spine-Matrix-animation-transform">
        <input semantic="INPUT" source="#mixamorig_Spine-Matrix-animation-input"/>
        <input semantic="OUTPUT" source="#mixamorig_Spine-Matrix-animation-output-transform"/>
        <input semantic="INTERPOLATION" source="#mixamorig_Spine-Interpolations"/>
      </sampler>
      <channel source="#mixamorig_Spine-Matrix-animation-transform" target="mixamorig_Spine/matrix"/>
    </animation>
    <animation id="mixamorig_Spine1-anim" name="mixamorig_Spine1">
      <source id="mixamorig_Spine1-Matrix-animation-input">
        <float_array id="mixamorig_Spine1-Matrix-animation-input-array" count="79">

0.000000 0.033333 0.066667 0.100000 0.133333 0.166667 0.200000 0.233333 0.266667 0.300000 0.333333 0.366667 0.400000 0.433333 0.466667 0.500000
0.533333 0.566667 0.600000 0.633333 0.666667 0.700000 0.733333 0.766667 0.800000 0.833333 0.866667 0.900000 0.933333 0.966667 1.000000 1.033333
1.066667 1.100000 1.133333 1.166667 1.200000 1.233333 1.266667 1.300000 1.333333 1.366667 1.400000 1.433333 1.466667 1.500000 1.533333 1.566667
1.600000 1.633333 1.666667 1.700000 1.733333 1.766667 1.800000 1.833333 1.866667 1.900000 1.933333 1.966667 2.000000 2.033333 2.066667 2.100000
2.133333 2.166667 2.200000 2.233333 2.266667 2.300000 2.333333 2.366667 2.400000 2.433333 2.466667 2.500000 2.533333 2.566667 2.600000</float_array>
        <technique_common>
          <accessor source="#mixamorig_Spine1-Matrix-animation-input-array" count="79">
            <param name="TIME" type="float"/>
          </accessor>
        </technique_common>
      </source>
      <source id="mixamorig_Spine1-Matrix-animation-output-transform">
        <float_array id="mixamorig_Spine1-Matrix-animation-output-transform-array" count="1264">

0.998870 -0.043185 0.019864 0.000000 0.043604 0.998825 -0.021172 17.252399 -0.018927 0.022014 0.999578 -0.000000 0.000000 0.000000 0.000000 1.000000
0.999065 -0.039431 0.017720 -0.000000 0.039982 0.998689 -0.031949 17.252399 -0.016437 0.032628 0.999332 0.000000 0.000000 0.000000 0.000000 1.000000
0.999454 -0.030852 0.011786 -0.000000 0.031494 0.997773 -0.058797 17.252399 -0.009946 0.059136 0.998200 0.000000 0.000000 0.000000 0.000000 1.000000
0.999765 -0.021477 0.002816 0.000000 0.021647 0.995387 -0.093466 17.252399 -0.000795 0.093505 0.995618 0.000000 0.000000 0.000000 0.000000 1.000000
0.999847 -0.015337 -0.008431 0.000000 0.014134 0.991694 -0.127838 17.252399 0.010321 0.127699 0.991759 -0.000000 0.000000 0.000000 0.000000 1.000000
0.999640 -0.016460 -0.021190 0.000000 0.013001 0.987969 -0.154107 17.252399 0.023471 0.153776 0.987827 0.000000 0.000000 0.000000 0.000000 1.000000
0.998981 -0.028874 -0.034691 -0.000000 0.022775 0.986055 -0.164853 17.252399 0.038968 0.163895 0.985708 -0.000000 0.000000 0.000000 0.000000 1.000000
0.996665 -0.067559 -0.045765 0.000000 0.060682 0.988594 -0.137837 17.252399 0.054555 0.134600 0.989397 0.000000 0.000000 0.000000 0.000000 1.000000
0.994789 -0.094013 -0.039452 0.000000 0.089850 0.991263 -0.096568 17.252399 0.048186 0.092520 0.994544 -0.000000 0.000000 0.000000 0.000000 1.000000
0.992881 -0.115475 -0.029190 0.000000 0.113837 0.992105 -0.052627 17.252399 0.035037 0.048929 0.998188 0.000000 0.000000 0.000000 0.000000 1.000000
0.992150 -0.124005 -0.016181 0.000000 0.123894 0.992266 -0.007679 17.252399 0.017008 0.005614 0.999840 0.000000 0.000000 0.000000 0.000000 1.000000
0.994814 -0.101701 -0.001423 0.000000 0.101692 0.994263 0.033162 17.252399 -0.001958 -0.033135 0.999449 0.000000 0.000000 0.000000 0.000000 1.000000
0.998408 -0.054662 0.013884 0.000000 0.053456 0.995678 0.075944 17.252399 -0.017975 -0.075081 0.997015 0.000000 0.000000 0.000000 0.000000 1.000000
0.999525 -0.012812 0.028029 -0.000000 0.009906 0.994789 0.101470 17.252399 -0.029183 -0.101144 0.994444 0.000000 0.000000 0.000000 0.000000 1.000000
0.998938 0.023418 0.039677 0.000000 -0.027723 0.993359 0.111668 17.252399 -0.036799 -0.112649 0.992953 0.000000 0.000000 0.000000 0.000000 1.000000
0.997919 0.046635 0.044521 0.000000 -0.051407 0.992279 0.112874 17.252399 -0.038913 -0.114928 0.992611 -0.000000 0.000000 0.000000 0.000000 1.000000
0.997502 0.056277 0.042701 -0.000000 -0.060375 0.992983 0.101683 17.252399 -0.036679 -0.104007 0.993900 -0.000000 0.000000 0.000000 0.000000 1.000000
0.997756 0.053900 0.039729 0.000000 -0.057095 0.994809 0.084235 17.252399 -0.034983 -0.086314 0.995654 -0.000000 0.000000 0.000000 0.000000 1.000000
0.998448 0.042396 0.036115 0.000000 -0.044948 0.996314 0.073065 17.252399 -0.032884 -0.074575 0.996673 -0.000000 0.000000 0.000000 0.000000 1.000000
0.999292 0.020026 0.031849 -0.000000 -0.021764 0.998238 0.055201 17.252399 -0.030687 -0.055855 0.997967 -0.000000 0.000000 0.000000 0.000000 1.000000
0.999590 -0.011648 0.026169 0.000000 0.010899 0.999532 0.028579 17.252399 -0.026490 -0.028282 0.999249 -0.000000 0.000000 0.000000 0.000000 1.000000
0.998876 -0.042413 0.021145 0.000000 0.042504 0.999089 -0.003856 17.252399 -0.020962 0.004750 0.999769 0.000000 0.000000 0.000000 0.000000 1.000000
0.997536 -0.067352 0.019634 -0.000000 0.067944 0.997200 -0.031229 17.252399 -0.017476 0.032486 0.999319 0.000000 0.000000 0.000000 0.000000 1.000000
0.995800 -0.089123 0.020980 0.000000 0.090203 0.994240 -0.057877 17.252399 -0.015700 0.059527 0.998103 -0.000000 0.000000 0.000000 0.000000 1.000000
0.993389 -0.111271 0.028219 0.000000 0.113463 0.989065 -0.094214 17.252399 -0.017427 0.096793 0.995152 0.000000 0.000000 0.000000 0.000000 1.000000
0.991238 -0.131319 0.014253 0.000000 0.132025 0.981561 -0.138227 17.252399 0.004162 0.138897 0.990298 0.000000 0.000000 0.000000 0.000000 1.000000
0.989230 -0.146267 -0.005509 0.000000 0.142346 0.970114 -0.196511 17.252399 0.034087 0.193611 0.980486 0.000000 0.000000 0.000000 0.000000 1.000000
0.988974 -0.146445 -0.022015 0.000000 0.136234 0.957969 -0.252459 17.252399 0.058061 0.246676 0.967357 -0.000000 0.000000 0.000000 0.000000 1.000000
0.989536 -0.139667 -0.036213 -0.000000 0.128265 0.966452 -0.222528 17.252399 0.066078 0.215554 0.974254 0.000000 0.000000 0.000000 0.000000 1.000000
0.990520 -0.129184 -0.046712 0.000000 0.119909 0.979006 -0.164831 17.252399 0.067025 0.157668 0.985215 0.000000 0.000000 0.000000 0.000000 1.000000
0.992126 -0.113913 -0.052053 0.000000 0.106049 0.985192 -0.134720 17.252399 0.066629 0.128139 0.989516 0.000000 0.000000 0.000000 0.000000 1.000000
0.994579 -0.096662 -0.038336 0.000000 0.090610 0.986478 -0.136568 17.252399 0.051018 0.132354 0.989889 0.000000 0.000000 0.000000 0.000000 1.000000
0.996832 -0.078947 -0.009633 0.000000 0.076280 0.983310 -0.165177 17.252399 0.022513 0.163919 0.986217 0.000000 0.000000 0.000000 0.000000 1.000000
0.997160 -0.073175 0.017830 0.000000 0.075244 0.978264 -0.193230 17.252399 -0.003303 0.194023 0.980991 0.000000 0.000000 0.000000 0.000000 1.000000
0.995247 -0.093249 0.028073 0.000000 0.097070 0.973022 -0.209298 17.252399 -0.007799 0.211028 0.977449 0.000000 0.000000 0.000000 0.000000 1.000000
0.995704 -0.092459 0.005059 0.000000 0.091203 0.969796 -0.226225 17.252399 0.016011 0.225714 0.974062 0.000000 0.000000 0.000000 0.000000 1.000000
0.996787 -0.075124 -0.027771 0.000000 0.066840 0.971286 -0.228334 17.252399 0.044127 0.225744 0.973187 -0.000000 0.000000 0.000000 0.000000 1.000000
0.997651 -0.053165 -0.043186 -0.000000 0.042180 0.973628 -0.224210 17.252399 0.053968 0.221862 0.973584 0.000000 0.000000 0.000000 0.000000 1.000000
0.998197 -0.030419 -0.051747 0.000000 0.018349 0.975449 -0.219458 17.252399 0.057152 0.218113 0.974249 -0.000000 0.000000 0.000000 0.000000 1.000000
0.998186 -0.010145 -0.059348 0.000000 -0.002522 0.977789 -0.209577 17.252399 0.060156 0.209347 0.975989 0.000000 0.000000 0.000000 0.000000 1.000000
0.998128 -0.003674 -0.061048 0.000000 -0.008420 0.980433 -0.196671 17.252399 0.060576 0.196817 0.978567 0.000000 0.000000 0.000000 0.000000 1.000000
0.998188 0.000424 -0.060179 0.000000 -0.011429 0.983111 -0.182650 17.252399 0.059085 0.183007 0.981334 0.000000 0.000000 0.000000 0.000000 1.000000
0.998297 0.003132 -0.058244 0.000000 -0.012776 0.986052 -0.165945 17.252399 0.056911 0.166406 0.984414 0.000000 0.000000 0.000000 0.000000 1.000000
0.998425 0.005459 -0.055840 -0.000000 -0.013960 0.988127 -0.153004 17.252399 0.054342 0.153542 0.986647 0.000000 0.000000 0.000000 0.000000 1.000000
0.998516 0.008347 -0.053816 0.000000 -0.015118 0.991832 -0.126653 17.252399 0.052319 0.127279 0.990486 0.000000 0.000000 0.000000 0.000000 1.000000
0.998666 0.013064 -0.049960 0.000000 -0.017742 0.995380 -0.094361 17.252399 0.048496 0.095121 0.994284 0.000000 0.000000 0.000000 0.000000 1.000000
0.999160 0.016454 -0.037531 -0.000000 -0.018711 0.997987 -0.060592 17.252399 0.036458 0.061244 0.997457 0.000000 0.000000 0.000000 0.000000 1.000000
0.999632 0.014962 -0.022645 0.000000 -0.015628 0.999442 -0.029525 17.252399 0.022190 0.029868 0.999308 0.000000 0.000000 0.000000 0.000000 1.000000
0.999914 0.007285 -0.010921 -0.000000 -0.007334 0.999963 -0.004480 17.252399 0.010888 0.004560 0.999930 0.000000 0.000000 0.000000 0.000000 1.000000
0.999988 -0.002577 -0.004160 0.000000 0.002642 0.999872 0.015803 17.252399 0.004119 -0.015814 0.999866 -0.000000 0.000000 0.000000 0.000000 1.000000
0.999910 -0.013386 0.000161 0.000000 0.013374 0.999423 0.031222 17.252399 -0.000579 -0.031217 0.999512 0.000000 0.000000 0.000000 0.000000 1.000000
0.999625 -0.027234 0.002949 -0.000000 0.027103 0.998919 0.037755 17.252399 -0.003974 -0.037661 0.999283 0.000000 0.000000 0.000000 0.000000 1.000000
0.999211 -0.039381 0.005104 0.000000 0.039115 0.998241 0.044554 17.252399 -0.006850 -0.044319 0.998994 0.000000 0.000000 0.000000 0.000000 1.000000
0.999032 -0.043494 0.006620 0.000000 0.043109 0.997813 0.050110 17.252399 -0.008785 -0.049776 0.998722 0.000000 0.000000 0.000000 0.000000 1.000000
0.999311 -0.036363 0.007454 0.000000 0.035942 0.998080 0.050446 17.252399 -0.009274 -0.050143 0.998699 0.000000 0.000000 0.000000 0.000000 1.000000
0.999789 -0.019081 0.007584 0.000000 0.018713 0.998766 0.045999 17.252399 -0.008452 -0.045847 0.998913 0.000000 0.000000 0.000000 0.000000 1.000000
0.999971 -0.003257 0.006859 -0.000000 0.002984 0.999220 0.039385 17.252399 -0.006982 -0.039363 0.999201 -0.000000 0.000000 0.000000 0.000000 1.000000
