<?xml version="1.0" encoding="utf-8"?>
<COLLADA xmlns="http://www.collada.org/2005/11/COLLADASchema" version="1.4.1">
  <asset>
    <contributor>
      <author>Mixamo</author>
      <authoring_tool>COLLADA Mixamo exporter</authoring_tool>
      <comments/>
    </contributor>
    <created>2025-01-11T14:47:28Z</created>
    <modified>2025-01-11T14:47:28Z</modified>
    <revision/>
    <title/>
    <unit meter="0.010000"/>
    <up_axis>Y_UP</up_axis>
  </asset>
  <library_animations>
    <animation id="mixamorig_Hips-anim" name="mixamorig_Hips">
      <source id="mixamorig_Hips-Matrix-animation-input">
        <float_array id="mixamorig_Hips-Matrix-animation-input-array" count="98">

0.000000 0.033333 0.066667 0.100000 0.133333 0.166667 0.200000 0.233333 0.266667 0.300000 0.333333 0.366667 0.400000 0.433333 0.466667 0.500000
0.533333 0.566667 0.600000 0.633333 0.666667 0.700000 0.733333 0.766667 0.800000 0.833333 0.866667 0.900000 0.933333 0.966667 1.000000 1.033333
1.066667 1.100000 1.133333 1.166667 1.200000 1.233333 1.266667 1.300000 1.333333 1.366667 1.400000 1.433333 1.466667 1.500000 1.533333 1.566667
1.600000 1.633333 1.666667 1.700000 1.733333 1.766667 1.800000 1.833333 1.866667 1.900000 1.933333 1.966667 2.000000 2.033333 2.066667 2.100000
2.133333 2.166667 2.200000 2.233333 2.266667 2.300000 2.333333 2.366667 2.400000 2.433333 2.466667 2.500000 2.533333 2.566667 2.600000 2.633333
2.666667 2.700000 2.733333 2.766667 2.800000 2.833333 2.866667 2.900000 2.933333 2.966667 3.000000 3.033333 3.066667 3.100000 3.133333 3.166667
3.200000 3.233333</float_array>
        <technique_common>
          <accessor source="#mixamorig_Hips-Matrix-animation-input-array" count="98">
            <param name="TIME" type="float"/>
          </accessor>
        </technique_common>
      </source>
      <source id="mixamorig_Hips-Matrix-animation-output-transform">
        <float_array id="mixamorig_Hips-Matrix-animation-output-transform-array" count="1568">

0.297200 -0.066165 0.952520 2.568804 -0.023394 0.996792 0.076539 77.355301 -0.954529 -0.045031 0.294698 -1.364751 0.000000 0.000000 0.000000 1.000000
0.265505 -0.077846 0.960962 1.888190 -0.044088 0.994712 0.092761 77.253792 -0.963101 -0.066995 0.260668 0.991603 0.000000 0.000000 0.000000 1.000000
0.228339 -0.084394 0.969917 1.257175 -0.059726 0.993145 0.100476 76.636665 -0.971748 -0.080872 0.221733 3.338301 0.000000 0.000000 0.000000 1.000000
0.186908 -0.079581 0.979149 0.682130 -0.069460 0.993148 0.093978 74.928635 -0.979919 -0.085577 0.180100 5.477408 0.000000 0.000000 0.000000 1.000000
0.160749 -0.067196 0.984705 0.065109 -0.085249 0.993006 0.081679 73.152771 -0.983307 -0.097075 0.153896 6.999076 0.000000 0.000000 0.000000 1.000000
0.154319 -0.050924 0.986708 -0.447134 -0.100975 0.992629 0.067021 71.659676 -0.982848 -0.109976 0.148039 7.950891 0.000000 0.000000 0.000000 1.000000
0.160151 -0.032553 0.986556 -0.694621 -0.106517 0.993050 0.050058 70.905151 -0.981329 -0.113102 0.155571 8.432231 0.000000 0.000000 0.000000 1.000000
0.174829 -0.016683 0.984457 -0.695782 -0.111191 0.993126 0.036577 71.016457 -0.978300 -0.115857 0.171772 8.573894 0.000000 0.000000 0.000000 1.000000
0.200672 -0.004187 0.979650 -0.420295 -0.114573 0.993028 0.027714 72.070526 -0.972936 -0.117803 0.198793 8.262520 0.000000 0.000000 0.000000 1.000000
0.240352 0.002731 0.970682 0.072893 -0.101864 0.994546 0.022425 73.904823 -0.965326 -0.104267 0.239319 7.306928 0.000000 0.000000 0.000000 1.000000
0.290042 0.002673 0.957010 0.615428 -0.080681 0.996504 0.021669 76.049316 -0.953607 -0.083497 0.289243 5.997878 0.000000 0.000000 0.000000 1.000000
0.339498 -0.003420 0.940600 1.028349 -0.057958 0.998017 0.024548 78.073135 -0.938819 -0.062849 0.338627 4.432724 0.000000 0.000000 0.000000 1.000000
0.385974 -0.022645 0.922232 1.227632 -0.040600 0.998313 0.041506 79.324753 -0.921616 -0.053462 0.384404 2.507033 0.000000 0.000000 0.000000 1.000000
0.417031 -0.052106 0.907397 1.315944 -0.032421 0.996867 0.072144 79.442528 -0.908314 -0.059505 0.414035 0.300654 0.000000 0.000000 0.000000 1.000000
0.435104 -0.060919 0.898317 1.479818 -0.031281 0.996083 0.082700 78.577667 -0.899837 -0.064084 0.431495 -1.682625 0.000000 0.000000 0.000000 1.000000
0.452049 -0.056382 0.890209 1.619330 -0.025655 0.996766 0.076158 76.944305 -0.891624 -0.057265 0.449140 -3.349771 0.000000 0.000000 0.000000 1.000000
0.465544 -0.052188 0.883485 1.564493 -0.008864 0.997935 0.063619 75.013535 -0.884980 -0.037449 0.464120 -4.598348 0.000000 0.000000 0.000000 1.000000
0.469857 -0.047472 0.881465 1.430997 0.012752 0.998814 0.046994 73.143265 -0.882650 -0.010840 0.469905 -5.415219 0.000000 0.000000 0.000000 1.000000
0.465253 -0.039280 0.884306 1.378480 0.028642 0.999160 0.029313 71.950073 -0.884714 0.011690 0.465988 -5.867315 0.000000 0.000000 0.000000 1.000000
0.457774 -0.032107 0.888489 1.470378 0.039198 0.999105 0.015909 71.583176 -0.888204 0.027544 0.458622 -5.883016 0.000000 0.000000 0.000000 1.000000
0.443455 -0.028262 0.895851 1.832478 0.043339 0.999010 0.010063 72.049065 -0.895248 0.034363 0.444241 -5.478672 0.000000 0.000000 0.000000 1.000000
0.429595 -0.016185 0.902876 2.368324 0.026737 0.999629 0.005198 73.600662 -0.902626 0.021907 0.429869 -4.445338 0.000000 0.000000 0.000000 1.000000
0.416896 -0.003979 0.908945 2.726417 -0.001973 0.999984 0.005283 75.536224 -0.908952 -0.003996 0.416882 -2.949179 0.000000 0.000000 0.000000 1.000000
0.401605 0.000834 0.915813 2.925043 -0.023771 0.999672 0.009514 77.195274 -0.915505 -0.025591 0.401493 -1.082726 0.000000 0.000000 0.000000 1.000000
0.384248 -0.006938 0.923204 2.875336 -0.036120 0.999093 0.022542 78.502792 -0.922523 -0.042008 0.383649 1.095685 0.000000 0.000000 0.000000 1.000000
0.362246 -0.030866 0.931571 2.494680 -0.048227 0.997492 0.051803 79.032692 -0.930834 -0.063692 0.359849 3.235156 0.000000 0.000000 0.000000 1.000000
0.340029 -0.053407 0.938897 1.987609 -0.054995 0.995548 0.076546 78.606659 -0.938806 -0.077662 0.335578 5.293841 0.000000 0.000000 0.000000 1.000000
0.319354 -0.061633 0.945629 1.569357 -0.053582 0.995112 0.082953 77.440102 -0.946120 -0.077160 0.314490 7.224467 0.000000 0.000000 0.000000 1.000000
0.299558 -0.060733 0.952143 1.170796 -0.056638 0.995080 0.081291 75.794411 -0.952395 -0.078279 0.294645 8.675949 0.000000 0.000000 0.000000 1.000000
0.286421 -0.050684 0.956762 0.800895 -0.065865 0.995196 0.072437 74.094543 -0.955837 -0.083765 0.281706 9.600606 0.000000 0.000000 0.000000 1.000000
0.283216 -0.035365 0.958404 0.584263 -0.071636 0.995748 0.057912 72.791145 -0.956377 -0.085058 0.279478 10.142832 0.000000 0.000000 0.000000 1.000000
0.287303 -0.022860 0.957567 0.552476 -0.072307 0.996345 0.045480 72.240837 -0.955107 -0.082306 0.284600 10.319990 0.000000 0.000000 0.000000 1.000000
0.299344 -0.016247 0.954007 0.717871 -0.074722 0.996385 0.040414 72.381813 -0.951215 -0.083384 0.297048 10.182302 0.000000 0.000000 0.000000 1.000000
0.322803 -0.005465 0.946450 1.129848 -0.071305 0.997001 0.030077 73.370010 -0.943776 -0.077196 0.321445 9.611422 0.000000 0.000000 0.000000 1.000000
0.355753 -0.001740 0.934579 1.571175 -0.053019 0.998350 0.022041 75.154266 -0.933075 -0.057391 0.355073 8.597164 0.000000 0.000000 0.000000 1.000000
0.394853 -0.006133 0.918724 1.940231 -0.027898 0.999437 0.018662 77.211411 -0.918321 -0.033000 0.394459 7.319191 0.000000 0.000000 0.000000 1.000000
0.438353 -0.015266 0.898673 2.165318 -0.008382 0.999743 0.021072 78.907822 -0.898764 -0.016770 0.438113 5.662018 0.000000 0.000000 0.000000 1.000000
0.478899 -0.038057 0.877045 2.202444 0.002904 0.999123 0.041768 79.608902 -0.877865 -0.017455 0.478590 3.485260 0.000000 0.000000 0.000000 1.000000
0.504658 -0.063117 0.861009 2.208856 0.008743 0.997646 0.068008 79.363060 -0.863275 -0.026793 0.504022 1.204721 0.000000 0.000000 0.000000 1.000000
0.523727 -0.068634 0.849117 2.296486 0.010374 0.997189 0.074204 78.265259 -0.851823 -0.030054 0.522967 -0.729782 0.000000 0.000000 0.000000 1.000000
0.539122 -0.065217 0.839699 2.328722 0.014756 0.997576 0.068006 76.455521 -0.842099 -0.024273 0.538777 -2.302812 0.000000 0.000000 0.000000 1.000000
0.546626 -0.064346 0.834901 2.152652 0.025999 0.997867 0.059884 74.539116 -0.836973 -0.011028 0.547133 -3.386476 0.000000 0.000000 0.000000 1.000000
0.544457 -0.061522 0.836530 1.929643 0.038167 0.998091 0.048563 73.038620 -0.837920 0.005487 0.545765 -4.001098 0.000000 0.000000 0.000000 1.000000
0.536286 -0.056558 0.842139 1.799879 0.041253 0.998316 0.040776 72.320496 -0.843027 0.012873 0.537717 -4.227144 0.000000 0.000000 0.000000 1.000000
0.521376 -0.056221 0.851473 1.702751 0.041849 0.998311 0.040291 72.366699 -0.852300 0.014626 0.522848 -4.022029 0.000000 0.000000 0.000000 1.000000
0.498069 -0.046263 0.865902 1.682406 0.037041 0.998799 0.032057 73.371918 -0.866346 0.016108 0.499185 -3.249300 0.000000 0.000000 0.000000 1.000000
0.474263 -0.030918 0.879840 1.752573 0.013924 0.999522 0.027618 75.117767 -0.880273 -0.000847 0.474467 -1.923535 0.000000 0.000000 0.000000 1.000000
0.443785 -0.024695 0.895793 1.705040 -0.008243 0.999465 0.031637 76.828102 -0.896095 -0.021425 0.443344 -0.157569 0.000000 0.000000 0.000000 1.000000
0.405655 -0.028056 0.913596 1.413628 -0.024873 0.998820 0.041717 78.080856 -0.913688 -0.039647 0.404478 1.920907 0.000000 0.000000 0.000000 1.000000
0.360505 -0.056557 0.931041 0.839122 -0.038146 0.996431 0.075300 78.600052 -0.931977 -0.062661 0.357061 4.029524 0.000000 0.000000 0.000000 1.000000
0.315042 -0.090964 0.944709 0.211250 -0.046339 0.992735 0.111041 78.319382 -0.947946 -0.078760 0.308538 6.088169 0.000000 0.000000 0.000000 1.000000
0.274092 -0.097061 0.956793 -0.268313 -0.050860 0.992039 0.115206 77.108200 -0.960358 -0.080239 0.266973 7.950430 0.000000 0.000000 0.000000 1.000000
0.237264 -0.086880 0.967552 -0.727839 -0.060359 0.992750 0.103943 75.242798 -0.969568 -0.083063 0.230300 9.409214 0.000000 0.000000 0.000000 1.000000
0.212198 -0.070480 0.974682 -1.170081 -0.076029 0.993182 0.088370 73.352562 -0.974265 -0.092856 0.205393 10.273941 0.000000 0.000000 0.000000 1.000000
0.205917 -0.050065 0.977288 -1.490202 -0.088193 0.993677 0.069487 71.904289 -0.974587 -0.100498 0.200200 10.658237 0.000000 0.000000 0.000000 1.000000
0.210426 -0.037776 0.976880 -1.629715 -0.092376 0.994014 0.058337 71.268707 -0.973236 -0.102516 0.205676 10.668349 0.000000 0.000000 0.000000 1.000000
0.230706 -0.032090 0.972494 -1.602604 -0.096834 0.993737 0.055763 71.266182 -0.968193 -0.107035 0.226154 10.277804 0.000000 0.000000 0.000000 1.000000
0.259583 -0.016422 0.965581 -1.217318 -0.097433 0.994308 0.043104 72.183640 -0.960793 -0.105268 0.256506 9.408038 0.000000 0.000000 0.000000 1.000000
0.272322 -0.016114 0.962071 -0.659868 -0.075951 0.996380 0.038187 74.142593 -0.959204 -0.083470 0.270112 8.089182 0.000000 0.000000 0.000000 1.000000
0.278336 -0.023528 0.960195 -0.125172 -0.048780 0.998064 0.038596 76.260071 -0.959244 -0.057581 0.276650 6.356841 0.000000 0.000000 0.000000 1.000000
0.291908 -0.035429 0.955790 0.310187 -0.031193 0.998429 0.046536 77.799500 -0.955938 -0.043398 0.290344 4.116817 0.000000 0.000000 0.000000 1.000000
0.316733 -0.059810 0.946627 0.596353 -0.015384 0.997555 0.068176 78.285988 -0.948390 -0.036157 0.315039 1.544832 0.000000 0.000000 0.000000 1.000000
0.347753 -0.075160 0.934569 0.833188 -0.000479 0.996767 0.080340 77.711876 -0.937586 -0.028387 0.346593 -0.840795 0.000000 0.000000 0.000000 1.000000
0.378747 -0.073635 0.922566 1.078748 0.008734 0.997070 0.075996 76.345047 -0.925459 -0.020725 0.378281 -2.839725 0.000000 0.000000 0.000000 1.000000
0.401938 -0.070140 0.912977 1.205555 0.019912 0.997496 0.067867 74.439339 -0.915450 -0.009099 0.402328 -4.553760 0.000000 0.000000 0.000000 1.000000
0.412554 -0.068366 0.908364 1.108683 0.040296 0.997573 0.056779 72.612228 -0.910041 0.013179 0.414308 -5.764057 0.000000 0.000000 0.000000 1.000000
0.409445 -0.065593 0.909974 1.021005 0.062411 0.997089 0.043790 71.332741 -0.910197 0.038863 0.412347 -6.494177 0.000000 0.000000 0.000000 1.000000
0.402097 -0.059670 0.913651 1.040073 0.072923 0.996791 0.033006 70.752541 -0.912688 0.053354 0.405158 -6.757859 0.000000 0.000000 0.000000 1.000000
0.394581 -0.056190 0.917141 1.200741 0.075670 0.996725 0.028510 70.937515 -0.915740 0.058150 0.397541 -6.672778 0.000000 0.000000 0.000000 1.000000
0.382394 -0.050277 0.922631 1.594834 0.067325 0.997381 0.026447 72.128357 -0.921543 0.052003 0.384777 -6.075414 0.000000 0.000000 0.000000 1.000000
0.364458 -0.040316 0.930347 1.956458 0.041024 0.998788 0.027210 74.138222 -0.930316 0.028250 0.365670 -4.844934 0.000000 0.000000 0.000000 1.000000
0.339079 -0.035838 0.940075 2.109143 0.013575 0.999356 0.033201 76.160721 -0.940660 0.001504 0.339348 -3.157503 0.000000 0.000000 0.000000 1.000000
0.309139 -0.038099 0.950253 1.980688 -0.004510 0.999127 0.041526 77.683716 -0.951006 -0.017123 0.308698 -1.103195 0.000000 0.000000 0.000000 1.000000
0.276560 -0.049770 0.959707 1.576918 -0.017704 0.998225 0.056869 78.422073 -0.960834 -0.032718 0.275188 1.021996 0.000000 0.000000 0.000000 1.000000
0.244379 -0.068981 0.967223 1.067506 -0.024626 0.996703 0.077305 78.280975 -0.969367 -0.042710 0.241875 2.976718 0.000000 0.000000 0.000000 1.000000
0.214251 -0.074675 0.973920 0.720891 -0.028483 0.996172 0.082647 77.192810 -0.976363 -0.045447 0.211304 4.725512 0.000000 0.000000 0.000000 1.000000
0.186025 -0.070542 0.980010 0.446600 -0.035182 0.996302 0.078393 75.456909 -0.981915 -0.049061 0.182855 6.155670 0.000000 0.000000 0.000000 1.000000
0.168815 -0.065269 0.983484 0.150318 -0.046541 0.996164 0.074099 73.623779 -0.984548 -0.058281 0.165130 7.048640 0.000000 0.000000 0.000000 1.000000
0.166441 -0.059035 0.984283 -0.047868 -0.056298 0.996009 0.069258 72.118523 -0.984443 -0.066941 0.162453 7.511715 0.000000 0.000000 0.000000 1.000000
0.170247 -0.054794 0.983877 -0.061718 -0.062049 0.995875 0.066199 71.353615 -0.983446 -0.072319 0.166145 7.591094 0.000000 0.000000 0.000000 1.000000
0.171848 -0.055492 0.983559 0.081064 -0.067775 0.995381 0.068001 71.195404 -0.982789 -0.078347 0.167293 7.257654 0.000000 0.000000 0.000000 1.000000
0.169965 -0.046402 0.984357 0.563494 -0.063668 0.996287 0.057958 71.951576 -0.983391 -0.072523 0.166379 6.445413 0.000000 0.000000 0.000000 1.000000
0.183439 -0.035735 0.982381 1.214959 -0.045088 0.997981 0.044721 73.824684 -0.981997 -0.052498 0.181457 5.238553 0.000000 0.000000 0.000000 1.000000
0.213451 -0.030941 0.976464 1.813431 -0.022746 0.999070 0.036629 75.894547 -0.976689 -0.030029 0.212549 3.640011 0.000000 0.000000 0.000000 1.000000
0.249373 -0.025140 0.968081 2.324795 -0.009331 0.999554 0.028361 77.556099 -0.968362 -0.016106 0.249028 1.597235 0.000000 0.000000 0.000000 1.000000
0.293490 -0.031975 0.955427 2.711065 0.001415 0.999454 0.033014 78.412369 -0.955961 -0.008337 0.293375 -0.786122 0.000000 0.000000 0.000000 1.000000
0.342649 -0.047652 0.938254 3.029128 0.016983 0.998864 0.044528 78.274910 -0.939310 0.000677 0.343069 -3.172984 0.000000 0.000000 0.000000 1.000000
0.385111 -0.048436 0.921598 3.318929 0.031431 0.998731 0.039356 77.273315 -0.922335 0.013811 0.386144 -5.273674 0.000000 0.000000 0.000000 1.000000
0.414822 -0.044232 0.908827 3.508682 0.046525 0.998542 0.027363 75.622040 -0.908712 0.030932 0.416275 -7.075774 0.000000 0.000000 0.000000 1.000000
0.428053 -0.045118 0.902627 3.493262 0.070535 0.997374 0.016404 73.875977 -0.900997 0.056645 0.430112 -8.326688 0.000000 0.000000 0.000000 1.000000
0.425098 -0.046395 0.903957 3.431540 0.095105 0.995447 0.006366 72.416946 -0.900137 0.083265 0.427575 -9.059880 0.000000 0.000000 0.000000 1.000000
0.416555 -0.043907 0.908050 3.428927 0.105005 0.994472 -0.000084 71.737427 -0.903026 0.095385 0.418863 -9.365585 0.000000 0.000000 0.000000 1.000000
0.408707 -0.043824 0.911613 3.475440 0.105787 0.994389 0.000375 71.820686 -0.906514 0.096283 0.411049 -9.264881 0.000000 0.000000 0.000000 1.000000
0.398181 -0.039543 0.916454 3.692272 0.091800 0.995773 0.003080 72.803284 -0.912702 0.082904 0.400127 -8.689304 0.000000 0.000000 0.000000 1.000000
0.379850 -0.036423 0.924331 3.846633 0.059969 0.998092 0.014686 74.682129 -0.923102 0.049853 0.381310 -7.485624 0.000000 0.000000 0.000000 1.000000
0.354013 -0.042317 0.934283 3.680213 0.028208 0.999004 0.034560 76.271019 -0.934815 0.014119 0.354854 -5.753815 0.000000 0.000000 0.000000 1.000000
0.326039 -0.053112 0.943863 3.199701 0.001117 0.998441 0.055798 77.029152 -0.945355 -0.017138 0.325591 -3.644310 0.000000 0.000000 0.000000 1.000000
0.297200 -0.066165 0.952520 2.568803 -0.023394 0.996792 0.076539 77.355293 -0.954529 -0.045031 0.294699 -1.364745 0.000000 0.000000 0.000000 1.000000</float_array>
        <technique_common>
          <accessor source="#mixamorig_Hips-Matrix-animation-output-transform-array" count="98" stride="16">
            <param type="float4x4"/>
          </accessor>
        </technique_common>
      </source>
      <source id="mixamorig_Hips-Interpolations">
        <Name_array id="mixamorig_Hips-Interpolations-array" count="98">
 LINEAR LINEAR LINEAR LINEAR LINEAR LINEAR LINEAR LINEAR LINEAR LINEAR LINEAR
LINEAR LINEAR LINEAR LINEAR LINEAR LINEAR LINEAR LINEAR LINEAR LINEAR LINEAR LINEAR
LINEAR LINEAR LINEAR LINEAR LINEAR LINEAR LINEAR LINEAR LINEAR LINEAR LINEAR LINEAR
LINEAR LINEAR LINEAR LINEAR LINEAR LINEAR LINEAR LINEAR LINEAR LINEAR LINEAR LINEAR
LINEAR LINEAR LINEAR LINEAR LINEAR LINEAR LINEAR LINEAR LINEAR LINEAR LINEAR LINEAR
LINEAR LINEAR LINEAR LINEAR LINEAR LINEAR LINEAR LINEAR LINEAR LINEAR LINEAR LINEAR
LINEAR LINEAR LINEAR LINEAR LINEAR LINEAR LINEAR LINEAR LINEAR LINEAR LINEAR LINEAR
LINEAR LINEAR LINEAR LINEAR LINEAR LINEAR LINEAR LINEAR LINEAR LINEAR LINEAR LINEAR
LINEAR LINEAR LINEAR</Name_array>
        <technique_common>
          <accessor source="#mixamorig_Hips-Interpolations-array" count="98">
            <param type="name"/>
          </accessor>
        </technique_common>
      </source>
      <sampler id="mixamorig_Hips-Matrix-animation-transform">
        <input semantic="INPUT" source="#mixamorig_Hips-Matrix-animation-input"/>
        <input semantic="OUTPUT" source="#mixamorig_Hips-Matrix-animation-output-transform"/>
        <input semantic="INTERPOLATION" source="#mixamorig_Hips-Interpolations"/>
      </sampler>
      <channel source="#mixamorig_Hips-Matrix-animation-transform" target="mixamorig_Hips/matrix"/>
    </animation>
    <animation id="mixamorig_Spine-anim" name="mixamorig_Spine">
      <source id="mixamorig_Spine-Matrix-animation-input">
        <float_array id="mixamorig_Spine-Matrix-animation-input-array" count="98">

0.000000 0.033333 0.066667 0.100000 0.133333 0.166667 0.200000 0.233333 0.266667 0.300000 0.333333 0.366667 0.400000 0.433333 0.466667 0.500000
0.533333 0.566667 0.600000 0.633333 0.666667 0.700000 0.733333 0.766667 0.800000 0.833333 0.866667 0.900000 0.933333 0.966667 1.000000 1.033333
1.066667 1.100000 1.133333 1.166667 1.200000 1.233333 1.266667 1.300000 1.333333 1.366667 1.400000 1.433333 1.466667 1.500000 1.533333 1.566667
1.600000 1.633333 1.666667 1.700000 1.733333 1.766667 1.800000 1.833333 1.866667 1.900000 1.933333 1.966667 2.000000 2.033333 2.066667 2.100000
2.133333 2.166667 2.200000 2.233333 2.266667 2.300000 2.333333 2.366667 2.400000 2.433333 2.466667 2.500000 2.533333 2.566667 2.600000 2.633333
2.666667 2.700000 2.733333 2.766667 2.800000 2.833333 2.866667 2.900000 2.933333 2.966667 3.000000 3.033333 3.066667 3.100000 3.133333 3.166667
3.200000 3.233333</float_array>
        <technique_common>
          <accessor source="#mixamorig_Spine-Matrix-animation-input-array" count="98">
            <param name="TIME" type="float"/>
          </accessor>
        </technique_common>
      </source>
      <source id="mixamorig_Spine-Matrix-animation-output-transform">
        <float_array id="mixamorig_Spine-Matrix-animation-output-transform-array" count="1568">

0.999163 -0.006079 -0.040440 0.000000 0.009509 0.996321 0.085174 14.685700 0.039773 -0.085487 0.995545 -1.734700 0.000000 0.000000 0.000000 1.000000
0.998937 0.006391 -0.045651 -0.000000 -0.002457 0.996316 0.085723 14.685700 0.046031 -0.085520 0.995273 -1.734700 0.000000 0.000000 0.000000 1.000000
0.998603 0.018656 -0.049430 -0.000000 -0.014312 0.996121 0.086825 14.685700 0.050859 -0.085996 0.994996 -1.734700 0.000000 0.000000 0.000000 1.000000
0.998284 0.028342 -0.051239 0.000000 -0.023749 0.995826 0.088126 14.685700 0.053523 -0.086758 0.994791 -1.734700 0.000000 0.000000 0.000000 1.000000
0.998281 0.025355 -0.052845 0.000000 -0.020638 0.995909 0.087971 14.685700 0.054859 -0.086729 0.994720 -1.734700 0.000000 0.000000 0.000000 1.000000
0.998466 0.015235 -0.053227 0.000000 -0.010571 0.996167 0.086833 14.685700 0.054346 -0.086137 0.994800 -1.734700 0.000000 0.000000 0.000000 1.000000
0.998615 0.008513 -0.051924 -0.000000 -0.003954 0.996175 0.087294 14.685700 0.052468 -0.086968 0.994828 -1.734700 0.000000 0.000000 0.000000 1.000000
0.998793 0.000696 -0.049116 0.000000 0.003552 0.996259 0.086349 14.685700 0.048992 -0.086419 0.995053 -1.734700 0.000000 0.000000 0.000000 1.000000
0.998832 -0.009289 -0.047416 0.000000 0.013233 0.996417 0.083539 14.685700 0.046470 -0.084069 0.995376 -1.734700 0.000000 0.000000 0.000000 1.000000
0.998884 -0.012378 -0.045574 0.000000 0.016209 0.996275 0.084693 14.685700 0.044356 -0.085337 0.995364 -1.734700 0.000000 0.000000 0.000000 1.000000
0.999121 -0.008339 -0.041078 0.000000 0.011897 0.996123 0.087168 14.685700 0.040191 -0.087580 0.995346 -1.734700 0.000000 0.000000 0.000000 1.000000
0.999338 -0.003059 -0.036257 0.000000 0.006263 0.996048 0.088594 14.685700 0.035842 -0.088763 0.995408 -1.734700 0.000000 0.000000 0.000000 1.000000
0.999407 -0.004906 -0.034090 0.000000 0.007833 0.996240 0.086278 14.685700 0.033538 -0.086494 0.995688 -1.734700 0.000000 0.000000 0.000000 1.000000
0.999294 -0.012493 -0.035433 0.000000 0.015305 0.996657 0.080249 14.685700 0.034312 -0.080734 0.996145 -1.734700 0.000000 0.000000 0.000000 1.000000
0.999214 -0.016984 -0.035824 0.000000 0.019685 0.996878 0.076465 14.685700 0.034414 -0.077110 0.996429 -1.734700 0.000000 0.000000 0.000000 1.000000
0.999204 -0.018370 -0.035412 -0.000000 0.021026 0.996876 0.076135 14.685700 0.033903 -0.076819 0.996468 -1.734700 0.000000 0.000000 0.000000 1.000000
0.999338 -0.011569 -0.034499 0.000000 0.014198 0.996932 0.076972 14.685700 0.033502 -0.077410 0.996436 -1.734700 0.000000 0.000000 0.000000 1.000000
0.999434 -0.000882 -0.033621 0.000000 0.003504 0.996945 0.078030 14.685700 0.033449 -0.078104 0.996384 -1.734700 0.000000 0.000000 0.000000 1.000000
0.999408 0.002623 -0.034291 0.000000 0.000101 0.996858 0.079206 14.685700 0.034391 -0.079163 0.996268 -1.734700 0.000000 0.000000 0.000000 1.000000
0.999382 0.003818 -0.034929 0.000000 -0.000953 0.996659 0.081670 14.685700 0.035124 -0.081586 0.996047 -1.734700 0.000000 0.000000 0.000000 1.000000
0.999401 0.001399 -0.034586 0.000000 0.001457 0.996598 0.082407 14.685700 0.034584 -0.082408 0.995998 -1.734700 0.000000 0.000000 0.000000 1.000000
0.999298 -0.015532 -0.034085 -0.000000 0.018280 0.996479 0.081831 14.685700 0.032694 -0.082397 0.996063 -1.734700 0.000000 0.000000 0.000000 1.000000
0.998886 -0.032761 -0.033949 0.000000 0.035524 0.995809 0.084275 14.685700 0.031046 -0.085387 0.995864 -1.734700 0.000000 0.000000 0.000000 1.000000
0.998979 -0.032101 -0.031788 0.000000 0.034810 0.995450 0.088703 14.685700 0.028796 -0.089719 0.995551 -1.734700 0.000000 0.000000 0.000000 1.000000
0.999417 -0.017004 -0.029590 0.000000 0.019654 0.995593 0.091698 14.685700 0.027901 -0.092226 0.995347 -1.734700 0.000000 0.000000 0.000000 1.000000
0.999440 -0.008436 -0.032388 -0.000000 0.011311 0.995909 0.089655 14.685700 0.031499 -0.089971 0.995446 -1.734700 0.000000 0.000000 0.000000 1.000000
0.999297 -0.001556 -0.037466 0.000000 0.004803 0.996222 0.086716 14.685700 0.037190 -0.086835 0.995528 -1.734700 0.000000 0.000000 0.000000 1.000000
0.999152 0.011302 -0.039587 0.000000 -0.007883 0.996309 0.085473 14.685700 0.040407 -0.085088 0.995554 -1.734700 0.000000 0.000000 0.000000 1.000000
0.999009 0.015256 -0.041817 0.000000 -0.011687 0.996372 0.084303 14.685700 0.042952 -0.083731 0.995562 -1.734700 0.000000 0.000000 0.000000 1.000000
0.998945 0.008782 -0.045078 0.000000 -0.005015 0.996536 0.083013 14.685700 0.045650 -0.082699 0.995528 -1.734700 0.000000 0.000000 0.000000 1.000000
0.998914 0.001424 -0.046560 0.000000 0.002426 0.996586 0.082528 14.685700 0.046519 -0.082552 0.995500 -1.734700 0.000000 0.000000 0.000000 1.000000
0.998907 -0.004145 -0.046568 -0.000000 0.008012 0.996504 0.083162 14.685700 0.046060 -0.083445 0.995447 -1.734700 0.000000 0.000000 0.000000 1.000000
0.998869 -0.013630 -0.045548 0.000000 0.017380 0.996400 0.082971 14.685700 0.044253 -0.083668 0.995511 -1.734700 0.000000 0.000000 0.000000 1.000000
0.998678 -0.026435 -0.044077 0.000000 0.030056 0.996044 0.083619 14.685700 0.041692 -0.084833 0.995523 -1.734700 0.000000 0.000000 0.000000 1.000000
0.998818 -0.026231 -0.040924 0.000000 0.029719 0.995757 0.087095 14.685700 0.038466 -0.088209 0.995359 -1.734700 0.000000 0.000000 0.000000 1.000000
0.999239 -0.015569 -0.035763 0.000000 0.018769 0.995677 0.090963 14.685700 0.034192 -0.091565 0.995212 -1.734700 0.000000 0.000000 0.000000 1.000000
0.999446 -0.011589 -0.031212 0.000000 0.014412 0.995672 0.091808 14.685700 0.030013 -0.092206 0.995288 -1.734700 0.000000 0.000000 0.000000 1.000000
0.999366 -0.019364 -0.029884 0.000000 0.021896 0.995976 0.086903 14.685700 0.028081 -0.087502 0.995768 -1.734700 0.000000 0.000000 0.000000 1.000000
0.999128 -0.027600 -0.031321 -0.000000 0.030051 0.996288 0.080673 14.685700 0.028978 -0.081544 0.996248 -1.734700 0.000000 0.000000 0.000000 1.000000
0.999075 -0.029493 -0.031298 0.000000 0.031884 0.996376 0.078860 14.685700 0.028859 -0.079785 0.996394 -1.734700 0.000000 0.000000 0.000000 1.000000
0.999136 -0.028234 -0.030492 0.000000 0.030585 0.996357 0.079606 14.685700 0.028133 -0.080469 0.996360 -1.734700 0.000000 0.000000 0.000000 1.000000
0.999360 -0.020977 -0.028972 0.000000 0.023262 0.996448 0.080935 14.685700 0.027172 -0.081557 0.996298 -1.734700 0.000000 0.000000 0.000000 1.000000
0.999580 -0.011501 -0.026594 0.000000 0.013671 0.996460 0.082945 14.685700 0.025546 -0.083274 0.996199 -1.734700 0.000000 0.000000 0.000000 1.000000
0.999621 -0.009388 -0.025865 0.000000 0.011539 0.996372 0.084319 14.685700 0.024979 -0.084585 0.996103 -1.734700 0.000000 0.000000 0.000000 1.000000
0.999600 -0.010404 -0.026289 0.000000 0.012603 0.996305 0.084951 14.685700 0.025308 -0.085249 0.996038 -1.734700 0.000000 0.000000 0.000000 1.000000
0.999541 -0.015566 -0.025977 0.000000 0.017743 0.996154 0.085801 14.685700 0.024542 -0.086223 0.995974 -1.734700 0.000000 0.000000 0.000000 1.000000
0.999252 -0.026941 -0.027744 -0.000000 0.029286 0.995698 0.087910 14.685700 0.025257 -0.088656 0.995742 -1.734700 0.000000 0.000000 0.000000 1.000000
0.999175 -0.025987 -0.031223 0.000000 0.028760 0.995351 0.091920 14.685700 0.028689 -0.092742 0.995277 -1.734700 0.000000 0.000000 0.000000 1.000000
0.999331 -0.012742 -0.034287 0.000000 0.015948 0.995358 0.094909 14.685700 0.032919 -0.095392 0.994895 -1.734700 0.000000 0.000000 0.000000 1.000000
0.999269 -0.002493 -0.038152 -0.000000 0.005999 0.995737 0.092046 14.685700 0.037760 -0.092208 0.995024 -1.734700 0.000000 0.000000 0.000000 1.000000
0.999056 0.006067 -0.043020 0.000000 -0.002165 0.995924 0.090166 14.685700 0.043391 -0.089988 0.994997 -1.734700 0.000000 0.000000 0.000000 1.000000
0.998729 0.017193 -0.047379 0.000000 -0.012739 0.995606 0.092771 14.685700 0.048766 -0.092050 0.994560 -1.734700 0.000000 0.000000 0.000000 1.000000
0.998451 0.022552 -0.050868 0.000000 -0.017695 0.995416 0.093986 14.685700 0.052754 -0.092940 0.994273 -1.734700 0.000000 0.000000 0.000000 1.000000
0.998366 0.017942 -0.054251 0.000000 -0.012813 0.995542 0.093444 14.685700 0.055686 -0.092596 0.994145 -1.734700 0.000000 0.000000 0.000000 1.000000
0.998459 0.013433 -0.053835 0.000000 -0.008406 0.995674 0.092529 14.685700 0.054845 -0.091934 0.994254 -1.734700 0.000000 0.000000 0.000000 1.000000
0.998598 0.010053 -0.051968 0.000000 -0.005286 0.995831 0.091067 14.685700 0.052667 -0.090665 0.994488 -1.734700 0.000000 0.000000 0.000000 1.000000
0.998807 0.000342 -0.048830 0.000000 0.004022 0.996001 0.089252 14.685700 0.048665 -0.089342 0.994811 -1.734700 0.000000 0.000000 0.000000 1.000000
0.998921 -0.010332 -0.045282 0.000000 0.014334 0.995933 0.088945 14.685700 0.044179 -0.089498 0.995007 -1.734700 0.000000 0.000000 0.000000 1.000000
0.999003 -0.005716 -0.044264 0.000000 0.009688 0.995892 0.090032 14.685700 0.043568 -0.090372 0.994955 -1.734700 0.000000 0.000000 0.000000 1.000000
0.999026 0.000487 -0.044117 0.000000 0.003556 0.995797 0.091517 14.685700 0.043976 -0.091585 0.994826 -1.734700 0.000000 0.000000 0.000000 1.000000
0.998987 -0.006426 -0.044547 0.000000 0.010409 0.995909 0.089756 14.685700 0.043788 -0.090129 0.994967 -1.734700 0.000000 0.000000 0.000000 1.000000
0.998884 -0.018068 -0.043637 0.000000 0.021710 0.996190 0.084465 14.685700 0.041944 -0.085319 0.995470 -1.734700 0.000000 0.000000 0.000000 1.000000
0.998980 -0.022380 -0.039219 0.000000 0.025496 0.996400 0.080850 14.685700 0.037269 -0.081767 0.995954 -1.734700 0.000000 0.000000 0.000000 1.000000
0.999185 -0.021837 -0.033959 -0.000000 0.024433 0.996652 0.078020 14.685700 0.032141 -0.078786 0.996373 -1.734700 0.000000 0.000000 0.000000 1.000000
0.999321 -0.021171 -0.030145 0.000000 0.023339 0.997023 0.073489 14.685700 0.028499 -0.074142 0.996840 -1.734700 0.000000 0.000000 0.000000 1.000000
0.999514 -0.014819 -0.027430 0.000000 0.016681 0.997480 0.068959 14.685700 0.026339 -0.069383 0.997242 -1.734700 0.000000 0.000000 0.000000 1.000000
0.999634 -0.005982 -0.026374 0.000000 0.007705 0.997808 0.065720 14.685700 0.025923 -0.065899 0.997490 -1.734700 0.000000 0.000000 0.000000 1.000000
0.999614 -0.006028 -0.027118 -0.000000 0.007750 0.997931 0.063832 14.685700 0.026677 -0.064018 0.997592 -1.734700 0.000000 0.000000 0.000000 1.000000
0.999568 -0.010026 -0.027617 0.000000 0.011756 0.997929 0.063235 14.685700 0.026926 -0.063533 0.997616 -1.734700 0.000000 0.000000 0.000000 1.000000
0.999494 -0.015608 -0.027707 -0.000000 0.017366 0.997775 0.064370 14.685700 0.026640 -0.064819 0.997541 -1.734700 0.000000 0.000000 0.000000 1.000000
0.999078 -0.028716 -0.031927 0.000000 0.030842 0.997194 0.068216 14.685700 0.029878 -0.069138 0.997160 -1.734700 0.000000 0.000000 0.000000 1.000000
0.998772 -0.032639 -0.037278 -0.000000 0.035323 0.996650 0.073766 14.685700 0.034746 -0.074992 0.996579 -1.734700 0.000000 0.000000 0.000000 1.000000
0.998957 -0.019292 -0.041395 0.000000 0.022515 0.996631 0.078861 14.685700 0.039734 -0.079711 0.996026 -1.734700 0.000000 0.000000 0.000000 1.000000
0.998893 -0.007674 -0.046402 0.000000 0.011362 0.996751 0.079736 14.685700 0.045639 -0.080175 0.995735 -1.734700 0.000000 0.000000 0.000000 1.000000
0.998702 0.002532 -0.050870 0.000000 0.001453 0.996940 0.078154 14.685700 0.050912 -0.078126 0.995643 -1.734700 0.000000 0.000000 0.000000 1.000000
0.998443 0.014278 -0.053918 0.000000 -0.010062 0.996927 0.077684 14.685700 0.054861 -0.077021 0.995519 -1.734700 0.000000 0.000000 0.000000 1.000000
0.998225 0.018878 -0.056477 0.000000 -0.014538 0.996980 0.076288 14.685700 0.057747 -0.075332 0.995485 -1.734700 0.000000 0.000000 0.000000 1.000000
0.998198 0.013882 -0.058376 0.000000 -0.009553 0.997227 0.073798 14.685700 0.059238 -0.073107 0.995563 -1.734700 0.000000 0.000000 0.000000 1.000000
0.998324 0.007478 -0.057386 0.000000 -0.003347 0.997418 0.071743 14.685700 0.057774 -0.071431 0.995771 -1.734700 0.000000 0.000000 0.000000 1.000000
0.998439 0.001750 -0.055833 0.000000 0.002190 0.997514 0.070430 14.685700 0.055818 -0.070442 0.995953 -1.734700 0.000000 0.000000 0.000000 1.000000
0.998372 -0.008283 -0.056439 0.000000 0.012180 0.997538 0.069057 14.685700 0.055728 -0.069632 0.996015 -1.734700 0.000000 0.000000 0.000000 1.000000
0.998191 -0.017527 -0.057513 0.000000 0.021579 0.997270 0.070613 14.685700 0.056119 -0.071726 0.995844 -1.734700 0.000000 0.000000 0.000000 1.000000
0.998335 -0.015513 -0.055554 0.000000 0.019695 0.996949 0.075536 14.685700 0.054213 -0.076504 0.995594 -1.734700 0.000000 0.000000 0.000000 1.000000
0.998674 -0.009223 -0.050649 0.000000 0.013286 0.996667 0.080490 14.685700 0.049737 -0.081056 0.995468 -1.734700 0.000000 0.000000 0.000000 1.000000
0.998746 -0.016659 -0.047204 0.000000 0.020553 0.996316 0.083262 14.685700 0.045643 -0.084128 0.995409 -1.734700 0.000000 0.000000 0.000000 1.000000
0.998572 -0.030920 -0.043563 0.000000 0.034400 0.996076 0.081548 14.685700 0.040871 -0.082931 0.995717 -1.734700 0.000000 0.000000 0.000000 1.000000
0.998674 -0.036874 -0.035925 0.000000 0.039562 0.996228 0.077233 14.685700 0.032942 -0.078552 0.996366 -1.734700 0.000000 0.000000 0.000000 1.000000
0.998845 -0.039296 -0.027654 0.000000 0.041231 0.996459 0.073271 14.685700 0.024677 -0.074327 0.996929 -1.734700 0.000000 0.000000 0.000000 1.000000
0.998919 -0.040536 -0.022731 0.000000 0.042040 0.996649 0.070163 14.685700 0.019811 -0.071043 0.997277 -1.734700 0.000000 0.000000 0.000000 1.000000
0.999448 -0.026860 -0.019561 0.000000 0.028164 0.997165 0.069783 14.685700 0.017632 -0.070295 0.997370 -1.734700 0.000000 0.000000 0.000000 1.000000
0.999812 -0.007058 -0.018081 0.000000 0.008330 0.997422 0.071271 14.685700 0.017531 -0.071408 0.997293 -1.734700 0.000000 0.000000 0.000000 1.000000
0.999823 0.000594 -0.018788 0.000000 0.000786 0.997305 0.073358 14.685700 0.018781 -0.073360 0.997129 -1.734700 0.000000 0.000000 0.000000 1.000000
0.999817 0.001057 -0.019079 0.000000 0.000373 0.997197 0.074822 14.685700 0.019105 -0.074815 0.997014 -1.734700 0.000000 0.000000 0.000000 1.000000
0.999811 -0.005082 -0.018776 0.000000 0.006503 0.997055 0.076414 14.685700 0.018333 -0.076522 0.996899 -1.734700 0.000000 0.000000 0.000000 1.000000
0.999563 -0.018828 -0.022787 0.000000 0.020588 0.996613 0.079610 14.685700 0.021211 -0.080044 0.996566 -1.734700 0.000000 0.000000 0.000000 1.000000
0.999331 -0.022986 -0.028460 0.000000 0.025277 0.996233 0.082953 14.685700 0.026446 -0.083617 0.996147 -1.734700 0.000000 0.000000 0.000000 1.000000
0.999267 -0.016716 -0.034430 0.000000 0.019578 0.996228 0.084532 14.685700 0.032887 -0.085144 0.995826 -1.734700 0.000000 0.000000 0.000000 1.000000
0.999163 -0.006079 -0.040441 0.000000 0.009509 0.996321 0.085174 14.685700 0.039774 -0.085487 0.995545 -1.734700 0.000000 0.000000 0.000000 1.000000</float_array>
        <technique_common>
          <accessor source="#mixamorig_Spine-Matrix-animation-output-transform-array" count="98" stride="16">
            <param type="float4x4"/>
          </accessor>
        </technique_common>
      </source>
      <source id="mixamorig_Spine-Interpolations">
        <Name_array id="mixamorig_Spine-Interpolations-array" count="98">
 LINEAR LINEAR LINEAR LINEAR LINEAR LINEAR LINEAR LINEAR LINEAR LINEAR LINEAR
LINEAR LINEAR LINEAR LINEAR LINEAR LINEAR LINEAR LINEAR LINEAR LINEAR LINEAR LINEAR
LINEAR LINEAR LINEAR LINEAR LINEAR LINEAR LINEAR LINEAR LINEAR LINEAR LINEAR LINEAR
LINEAR LINEAR LINEAR LINEAR LINEAR LINEAR LINEAR LINEAR LINEAR LINEAR LINEAR LINEAR
LINEAR LINEAR LINEAR LINEAR LINEAR LINEAR LINEAR LINEAR LINEAR LINEAR LINEAR LINEAR
LINEAR LINEAR LINEAR LINEAR LINEAR LINEAR LINEAR LINEAR LINEAR LINEAR LINEAR LINEAR
LINEAR LINEAR LINEAR LINEAR LINEAR LINEAR LINEAR LINEAR LINEAR LINEAR LINEAR LINEAR
LINEAR LINEAR LINEAR LINEAR LINEAR LINEAR LINEAR LINEAR LINEAR LINEAR LINEAR LINEAR
LINEAR LINEAR LINEAR</Name_array>
        <technique_common>
          <accessor source="#mixamorig_Spine-Interpolations-array" count="98">
            <param type="name"/>
          </accessor>
        </technique_common>
      </source>
      <sampler id="mixamorig_Spine-Matrix-animation-transform">
        <input semantic="INPUT" source="#mixamorig_Spine-Matrix-animation-input"/>
        <input semantic="OUTPUT" source="#mixamorig_Spine-Matrix-animation-output-transform"/>
        <input semantic="INTERPOLATION" source="#mixamorig_Spine-Interpolations"/>
      </sampler>
      <channel source="#mixamorig_Spine-Matrix-animation-transform" target="mixamorig_Spine/matrix"/>
    </animation>
    <animation id="mixamorig_Spine1-anim" name="mixamorig_Spine1">
      <source id="mixamorig_Spine1-Matrix-animation-input">
        <float_array id="mixamorig_Spine1-Matrix-animation-input-array" count="98">

0.000000 0.033333 0.066667 0.100000 0.133333 0.166667 0.200000 0.233333 0.266667 0.300000 0.333333 0.366667 0.400000 0.433333 0.466667 0.500000
0.533333 0.566667 0.600000 0.633333 0.666667 0.700000 0.733333 0.766667 0.800000 0.833333 0.866667 0.900000 0.933333 0.966667 1.000000 1.033333
1.066667 1.100000 1.133333 1.166667 1.200000 1.233333 1.266667 1.300000 1.333333 1.366667 1.400000 1.433333 1.466667 1.500000 1.533333 1.566667
1.600000 1.633333 1.666667 1.700000 1.733333 1.766667 1.800000 1.833333 1.866667 1.900000 1.933333 1.966667 2.000000 2.033333 2.066667 2.100000
2.133333 2.166667 2.200000 2.233333 2.266667 2.300000 2.333333 2.366667 2.400000 2.433333 2.466667 2.500000 2.533333 2.566667 2.600000 2.633333
2.666667 2.700000 2.733333 2.766667 2.800000 2.833333 2.866667 2.900000 2.933333 2.966667 3.000000 3.033333 3.066667 3.100000 3.133333 3.166667
3.200000 3.233333</float_array>
        <technique_common>
          <accessor source="#mixamorig_Spine1-Matrix-animation-input-array" count="98">
            <param name="TIME" type="float"/>
          </accessor>
        </technique_common>
      </source>
      <source id="mixamorig_Spine1-Matrix-animation-output-transform">
        <float_array id="mixamorig_Spine1-Matrix-animation-output-transform-array" count="1568">

0.996575 0.030848 -0.076723 0.000000 -0.035699 0.997395 -0.062675 17.252399 0.074590 0.065199 0.995081 0.000000 0.000000 0.000000 0.000000 1.000000
0.995241 0.033904 -0.091351 -0.000000 -0.039698 0.997263 -0.062371 17.252399 0.088987 0.065701 0.993864 -0.000000 0.000000 0.000000 0.000000 1.000000
0.993930 0.037482 -0.103431 0.000000 -0.043957 0.997166 -0.061048 17.252399 0.100850 0.065224 0.992761 0.000000 0.000000 0.000000 0.000000 1.000000
0.993072 0.040318 -0.110375 0.000000 -0.047069 0.997132 -0.059256 17.252399 0.107669 0.064041 0.992122 0.000000 0.000000 0.000000 0.000000 1.000000
0.993111 0.035561 -0.111655 0.000000 -0.042423 0.997315 -0.059694 17.252399 0.109232 0.064020 0.991953 0.000000 0.000000 0.000000 0.000000 1.000000
0.993751 0.024208 -0.108967 0.000000 -0.031066 0.997612 -0.061690 17.252399 0.107213 0.064689 0.992129 0.000000 0.000000 0.000000 0.000000 1.000000
0.994357 0.013830 -0.105179 -0.000000 -0.020292 0.997955 -0.060610 17.252399 0.104126 0.062403 0.992604 -0.000000 0.000000 0.000000 0.000000 1.000000
0.995116 0.004012 -0.098631 0.000000 -0.010184 0.998015 -0.062153 17.252399 0.098186 0.062854 0.993181 -0.000000 0.000000 0.000000 0.000000 1.000000
0.995609 -0.003202 -0.093560 0.000000 -0.003082 0.997752 -0.066948 17.252399 0.093564 0.066942 0.993360 0.000000 0.000000 0.000000 0.000000 1.000000
0.996040 0.002077 -0.088880 0.000000 -0.007778 0.997930 -0.063843 17.252399 0.088563 0.064282 0.993994 0.000000 0.000000 0.000000 0.000000 1.000000
0.996655 0.015243 -0.080290 0.000000 -0.019967 0.998096 -0.058362 17.252399 0.079248 0.059770 0.995061 0.000000 0.000000 0.000000 0.000000 1.000000
0.997074 0.028499 -0.070927 0.000000 -0.032448 0.997950 -0.055163 17.252399 0.069209 0.057303 0.995955 0.000000 0.000000 0.000000 0.000000 1.000000
0.997291 0.038083 -0.062924 0.000000 -0.041812 0.997379 -0.059054 17.252399 0.060510 0.061525 0.996270 0.000000 0.000000 0.000000 0.000000 1.000000
0.997224 0.044742 -0.059517 -0.000000 -0.048884 0.996345 -0.070048 17.252399 0.056166 0.072763 0.995766 0.000000 0.000000 0.000000 0.000000 1.000000
0.997222 0.046900 -0.057862 0.000000 -0.051310 0.995691 -0.077244 17.252399 0.053990 0.079998 0.995332 0.000000 0.000000 0.000000 0.000000 1.000000
