<?xml version="1.0" encoding="utf-8"?>
<COLLADA xmlns="http://www.collada.org/2005/11/COLLADASchema" version="1.4.1">
  <asset>
    <contributor>
      <author>Mixamo</author>
      <authoring_tool>COLLADA Mixamo exporter</authoring_tool>
      <comments/>
    </contributor>
    <created>2024-12-31T05:13:50Z</created>
    <modified>2024-12-31T05:13:50Z</modified>
    <revision/>
    <title/>
    <unit meter="0.010000"/>
    <up_axis>Y_UP</up_axis>
  </asset>
  <library_animations>
    <animation id="mixamorig_Hips-anim" name="mixamorig_Hips">
      <source id="mixamorig_Hips-Matrix-animation-input">
        <float_array id="mixamorig_Hips-Matrix-animation-input-array" count="44">

0.000000 0.033333 0.066667 0.100000 0.133333 0.166667 0.200000 0.233333 0.266667 0.300000 0.333333 0.366667 0.400000 0.433333 0.466667 0.500000
0.533333 0.566667 0.600000 0.633333 0.666667 0.700000 0.733333 0.766667 0.800000 0.833333 0.866667 0.900000 0.933333 0.966667 1.000000 1.033333
1.066667 1.100000 1.133333 1.166667 1.200000 1.233333 1.266667 1.300000 1.333333 1.366667 1.400000 1.433333</float_array>
        <technique_common>
          <accessor source="#mixamorig_Hips-Matrix-animation-input-array" count="44">
            <param name="TIME" type="float"/>
          </accessor>
        </technique_common>
      </source>
      <source id="mixamorig_Hips-Matrix-animation-output-transform">
        <float_array id="mixamorig_Hips-Matrix-animation-output-transform-array" count="704">

0.693256 0.001862 -0.720689 -0.594733 0.065098 0.995747 0.065193 65.617844 0.717745 -0.092111 0.690186 0.106099 0.000000 0.000000 0.000000 1.000000
0.729683 0.013119 -0.683659 -1.208574 0.087971 0.989706 0.112885 65.974258 0.678103 -0.142513 0.721018 0.224191 0.000000 0.000000 0.000000 1.000000
0.803124 0.024649 -0.595302 -2.693728 0.123581 0.970524 0.206909 66.979950 0.582855 -0.239742 0.776405 1.301433 0.000000 0.000000 0.000000 1.000000
0.873368 0.009896 -0.486960 -4.908185 0.170978 0.929938 0.325548 68.651093 0.456065 -0.367583 0.810486 3.235800 0.000000 0.000000 0.000000 1.000000
0.889019 -0.009618 -0.457769 -6.474413 0.216384 0.889914 0.401536 70.173828 0.403513 -0.456027 0.793232 4.686851 0.000000 0.000000 0.000000 1.000000
0.861540 -0.005704 -0.507657 -6.804227 0.255105 0.869397 0.423167 70.839142 0.438941 -0.494081 0.750476 4.907527 0.000000 0.000000 0.000000 1.000000
0.829883 -0.004393 -0.557921 -6.774806 0.292416 0.855055 0.428223 70.771225 0.475171 -0.518519 0.710880 4.554876 0.000000 0.000000 0.000000 1.000000
0.808975 -0.015636 -0.587636 -6.814820 0.328451 0.841073 0.429786 70.299164 0.487525 -0.540695 0.685543 4.178886 0.000000 0.000000 0.000000 1.000000
0.785987 -0.027609 -0.617626 -6.624703 0.359694 0.832941 0.420510 69.427414 0.502836 -0.552672 0.664612 3.636196 0.000000 0.000000 0.000000 1.000000
0.754756 -0.036940 -0.654965 -6.070570 0.388514 0.829653 0.400915 68.387711 0.528584 -0.557056 0.640537 2.904657 0.000000 0.000000 0.000000 1.000000
0.720512 -0.051608 -0.691520 -5.275496 0.414578 0.831440 0.369910 67.378105 0.555867 -0.553213 0.620458 2.128205 0.000000 0.000000 0.000000 1.000000
0.682063 -0.074570 -0.727482 -4.330490 0.436596 0.839569 0.323278 66.455032 0.586664 -0.538111 0.605195 1.349721 0.000000 0.000000 0.000000 1.000000
0.637635 -0.098882 -0.763966 -3.220806 0.452286 0.850854 0.267367 65.592682 0.623585 -0.516013 0.587258 0.563551 0.000000 0.000000 0.000000 1.000000
0.589907 -0.119845 -0.798528 -2.004675 0.459353 0.863120 0.209805 64.839348 0.664082 -0.490572 0.564212 -0.225270 0.000000 0.000000 0.000000 1.000000
0.545120 -0.144108 -0.825880 -0.895730 0.455539 0.877913 0.147491 64.279053 0.703796 -0.456620 0.544214 -0.995070 0.000000 0.000000 0.000000 1.000000
0.513031 -0.176006 -0.840132 -0.040717 0.439760 0.894441 0.081158 63.922363 0.737164 -0.411093 0.536276 -1.743686 0.000000 0.000000 0.000000 1.000000
0.498697 -0.204647 -0.842271 0.640650 0.414224 0.909854 0.024189 63.714275 0.761393 -0.360952 0.538511 -2.527076 0.000000 0.000000 0.000000 1.000000
0.496525 -0.219552 -0.839798 1.267486 0.380839 0.924494 -0.016526 63.591301 0.780016 -0.311623 0.542648 -3.414194 0.000000 0.000000 0.000000 1.000000
0.501100 -0.226446 -0.835237 1.824279 0.338961 0.939399 -0.051326 63.521385 0.796244 -0.257393 0.547489 -4.402068 0.000000 0.000000 0.000000 1.000000
0.512084 -0.235294 -0.826079 2.265346 0.290855 0.952431 -0.090983 63.500755 0.808191 -0.193678 0.556161 -5.405038 0.000000 0.000000 0.000000 1.000000
0.523913 -0.242964 -0.816384 2.617239 0.240657 0.961627 -0.131749 63.537052 0.817068 -0.127443 0.562280 -6.276088 0.000000 0.000000 0.000000 1.000000
0.525946 -0.239046 -0.816234 2.890388 0.187356 0.968679 -0.162968 63.556503 0.829625 -0.067214 0.554260 -6.872739 0.000000 0.000000 0.000000 1.000000
0.515960 -0.223185 -0.827027 3.052099 0.130900 0.974665 -0.181363 63.557480 0.846552 -0.014681 0.532103 -7.180993 0.000000 0.000000 0.000000 1.000000
0.501930 -0.203709 -0.840576 3.152187 0.078496 0.978586 -0.190282 63.629303 0.861339 0.029526 0.507173 -7.242347 0.000000 0.000000 0.000000 1.000000
0.489636 -0.183798 -0.852335 3.253058 0.038520 0.981136 -0.189444 63.856758 0.871076 0.059927 0.487479 -7.089237 0.000000 0.000000 0.000000 1.000000
0.475495 -0.159403 -0.865156 3.302527 0.009678 0.984335 -0.176042 64.180641 0.879665 0.075333 0.469589 -6.753789 0.000000 0.000000 0.000000 1.000000
0.457785 -0.131496 -0.879285 3.199740 -0.012614 0.987942 -0.154313 64.458321 0.888974 0.081734 0.450606 -6.309483 0.000000 0.000000 0.000000 1.000000
0.443508 -0.106580 -0.889911 2.939187 -0.026343 0.990925 -0.131807 64.645966 0.895883 0.081901 0.436676 -5.819679 0.000000 0.000000 0.000000 1.000000
0.442174 -0.084967 -0.892896 2.590152 -0.027630 0.993740 -0.108246 64.807449 0.896504 0.072534 0.437058 -5.277540 0.000000 0.000000 0.000000 1.000000
0.457718 -0.061636 -0.886959 2.183928 -0.018017 0.996746 -0.078563 65.024239 0.888915 0.051940 0.455118 -4.659959 0.000000 0.000000 0.000000 1.000000
0.486681 -0.037218 -0.872787 1.707949 -0.002516 0.999028 -0.044004 65.324547 0.873576 0.023612 0.486114 -3.987563 0.000000 0.000000 0.000000 1.000000
0.520311 -0.016663 -0.853814 1.184704 0.014278 0.999840 -0.010812 65.676369 0.853857 -0.006565 0.520466 -3.285128 0.000000 0.000000 0.000000 1.000000
0.549916 -0.001971 -0.835218 0.699094 0.029230 0.999430 0.016888 66.009636 0.834708 -0.033700 0.549660 -2.593439 0.000000 0.000000 0.000000 1.000000
0.572164 0.006335 -0.820115 0.346260 0.040444 0.998536 0.035930 66.239822 0.819141 -0.053727 0.571070 -2.020862 0.000000 0.000000 0.000000 1.000000
0.589979 0.009829 -0.807359 0.104338 0.048727 0.997670 0.047753 66.373100 0.805947 -0.067514 0.588125 -1.577471 0.000000 0.000000 0.000000 1.000000
0.606339 0.011350 -0.795125 -0.097285 0.055791 0.996827 0.056773 66.468292 0.793246 -0.078785 0.603782 -1.184404 0.000000 0.000000 0.000000 1.000000
0.621334 0.011628 -0.783459 -0.265062 0.061695 0.996060 0.063711 66.527008 0.781113 -0.087921 0.618169 -0.834370 0.000000 0.000000 0.000000 1.000000
0.635000 0.010946 -0.772435 -0.397819 0.066271 0.995442 0.068586 66.540894 0.769664 -0.094742 0.631380 -0.536150 0.000000 0.000000 0.000000 1.000000
0.647883 0.009995 -0.761674 -0.510809 0.069799 0.994928 0.072427 66.520035 0.758535 -0.100088 0.643899 -0.275669 0.000000 0.000000 0.000000 1.000000
0.659871 0.009031 -0.751325 -0.599133 0.071805 0.994593 0.075020 66.444954 0.747940 -0.103453 0.655655 -0.070693 0.000000 0.000000 0.000000 1.000000
0.669672 0.007387 -0.742620 -0.621242 0.070852 0.994754 0.073787 66.258835 0.739269 -0.102029 0.665636 0.014603 0.000000 0.000000 0.000000 1.000000
0.677818 0.005230 -0.735211 -0.601665 0.068356 0.995195 0.070099 66.013809 0.732046 -0.097771 0.674203 0.028862 0.000000 0.000000 0.000000 1.000000
0.685831 0.003445 -0.727753 -0.595226 0.066602 0.995495 0.067478 65.804054 0.724707 -0.094749 0.682512 0.063708 0.000000 0.000000 0.000000 1.000000
0.693256 0.001862 -0.720689 -0.594732 0.065098 0.995747 0.065193 65.617836 0.717745 -0.092111 0.690186 0.106098 0.000000 0.000000 0.000000 1.000000</float_array>
        <technique_common>
          <accessor source="#mixamorig_Hips-Matrix-animation-output-transform-array" count="44" stride="16">
            <param type="float4x4"/>
          </accessor>
        </technique_common>
      </source>
      <source id="mixamorig_Hips-Interpolations">
        <Name_array id="mixamorig_Hips-Interpolations-array" count="44">
 LINEAR LINEAR LINEAR LINEAR LINEAR LINEAR LINEAR LINEAR LINEAR LINEAR LINEAR
LINEAR LINEAR LINEAR LINEAR LINEAR LINEAR LINEAR LINEAR LINEAR LINEAR LINEAR LINEAR
LINEAR LINEAR LINEAR LINEAR LINEAR LINEAR LINEAR LINEAR LINEAR LINEAR LINEAR LINEAR
LINEAR LINEAR LINEAR LINEAR LINEAR LINEAR LINEAR LINEAR LINEAR</Name_array>
        <technique_common>
          <accessor source="#mixamorig_Hips-Interpolations-array" count="44">
            <param type="name"/>
          </accessor>
        </technique_common>
      </source>
      <sampler id="mixamorig_Hips-Matrix-animation-transform">
        <input semantic="INPUT" source="#mixamorig_Hips-Matrix-animation-input"/>
        <input semantic="OUTPUT" source="#mixamorig_Hips-Matrix-animation-output-transform"/>
        <input semantic="INTERPOLATION" source="#mixamorig_Hips-Interpolations"/>
      </sampler>
      <channel source="#mixamorig_Hips-Matrix-animation-transform" target="mixamorig_Hips/matrix"/>
    </animation>
    <animation id="mixamorig_Spine-anim" name="mixamorig_Spine">
      <source id="mixamorig_Spine-Matrix-animation-input">
        <float_array id="mixamorig_Spine-Matrix-animation-input-array" count="44">

0.000000 0.033333 0.066667 0.100000 0.133333 0.166667 0.200000 0.233333 0.266667 0.300000 0.333333 0.366667 0.400000 0.433333 0.466667 0.500000
0.533333 0.566667 0.600000 0.633333 0.666667 0.700000 0.733333 0.766667 0.800000 0.833333 0.866667 0.900000 0.933333 0.966667 1.000000 1.033333
1.066667 1.100000 1.133333 1.166667 1.200000 1.233333 1.266667 1.300000 1.333333 1.366667 1.400000 1.433333</float_array>
        <technique_common>
          <accessor source="#mixamorig_Spine-Matrix-animation-input-array" count="44">
            <param name="TIME" type="float"/>
          </accessor>
        </technique_common>
      </source>
      <source id="mixamorig_Spine-Matrix-animation-output-transform">
        <float_array id="mixamorig_Spine-Matrix-animation-output-transform-array" count="704">

0.991994 0.014503 0.125449 0.000000 -0.008756 0.998892 -0.046235 14.685700 -0.125981 0.044766 0.991022 -1.734700 0.000000 0.000000 0.000000 1.000000
0.995036 0.007193 0.099257 0.000000 -0.004488 0.999613 -0.027442 14.685700 -0.099416 0.026860 0.994683 -1.734700 0.000000 0.000000 0.000000 1.000000
0.995628 -0.006457 0.093188 0.000000 0.003918 0.999617 0.027405 14.685700 -0.093329 -0.026920 0.995271 -1.734700 0.000000 0.000000 0.000000 1.000000
0.992341 -0.020355 0.121841 0.000000 0.006443 0.993517 0.113497 14.685700 -0.123361 -0.111843 0.986039 -1.734700 0.000000 0.000000 0.000000 1.000000
0.987933 -0.029789 0.151990 0.000000 0.002020 0.983724 0.179674 14.685700 -0.154868 -0.177199 0.971914 -1.734700 0.000000 0.000000 0.000000 1.000000
0.988171 -0.042276 0.147411 -0.000000 0.011491 0.978961 0.203723 14.685700 -0.152922 -0.199619 0.967867 -1.734700 0.000000 0.000000 0.000000 1.000000
0.990707 -0.063703 0.120177 -0.000000 0.037187 0.976738 0.211189 14.685700 -0.130835 -0.204757 0.970029 -1.734700 0.000000 0.000000 0.000000 1.000000
0.991005 -0.089619 0.099385 -0.000000 0.066259 0.973822 0.217442 14.685700 -0.116270 -0.208902 0.971000 -1.734700 0.000000 0.000000 0.000000 1.000000
0.988694 -0.116007 0.095007 0.000000 0.093699 0.972647 0.212550 14.685700 -0.117066 -0.201244 0.972521 -1.734700 0.000000 0.000000 0.000000 1.000000
0.985288 -0.141846 0.095329 0.000000 0.121654 0.973880 0.191722 14.685700 -0.120034 -0.177304 0.976809 -1.734700 0.000000 0.000000 0.000000 1.000000
0.981814 -0.165571 0.092886 -0.000000 0.149049 0.975298 0.163030 14.685700 -0.117584 -0.146220 0.982239 -1.734700 0.000000 0.000000 0.000000 1.000000
0.978532 -0.185797 0.089185 0.000000 0.173075 0.975772 0.133845 14.685700 -0.111892 -0.115536 0.986981 -1.734700 0.000000 0.000000 0.000000 1.000000
0.975317 -0.201828 0.089571 -0.000000 0.192781 0.976104 0.100282 14.685700 -0.107671 -0.080539 0.990919 -1.734700 0.000000 0.000000 0.000000 1.000000
0.972552 -0.212350 0.095137 0.000000 0.207298 0.976419 0.060271 14.685700 -0.105692 -0.038895 0.993638 -1.734700 0.000000 0.000000 0.000000 1.000000
0.970742 -0.217719 0.101284 0.000000 0.216291 0.976009 0.025004 14.685700 -0.104298 -0.002365 0.994543 -1.734700 0.000000 0.000000 0.000000 1.000000
0.970284 -0.219269 0.102324 0.000000 0.220268 0.975438 0.001572 14.685700 -0.100155 0.021013 0.994750 -1.734700 0.000000 0.000000 0.000000 1.000000
0.971603 -0.215713 0.097237 0.000000 0.218714 0.975558 -0.021212 14.685700 -0.090285 0.041877 0.995035 -1.734700 0.000000 0.000000 0.000000 1.000000
0.974502 -0.205435 0.090239 -0.000000 0.210803 0.976006 -0.054546 14.685700 -0.076868 0.072177 0.994425 -1.734700 0.000000 0.000000 0.000000 1.000000
0.978199 -0.189952 0.083938 -0.000000 0.197412 0.976003 -0.091906 14.685700 -0.064466 0.106473 0.992224 -1.734700 0.000000 0.000000 0.000000 1.000000
0.982373 -0.170701 0.076192 -0.000000 0.179059 0.976332 -0.121303 14.685700 -0.053682 0.132807 0.989687 -1.734700 0.000000 0.000000 0.000000 1.000000
0.987072 -0.146280 0.065504 0.000000 0.154299 0.977850 -0.141425 14.685700 -0.043365 0.149704 0.987779 -1.734700 0.000000 0.000000 0.000000 1.000000
0.991848 -0.116064 0.052596 0.000000 0.122952 0.980103 -0.155821 14.685700 -0.033464 0.161017 0.986384 -1.734700 0.000000 0.000000 0.000000 1.000000
0.995967 -0.082224 0.035891 0.000000 0.087010 0.982777 -0.163029 14.685700 -0.021868 0.165494 0.985968 -1.734700 0.000000 0.000000 0.000000 1.000000
0.998620 -0.049981 0.016103 0.000000 0.051929 0.985504 -0.161508 14.685700 -0.007797 0.162121 0.986740 -1.734700 0.000000 0.000000 0.000000 1.000000
0.999745 -0.022519 0.001943 -0.000000 0.022547 0.987558 -0.155631 14.685700 0.001586 0.155636 0.987813 -1.734700 0.000000 0.000000 0.000000 1.000000
0.999998 0.000859 0.001522 0.000000 -0.000624 0.988994 -0.147952 14.685700 -0.001632 0.147951 0.988993 -1.734700 0.000000 0.000000 0.000000 1.000000
0.999676 0.021731 0.013252 0.000000 -0.019754 0.990719 -0.134486 14.685700 -0.016052 0.134180 0.990827 -1.734700 0.000000 0.000000 0.000000 1.000000
0.998779 0.039346 0.029882 0.000000 -0.035714 0.992881 -0.113632 14.685700 -0.034140 0.112426 0.993073 -1.734700 0.000000 0.000000 0.000000 1.000000
0.997610 0.051094 0.046517 -0.000000 -0.046644 0.994649 -0.092182 14.685700 -0.050978 0.089792 0.994655 -1.734700 0.000000 0.000000 0.000000 1.000000
0.996616 0.056317 0.059882 0.000000 -0.051632 0.995685 -0.077104 14.685700 -0.063966 0.073751 0.995223 -1.734700 0.000000 0.000000 0.000000 1.000000
0.996115 0.057505 0.066691 -0.000000 -0.053015 0.996327 -0.067250 14.685700 -0.070313 0.063453 0.995505 -1.734700 0.000000 0.000000 0.000000 1.000000
0.996097 0.056504 0.067804 -0.000000 -0.052615 0.996939 -0.057825 14.685700 -0.070864 0.054032 0.996022 -1.734700 0.000000 0.000000 0.000000 1.000000
0.996235 0.053210 0.068450 0.000000 -0.049938 0.997566 -0.048663 14.685700 -0.070873 0.045062 0.996467 -1.734700 0.000000 0.000000 0.000000 1.000000
0.996263 0.048404 0.071529 -0.000000 -0.045413 0.998048 -0.042862 14.685700 -0.073464 0.039454 0.996517 -1.734700 0.000000 0.000000 0.000000 1.000000
0.996177 0.043364 0.075832 0.000000 -0.040418 0.998383 -0.039968 14.685700 -0.077442 0.036750 0.996319 -1.734700 0.000000 0.000000 0.000000 1.000000
0.996024 0.038302 0.080434 0.000000 -0.035334 0.998653 -0.038003 14.685700 -0.081781 0.035010 0.996035 -1.734700 0.000000 0.000000 0.000000 1.000000
0.995787 0.033303 0.085435 0.000000 -0.030247 0.998864 -0.036819 14.685700 -0.086564 0.034080 0.995663 -1.734700 0.000000 0.000000 0.000000 1.000000
0.995460 0.028621 0.090774 -0.000000 -0.025401 0.999013 -0.036428 14.685700 -0.091727 0.033957 0.995205 -1.734700 0.000000 0.000000 0.000000 1.000000
0.995057 0.024378 0.096268 0.000000 -0.020952 0.999116 -0.036437 14.685700 -0.097072 0.034240 0.994688 -1.734700 0.000000 0.000000 0.000000 1.000000
0.994568 0.020947 0.101958 0.000000 -0.017254 0.999167 -0.036971 14.685700 -0.102648 0.035011 0.994101 -1.734700 0.000000 0.000000 0.000000 1.000000
0.993946 0.018946 0.108224 -0.000000 -0.014799 0.999130 -0.038994 14.685700 -0.108869 0.037156 0.993361 -1.734700 0.000000 0.000000 0.000000 1.000000
0.993288 0.017381 0.114353 0.000000 -0.012665 0.999044 -0.041840 14.685700 -0.114971 0.040111 0.992559 -1.734700 0.000000 0.000000 0.000000 1.000000
0.992633 0.015888 0.120117 0.000000 -0.010650 0.998969 -0.044131 14.685700 -0.120694 0.042526 0.991778 -1.734700 0.000000 0.000000 0.000000 1.000000
0.991994 0.014503 0.125450 -0.000000 -0.008756 0.998892 -0.046235 14.685700 -0.125981 0.044766 0.991022 -1.734700 0.000000 0.000000 0.000000 1.000000</float_array>
        <technique_common>
          <accessor source="#mixamorig_Spine-Matrix-animation-output-transform-array" count="44" stride="16">
            <param type="float4x4"/>
          </accessor>
        </technique_common>
      </source>
      <source id="mixamorig_Spine-Interpolations">
        <Name_array id="mixamorig_Spine-Interpolations-array" count="44">
 LINEAR LINEAR LINEAR LINEAR LINEAR LINEAR LINEAR LINEAR LINEAR LINEAR LINEAR
LINEAR LINEAR LINEAR LINEAR LINEAR LINEAR LINEAR LINEAR LINEAR LINEAR LINEAR LINEAR
LINEAR LINEAR LINEAR LINEAR LINEAR LINEAR LINEAR LINEAR LINEAR LINEAR LINEAR LINEAR
LINEAR LINEAR LINEAR LINEAR LINEAR LINEAR LINEAR LINEAR LINEAR</Name_array>
        <technique_common>
          <accessor source="#mixamorig_Spine-Interpolations-array" count="44">
            <param type="name"/>
          </accessor>
        </technique_common>
      </source>
      <sampler id="mixamorig_Spine-Matrix-animation-transform">
        <input semantic="INPUT" source="#mixamorig_Spine-Matrix-animation-input"/>
        <input semantic="OUTPUT" source="#mixamorig_Spine-Matrix-animation-output-transform"/>
        <input semantic="INTERPOLATION" source="#mixamorig_Spine-Interpolations"/>
      </sampler>
      <channel source="#mixamorig_Spine-Matrix-animation-transform" target="mixamorig_Spine/matrix"/>
    </animation>
    <animation id="mixamorig_Spine1-anim" name="mixamorig_Spine1">
      <source id="mixamorig_Spine1-Matrix-animation-input">
        <float_array id="mixamorig_Spine1-Matrix-animation-input-array" count="44">

0.000000 0.033333 0.066667 0.100000 0.133333 0.166667 0.200000 0.233333 0.266667 0.300000 0.333333 0.366667 0.400000 0.433333 0.466667 0.500000
0.533333 0.566667 0.600000 0.633333 0.666667 0.700000 0.733333 0.766667 0.800000 0.833333 0.866667 0.900000 0.933333 0.966667 1.000000 1.033333
1.066667 1.100000 1.133333 1.166667 1.200000 1.233333 1.266667 1.300000 1.333333 1.366667 1.400000 1.433333</float_array>
        <technique_common>
          <accessor source="#mixamorig_Spine1-Matrix-animation-input-array" count="44">
            <param name="TIME" type="float"/>
          </accessor>
        </technique_common>
      </source>
      <source id="mixamorig_Spine1-Matrix-animation-output-transform">
        <float_array id="mixamorig_Spine1-Matrix-animation-output-transform-array" count="704">

0.999723 0.013841 0.019031 0.000000 -0.013107 0.999186 -0.038160 17.252399 -0.019544 0.037900 0.999090 -0.000000 0.000000 0.000000 0.000000 1.000000
0.999721 0.018672 0.014453 0.000000 -0.017732 0.997876 -0.062676 17.252399 -0.015593 0.062402 0.997929 -0.000000 0.000000 0.000000 0.000000 1.000000
0.999465 0.019588 0.026210 0.000000 -0.017754 0.997497 -0.068449 17.252399 -0.027485 0.067947 0.997310 0.000000 0.000000 0.000000 0.000000 1.000000
0.997746 0.024033 0.062656 0.000000 -0.020737 0.998393 -0.052735 17.252399 -0.063823 0.051316 0.996641 -0.000000 0.000000 0.000000 0.000000 1.000000
0.994330 0.035988 0.100064 -0.000000 -0.031552 0.998463 -0.045572 17.252399 -0.101550 0.042156 0.993937 0.000000 0.000000 0.000000 0.000000 1.000000
0.992603 0.042985 0.113538 -0.000000 -0.036169 0.997456 -0.061427 17.252399 -0.115890 0.056866 0.991633 -0.000000 0.000000 0.000000 0.000000 1.000000
0.993280 0.035827 0.110050 0.000000 -0.027043 0.996404 -0.080299 17.252399 -0.112531 0.076784 0.990677 -0.000000 0.000000 0.000000 0.000000 1.000000
0.994046 0.020719 0.106978 0.000000 -0.011191 0.995977 -0.088912 17.252399 -0.108390 0.087186 0.990278 -0.000000 0.000000 0.000000 0.000000 1.000000
0.994036 0.004012 0.108976 0.000000 0.006344 0.995502 -0.094524 17.252399 -0.108865 0.094651 0.989540 0.000000 0.000000 0.000000 0.000000 1.000000
0.993546 -0.011305 0.112867 -0.000000 0.023890 0.993558 -0.110779 17.252399 -0.110887 0.112761 0.987415 -0.000000 0.000000 0.000000 0.000000 1.000000
0.993138 -0.024770 0.114293 0.000000 0.039997 0.990318 -0.132929 17.252399 -0.109893 0.136588 0.984514 0.000000 0.000000 0.000000 0.000000 1.000000
0.992955 -0.034429 0.113380 -0.000000 0.051859 0.986619 -0.154573 17.252399 -0.106541 0.159364 0.981454 0.000000 0.000000 0.000000 0.000000 1.000000
0.992774 -0.040774 0.112863 0.000000 0.060427 0.982423 -0.176619 17.252399 -0.103678 0.182162 0.977787 0.000000 0.000000 0.000000 0.000000 1.000000
0.992462 -0.045878 0.113637 0.000000 0.068085 0.977425 -0.200011 17.252399 -0.101896 0.206240 0.973182 0.000000 0.000000 0.000000 0.000000 1.000000
0.992252 -0.049977 0.113749 -0.000000 0.074088 0.972953 -0.218800 17.252399 -0.099738 0.225532 0.969117 0.000000 0.000000 0.000000 0.000000 1.000000
0.992494 -0.052363 0.110518 0.000000 0.076737 0.970303 -0.229400 17.252399 -0.095224 0.236159 0.967037 0.000000 0.000000 0.000000 0.000000 1.000000
0.993212 -0.053016 0.103532 0.000000 0.076618 0.967898 -0.239379 17.252399 -0.087518 0.245687 0.965390 -0.000000 0.000000 0.000000 0.000000 1.000000
0.994076 -0.051829 0.095530 0.000000 0.074928 0.963517 -0.256946 17.252399 -0.078728 0.262582 0.961693 -0.000000 0.000000 0.000000 0.000000 1.000000
0.994902 -0.048154 0.088608 0.000000 0.071195 0.957664 -0.278945 17.252399 -0.071425 0.283831 0.956210 0.000000 0.000000 0.000000 0.000000 1.000000
0.995808 -0.040999 0.081761 0.000000 0.063667 0.952500 -0.297808 17.252399 -0.065668 0.301765 0.951118 0.000000 0.000000 0.000000 0.000000 1.000000
0.996853 -0.029635 0.073519 0.000000 0.051179 0.948880 -0.311459 17.252399 -0.060531 0.314242 0.947411 0.000000 0.000000 0.000000 0.000000 1.000000
0.997883 -0.015232 0.063225 0.000000 0.034708 0.946890 -0.319679 17.252399 -0.054998 0.321197 0.945414 -0.000000 0.000000 0.000000 0.000000 1.000000
0.998754 -0.000183 0.049911 0.000000 0.016195 0.947075 -0.320605 17.252399 -0.047211 0.321014 0.945897 0.000000 0.000000 0.000000 0.000000 1.000000
0.999281 0.014869 0.034863 0.000000 -0.003096 0.948777 -0.315933 17.252399 -0.037775 0.315598 0.948141 0.000000 0.000000 0.000000 0.000000 1.000000
0.999259 0.030236 0.023819 0.000000 -0.021371 0.950497 -0.309997 17.252399 -0.032012 0.309258 0.950439 0.000000 0.000000 0.000000 0.000000 1.000000
0.998754 0.044914 0.021764 -0.000000 -0.036222 0.952304 -0.302992 17.252399 -0.034334 0.301826 0.952745 -0.000000 0.000000 0.000000 0.000000 1.000000
0.998017 0.056889 0.026938 0.000000 -0.046694 0.956124 -0.289217 17.252399 -0.042209 0.287386 0.956884 0.000000 0.000000 0.000000 0.000000 1.000000
0.997255 0.065573 0.034395 0.000000 -0.054044 0.962105 -0.267268 17.252399 -0.050617 0.264676 0.963008 -0.000000 0.000000 0.000000 0.000000 1.000000
0.996606 0.071156 0.041383 0.000000 -0.058993 0.968035 -0.243780 17.252399 -0.057407 0.240511 0.968947 0.000000 0.000000 0.000000 0.000000 1.000000
0.996213 0.073723 0.046099 0.000000 -0.061560 0.972449 -0.224841 17.252399 -0.061405 0.221152 0.973304 0.000000 0.000000 0.000000 0.000000 1.000000
0.996183 0.073971 0.046353 -0.000000 -0.062699 0.975762 -0.209660 17.252399 -0.060739 0.205953 0.976675 -0.000000 0.000000 0.000000 0.000000 1.000000
0.996464 0.072403 0.042627 0.000000 -0.062796 0.978857 -0.194666 17.252399 -0.055820 0.191300 0.979943 0.000000 0.000000 0.000000 0.000000 1.000000
0.996891 0.068832 0.038344 0.000000 -0.060907 0.981927 -0.179192 17.252399 -0.049985 0.176299 0.983067 0.000000 0.000000 0.000000 0.000000 1.000000
0.997329 0.063870 0.035423 0.000000 -0.057219 0.984714 -0.164509 17.252399 -0.045388 0.162043 0.985739 0.000000 0.000000 0.000000 0.000000 1.000000
0.997737 0.058518 0.033113 -0.000000 -0.052906 0.987199 -0.150460 17.252399 -0.041493 0.148368 0.988061 0.000000 0.000000 0.000000 0.000000 1.000000
0.998116 0.053030 0.030851 0.000000 -0.048354 0.989471 -0.136418 17.252399 -0.037761 0.134669 0.990171 0.000000 0.000000 0.000000 0.000000 1.000000
0.998461 0.047439 0.028740 0.000000 -0.043583 0.991512 -0.122495 17.252399 -0.034307 0.121054 0.992053 0.000000 0.000000 0.000000 0.000000 1.000000
0.998764 0.041875 0.026785 0.000000 -0.038728 0.993306 -0.108826 17.252399 -0.031163 0.107655 0.993700 0.000000 0.000000 0.000000 0.000000 1.000000
0.999025 0.036441 0.024930 0.000000 -0.033908 0.994861 -0.095408 17.252399 -0.028279 0.094470 0.995126 -0.000000 0.000000 0.000000 0.000000 1.000000
0.999241 0.031264 0.023250 0.000000 -0.029251 0.996170 -0.082399 17.252399 -0.025737 0.081656 0.996328 0.000000 0.000000 0.000000 0.000000 1.000000
0.999402 0.026562 0.022117 0.000000 -0.024946 0.997206 -0.070406 17.252399 -0.023925 0.069812 0.997273 0.000000 0.000000 0.000000 0.000000 1.000000
0.999536 0.022054 0.021027 0.000000 -0.020781 0.998045 -0.058944 17.252399 -0.022286 0.058480 0.998040 0.000000 0.000000 0.000000 0.000000 1.000000
0.999642 0.017794 0.019994 0.000000 -0.016815 0.998699 -0.048150 17.252399 -0.020824 0.047797 0.998640 0.000000 0.000000 0.000000 0.000000 1.000000
0.999723 0.013841 0.019031 0.000000 -0.013107 0.999186 -0.038160 17.252399 -0.019544 0.037900 0.999090 -0.000000 0.000000 0.000000 0.000000 1.000000</float_array>
        <technique_common>
          <accessor source="#mixamorig_Spine1-Matrix-animation-output-transform-array" count="44" stride="16">
            <param type="float4x4"/>
          </accessor>
        </technique_common>
      </source>
      <source id="mixamorig_Spine1-Interpolations">
        <Name_array id="mixamorig_Spine1-Interpolations-array" count="44">
 LINEAR LINEAR LINEAR LINEAR LINEAR LINEAR LINEAR LINEAR LINEAR LINEAR LINEAR
LINEAR LINEAR LINEAR LINEAR LINEAR LINEAR LINEAR LINEAR LINEAR LINEAR LINEAR LINEAR
LINEAR LINEAR LINEAR LINEAR LINEAR LINEAR LINEAR LINEAR LINEAR LINEAR LINEAR LINEAR
LINEAR LINEAR LINEAR LINEAR LINEAR LINEAR LINEAR LINEAR LINEAR</Name_array>
        <technique_common>
          <accessor source="#mixamorig_Spine1-Interpolations-array" count="44">
            <param type="name"/>
          </accessor>
        </technique_common>
      </source>
      <sampler id="mixamorig_Spine1-Matrix-animation-transform">
        <input semantic="INPUT" source="#mixamorig_Spine1-Matrix-animation-input"/>
        <input semantic="OUTPUT" source="#mixamorig_Spine1-Matrix-animation-output-transform"/>
        <input semantic="INTERPOLATION" source="#mixamorig_Spine1-Interpolations"/>
      </sampler>
      <channel source="#mixamorig_Spine1-Matrix-animation-transform" target="mixamorig_Spine1/matrix"/>
    </animation>
    <animation id="mixamorig_Spine2-anim" name="mixamorig_Spine2">
      <source id="mixamorig_Spine2-Matrix-animation-input">
        <float_array id="mixamorig_Spine2-Matrix-animation-input-array" count="44">

0.000000 0.033333 0.066667 0.100000 0.133333 0.166667 0.200000 0.233333 0.266667 0.300000 0.333333 0.366667 0.400000 0.433333 0.466667 0.500000
0.533333 0.566667 0.600000 0.633333 0.666667 0.700000 0.733333 0.766667 0.800000 0.833333 0.866667 0.900000 0.933333 0.966667 1.000000 1.033333
1.066667 1.100000 1.133333 1.166667 1.200000 1.233333 1.266667 1.300000 1.333333 1.366667 1.400000 1.433333</float_array>
        <technique_common>
          <accessor source="#mixamorig_Spine2-Matrix-animation-input-array" count="44">
            <param name="TIME" type="float"/>
          </accessor>
        </technique_common>
      </source>
      <source id="mixamorig_Spine2-Matrix-animation-output-transform">
        <float_array id="mixamorig_Spine2-Matrix-animation-output-transform-array" count="704">

0.999731 0.013483 0.018864 0.000000 -0.012751 0.999180 -0.038424 19.717100 -0.019366 0.038173 0.999083 0.000000 0.000000 0.000000 0.000000 1.000000
0.999734 0.018365 0.013958 0.000000 -0.017451 0.997861 -0.063003 19.717100 -0.015086 0.062743 0.997916 -0.000000 0.000000 0.000000 0.000000 1.000000
0.999499 0.019053 0.025277 0.000000 -0.017275 0.997480 -0.068814 19.717100 -0.026524 0.068343 0.997309 0.000000 0.000000 0.000000 0.000000 1.000000
0.997852 0.022891 0.061386 0.000000 -0.019646 0.998404 -0.052952 19.717100 -0.062500 0.051632 0.996708 -0.000000 0.000000 0.000000 0.000000 1.000000
0.994525 0.034310 0.098711 0.000000 -0.029929 0.998515 -0.045528 19.717100 -0.100126 0.042325 0.994074 0.000000 0.000000 0.000000 0.000000 1.000000
0.992829 0.041254 0.112196 0.000000 -0.034518 0.997520 -0.061333 19.717100 -0.114448 0.057021 0.991791 0.000000 0.000000 0.000000 0.000000 1.000000
0.993489 0.034314 0.108638 0.000000 -0.025622 0.996432 -0.080417 19.717100 -0.111010 0.077110 0.990823 -0.000000 0.000000 0.000000 0.000000 1.000000
0.994248 0.019256 0.105362 -0.000000 -0.009831 0.995961 -0.089251 19.717100 -0.106655 0.087701 0.990421 -0.000000 0.000000 0.000000 0.000000 1.000000
0.994254 0.002342 0.107017 0.000000 0.007877 0.995449 -0.094968 19.717100 -0.106752 0.095266 0.989711 0.000000 0.000000 0.000000 0.000000 1.000000
0.993785 -0.013205 0.110533 -0.000000 0.025580 0.993457 -0.111305 19.717100 -0.108340 0.113441 0.987620 0.000000 0.000000 0.000000 0.000000 1.000000
0.993391 -0.026784 0.111608 0.000000 0.041712 0.990150 -0.133649 19.717100 -0.106929 0.137422 0.984724 0.000000 0.000000 0.000000 0.000000 1.000000
0.993231 -0.036518 0.110262 0.000000 0.053546 0.986357 -0.155668 19.717100 -0.103073 0.160518 0.981636 0.000000 0.000000 0.000000 0.000000 1.000000
0.993085 -0.042916 0.109274 0.000000 0.062044 0.982040 -0.178181 19.717100 -0.099665 0.183729 0.977911 -0.000000 0.000000 0.000000 0.000000 1.000000
0.992815 -0.047922 0.109642 0.000000 0.069463 0.976919 -0.202002 19.717100 -0.097431 0.208167 0.973229 0.000000 0.000000 0.000000 0.000000 1.000000
0.992632 -0.051720 0.109571 0.000000 0.075074 0.972348 -0.221141 19.717100 -0.095104 0.227738 0.969067 0.000000 0.000000 0.000000 0.000000 1.000000
0.992869 -0.053665 0.106446 0.000000 0.077277 0.969657 -0.231935 19.717100 -0.090769 0.238507 0.966890 0.000000 0.000000 0.000000 0.000000 1.000000
0.993548 -0.053829 0.099822 0.000000 0.076704 0.967279 -0.241844 19.717100 -0.083537 0.247941 0.965167 0.000000 0.000000 0.000000 0.000000 1.000000
0.994363 -0.052168 0.092308 0.000000 0.074577 0.962955 -0.259143 19.717100 -0.075370 0.264566 0.961418 0.000000 0.000000 0.000000 0.000000 1.000000
0.995140 -0.048072 0.085943 0.000000 0.070490 0.957166 -0.280827 19.717100 -0.068762 0.285520 0.955903 0.000000 0.000000 0.000000 0.000000 1.000000
0.995989 -0.040591 0.079733 0.000000 0.062766 0.952075 -0.299357 19.717100 -0.063760 0.303161 0.950804 -0.000000 0.000000 0.000000 0.000000 1.000000
0.996973 -0.029029 0.072132 0.000000 0.050239 0.948538 -0.312654 19.717100 -0.059344 0.315331 0.947124 0.000000 0.000000 0.000000 0.000000 1.000000
0.997946 -0.014536 0.062393 -0.000000 0.033830 0.946625 -0.320557 19.717100 -0.054403 0.322009 0.945172 0.000000 0.000000 0.000000 0.000000 1.000000
0.998772 0.000505 0.049536 0.000000 0.015454 0.946871 -0.321241 19.717100 -0.047066 0.321612 0.945701 -0.000000 0.000000 0.000000 0.000000 1.000000
0.999273 0.015471 0.034846 0.000000 -0.003654 0.948618 -0.316403 19.717100 -0.037951 0.316046 0.947985 -0.000000 0.000000 0.000000 0.000000 1.000000
0.999236 0.030781 0.024087 -0.000000 -0.021794 0.950368 -0.310363 19.717100 -0.032445 0.309601 0.950313 0.000000 0.000000 0.000000 0.000000 1.000000
0.998713 0.045534 0.022333 0.000000 -0.036632 0.952205 -0.303254 19.717100 -0.035074 0.302046 0.952648 -0.000000 0.000000 0.000000 0.000000 1.000000
0.997950 0.057648 0.027808 0.000000 -0.047167 0.956069 -0.289321 19.717100 -0.043265 0.287417 0.956828 0.000000 0.000000 0.000000 0.000000 1.000000
0.997164 0.066403 0.035432 0.000000 -0.054575 0.962102 -0.267172 19.717100 -0.051830 0.264480 0.962997 0.000000 0.000000 0.000000 0.000000 1.000000
0.996506 0.071956 0.042401 0.000000 -0.059541 0.968070 -0.243505 19.717100 -0.058569 0.240130 0.968972 -0.000000 0.000000 0.000000 0.000000 1.000000
0.996119 0.074427 0.046991 0.000000 -0.062073 0.972502 -0.224472 19.717100 -0.062405 0.220684 0.973347 0.000000 0.000000 0.000000 0.000000 1.000000
0.996106 0.074525 0.047099 0.000000 -0.063111 0.975815 -0.209290 19.717100 -0.061557 0.205503 0.976719 0.000000 0.000000 0.000000 0.000000 1.000000
0.996413 0.072757 0.043223 -0.000000 -0.063047 0.978902 -0.194359 19.717100 -0.056452 0.190937 0.979978 -0.000000 0.000000 0.000000 0.000000 1.000000
0.996864 0.068985 0.038771 0.000000 -0.060993 0.981961 -0.178975 19.717100 -0.050418 0.176049 0.983089 0.000000 0.000000 0.000000 0.000000 1.000000
0.997319 0.063881 0.035701 0.000000 -0.057191 0.984739 -0.164372 19.717100 -0.045657 0.161890 0.985752 0.000000 0.000000 0.000000 0.000000 1.000000
0.997736 0.058441 0.033290 0.000000 -0.052807 0.987217 -0.150382 19.717100 -0.041653 0.148283 0.988067 0.000000 0.000000 0.000000 0.000000 1.000000
0.998121 0.052884 0.030946 -0.000000 -0.048198 0.989482 -0.136391 19.717100 -0.037834 0.134643 0.990172 0.000000 0.000000 0.000000 0.000000 1.000000
0.998469 0.047238 0.028767 0.000000 -0.043380 0.991518 -0.122516 19.717100 -0.034310 0.121080 0.992050 0.000000 0.000000 0.000000 0.000000 1.000000
0.998775 0.041631 0.026757 -0.000000 -0.038486 0.993308 -0.108891 19.717100 -0.031112 0.107728 0.993694 0.000000 0.000000 0.000000 0.000000 1.000000
0.999037 0.036157 0.024854 0.000000 -0.033630 0.994860 -0.095515 19.717100 -0.028179 0.094587 0.995118 0.000000 0.000000 0.000000 0.000000 1.000000
0.999252 0.031001 0.023128 0.000000 -0.028995 0.996165 -0.082548 19.717100 -0.025599 0.081816 0.996319 0.000000 0.000000 0.000000 0.000000 1.000000
0.999413 0.026273 0.021983 0.000000 -0.024663 0.997201 -0.070583 19.717100 -0.023776 0.070000 0.997264 0.000000 0.000000 0.000000 0.000000 1.000000
0.999546 0.021740 0.020881 0.000000 -0.020472 0.998039 -0.059150 19.717100 -0.022126 0.058696 0.998031 0.000000 0.000000 0.000000 0.000000 1.000000
0.999651 0.017458 0.019837 0.000000 -0.016481 0.998693 -0.048385 19.717100 -0.020655 0.048041 0.998632 0.000000 0.000000 0.000000 0.000000 1.000000
0.999731 0.013483 0.018864 -0.000000 -0.012751 0.999180 -0.038424 19.717100 -0.019366 0.038173 0.999083 0.000000 0.000000 0.000000 0.000000 1.000000</float_array>
        <technique_common>
          <accessor source="#mixamorig_Spine2-Matrix-animation-output-transform-array" count="44" stride="16">
            <param type="float4x4"/>
          </accessor>
        </technique_common>
      </source>
      <source id="mixamorig_Spine2-Interpolations">
        <Name_array id="mixamorig_Spine2-Interpolations-array" count="44">
 LINEAR LINEAR LINEAR LINEAR LINEAR LINEAR LINEAR LINEAR LINEAR LINEAR LINEAR
LINEAR LINEAR LINEAR LINEAR LINEAR LINEAR LINEAR LINEAR LINEAR LINEAR LINEAR LINEAR
LINEAR LINEAR LINEAR LINEAR LINEAR LINEAR LINEAR LINEAR LINEAR LINEAR LINEAR LINEAR
LINEAR LINEAR LINEAR LINEAR LINEAR LINEAR LINEAR LINEAR LINEAR</Name_array>
        <technique_common>
          <accessor source="#mixamorig_Spine2-Interpolations-array" count="44">
            <param type="name"/>
          </accessor>
        </technique_common>
      </source>
      <sampler id="mixamorig_Spine2-Matrix-animation-transform">
        <input semantic="INPUT" source="#mixamorig_Spine2-Matrix-animation-input"/>
        <input semantic="OUTPUT" source="#mixamorig_Spine2-Matrix-animation-output-transform"/>
        <input semantic="INTERPOLATION" source="#mixamorig_Spine2-Interpolations"/>
      </sampler>
      <channel source="#mixamorig_Spine2-Matrix-animation-transform" target="mixamorig_Spine2/matrix"/>
    </animation>
    <animation id="mixamorig_Neck-anim" name="mixamorig_Neck">
      <source id="mixamorig_Neck-Matrix-animation-input">
        <float_array id="mixamorig_Neck-Matrix-animation-input-array" count="44">

0.000000 0.033333 0.066667 0.100000 0.133333 0.166667 0.200000 0.233333 0.266667 0.300000 0.333333 0.366667 0.400000 0.433333 0.466667 0.500000
0.533333 0.566667 0.600000 0.633333 0.666667 0.700000 0.733333 0.766667 0.800000 0.833333 0.866667 0.900000 0.933333 0.966667 1.000000 1.033333
1.066667 1.100000 1.133333 1.166667 1.200000 1.233333 1.266667 1.300000 1.333333 1.366667 1.400000 1.433333</float_array>
        <technique_common>
          <accessor source="#mixamorig_Neck-Matrix-animation-input-array" count="44">
            <param name="TIME" type="float"/>
          </accessor>
        </technique_common>
      </source>
      <source id="mixamorig_Neck-Matrix-animation-output-transform">
        <float_array id="mixamorig_Neck-Matrix-animation-output-transform-array" count="704">

0.970444 -0.077035 0.228700 -0.000000 0.105650 0.987658 -0.115626 22.181700 -0.216970 0.136371 0.966606 0.000000 0.000000 0.000000 0.000000 1.000000
0.979304 -0.053636 0.195157 0.000000 0.079536 0.988657 -0.127399 22.181700 -0.186110 0.140285 0.972462 0.000000 0.000000 0.000000 0.000000 1.000000
0.988547 -0.012814 0.150368 -0.000000 0.030973 0.992405 -0.119054 22.181700 -0.147700 0.122348 0.981435 -0.000000 0.000000 0.000000 0.000000 1.000000
0.994895 0.025367 0.097677 0.000000 -0.019906 0.998205 -0.056484 22.181700 -0.098934 0.054251 0.993614 0.000000 0.000000 0.000000 0.000000 1.000000
0.998548 0.026170 0.047093 0.000000 -0.027799 0.999026 0.034280 22.181700 -0.046150 -0.035539 0.998302 0.000000 0.000000 0.000000 0.000000 1.000000
0.999991 -0.002314 0.003631 -0.000000 0.001931 0.994746 0.102355 22.181700 -0.003849 -0.102347 0.994741 0.000000 0.000000 0.000000 0.000000 1.000000
0.999186 -0.020937 -0.034493 -0.000000 0.025545 0.989952 0.139075 22.181700 0.031235 -0.139843 0.989681 0.000000 0.000000 0.000000 0.000000 1.000000
0.997776 -0.018088 -0.064162 -0.000000 0.027621 0.988154 0.150958 22.181700 0.060672 -0.152394 0.986456 -0.000000 0.000000 0.000000 0.000000 1.000000
0.996957 -0.007849 -0.077553 -0.000000 0.018608 0.990118 0.138997 22.181700 0.075696 -0.140017 0.987251 0.000000 0.000000 0.000000 0.000000 1.000000
0.996748 0.001492 -0.080563 0.000000 0.007656 0.993552 0.113119 22.181700 0.080212 -0.113368 0.990310 -0.000000 0.000000 0.000000 0.000000 1.000000
0.996824 0.002715 -0.079589 -0.000000 0.004103 0.996340 0.085380 22.181700 0.079529 -0.085435 0.993165 -0.000000 0.000000 0.000000 0.000000 1.000000
0.996777 -0.007649 -0.079853 0.000000 0.012001 0.998460 0.054155 22.181700 0.079315 -0.054939 0.995334 0.000000 0.000000 0.000000 0.000000 1.000000
0.996245 -0.023329 -0.083377 0.000000 0.024880 0.999535 0.017605 22.181700 0.082927 -0.019614 0.996363 0.000000 0.000000 0.000000 0.000000 1.000000
0.995375 -0.033596 -0.090004 0.000000 0.031881 0.999283 -0.020431 22.181700 0.090626 0.017467 0.995732 0.000000 0.000000 0.000000 0.000000 1.000000
0.994703 -0.033421 -0.097203 0.000000 0.027668 0.997818 -0.059944 22.181700 0.098995 0.056937 0.993458 -0.000000 0.000000 0.000000 0.000000 1.000000
0.994450 -0.026763 -0.101746 0.000000 0.016414 0.994729 -0.101220 22.181700 0.103919 0.098988 0.989648 0.000000 0.000000 0.000000 0.000000 1.000000
0.994521 -0.018940 -0.102804 -0.000000 0.004717 0.990578 -0.136865 22.181700 0.104427 0.135631 0.985241 0.000000 0.000000 0.000000 0.000000 1.000000
0.994859 -0.008652 -0.100901 -0.000000 -0.007680 0.987029 -0.160356 22.181700 0.100980 0.160307 0.981888 0.000000 0.000000 0.000000 0.000000 1.000000
