<?xml version="1.0" encoding="utf-8"?>
<COLLADA xmlns="http://www.collada.org/2005/11/COLLADASchema" version="1.4.1">
  <asset>
    <contributor>
      <author>Mixamo</author>
      <authoring_tool>COLLADA Mixamo exporter</authoring_tool>
      <comments/>
    </contributor>
    <created>2024-12-16T04:55:50Z</created>
    <modified>2024-12-16T04:55:50Z</modified>
    <revision/>
    <title/>
    <unit meter="0.010000"/>
    <up_axis>Y_UP</up_axis>
  </asset>
  <library_animations>
    <animation id="mixamorig_Hips-anim" name="mixamorig_Hips">
      <source id="mixamorig_Hips-Matrix-animation-input">
        <float_array id="mixamorig_Hips-Matrix-animation-input-array" count="67">

0.000000 0.033333 0.066667 0.100000 0.133333 0.166667 0.200000 0.233333 0.266667 0.300000 0.333333 0.366667 0.400000 0.433333 0.466667 0.500000
0.533333 0.566667 0.600000 0.633333 0.666667 0.700000 0.733333 0.766667 0.800000 0.833333 0.866667 0.900000 0.933333 0.966667 1.000000 1.033333
1.066667 1.100000 1.133333 1.166667 1.200000 1.233333 1.266667 1.300000 1.333333 1.366667 1.400000 1.433333 1.466667 1.500000 1.533333 1.566667
1.600000 1.633333 1.666667 1.700000 1.733333 1.766667 1.800000 1.833333 1.866667 1.900000 1.933333 1.966667 2.000000 2.033333 2.066667 2.100000
2.133333 2.166667 2.200000</float_array>
        <technique_common>
          <accessor source="#mixamorig_Hips-Matrix-animation-input-array" count="67">
            <param name="TIME" type="float"/>
          </accessor>
        </technique_common>
      </source>
      <source id="mixamorig_Hips-Matrix-animation-output-transform">
        <float_array id="mixamorig_Hips-Matrix-animation-output-transform-array" count="1072">

0.693256 0.001862 -0.720689 -0.594733 0.065098 0.995747 0.065193 65.617844 0.717745 -0.092111 0.690186 0.106098 0.000000 0.000000 0.000000 1.000000
0.695249 0.002346 -0.718765 -0.786150 0.061170 0.996174 0.062419 66.095924 0.716162 -0.087364 0.692445 -0.080024 0.000000 0.000000 0.000000 1.000000
0.698554 0.004076 -0.715546 -1.099370 0.052242 0.997025 0.056681 67.011627 0.713648 -0.076976 0.696262 -0.520066 0.000000 0.000000 0.000000 1.000000
0.707559 0.007826 -0.706611 -1.562385 0.038540 0.998023 0.049645 68.254410 0.705603 -0.062360 0.705859 -1.260643 0.000000 0.000000 0.000000 1.000000
0.725905 0.012769 -0.687677 -2.143470 0.022572 0.998847 0.042374 69.564026 0.687425 -0.046282 0.724779 -2.280986 0.000000 0.000000 0.000000 1.000000
0.752709 0.015700 -0.658166 -2.763848 0.009366 0.999359 0.034550 70.618309 0.658287 -0.032171 0.752079 -3.532285 0.000000 0.000000 0.000000 1.000000
0.783058 0.013260 -0.621807 -3.367224 0.003737 0.999654 0.026024 71.181839 0.621937 -0.022702 0.782738 -4.973329 0.000000 0.000000 0.000000 1.000000
0.811275 0.005687 -0.584637 -3.921790 0.006548 0.999802 0.018811 71.146706 0.584628 -0.019089 0.811077 -6.533603 0.000000 0.000000 0.000000 1.000000
0.833439 -0.002236 -0.552607 -4.394470 0.013573 0.999773 0.016427 70.565308 0.552445 -0.021191 0.833280 -8.060009 0.000000 0.000000 0.000000 1.000000
0.848705 -0.004903 -0.528844 -4.714058 0.018972 0.999596 0.021180 69.684448 0.528527 -0.028009 0.848455 -9.367082 0.000000 0.000000 0.000000 1.000000
0.858906 -0.001472 -0.512131 -4.880068 0.020800 0.999271 0.032013 68.748116 0.511710 -0.038148 0.858311 -10.397642 0.000000 0.000000 0.000000 1.000000
0.866414 0.003922 -0.499311 -4.903484 0.021209 0.998778 0.044647 68.011879 0.498875 -0.049273 0.865272 -11.056875 0.000000 0.000000 0.000000 1.000000
0.871750 0.005981 -0.489914 -4.910571 0.023597 0.998253 0.054176 67.694565 0.489382 -0.058788 0.870086 -11.390895 0.000000 0.000000 0.000000 1.000000
0.873419 0.002082 -0.486965 -4.929101 0.029796 0.997889 0.057708 67.905121 0.486057 -0.064913 0.871513 -11.389708 0.000000 0.000000 0.000000 1.000000
0.869653 -0.006199 -0.493624 -4.948096 0.038141 0.997776 0.054667 68.567917 0.492188 -0.066369 0.867955 -11.061973 0.000000 0.000000 0.000000 1.000000
0.859942 -0.015476 -0.510157 -4.871092 0.045047 0.997941 0.045660 69.465446 0.508400 -0.062246 0.858868 -10.424620 0.000000 0.000000 0.000000 1.000000
0.844595 -0.022814 -0.534919 -4.632531 0.047294 0.998365 0.032094 70.309647 0.533312 -0.052405 0.844294 -9.522844 0.000000 0.000000 0.000000 1.000000
0.823524 -0.026386 -0.566668 -4.250886 0.043555 0.998910 0.016784 70.834793 0.565607 -0.038503 0.823776 -8.452673 0.000000 0.000000 0.000000 1.000000
0.796937 -0.025316 -0.603531 -3.781106 0.034983 0.999379 0.004274 70.881165 0.603048 -0.024519 0.797328 -7.317772 0.000000 0.000000 0.000000 1.000000
0.768392 -0.019805 -0.639673 -3.269160 0.025217 0.999682 -0.000661 70.429108 0.639482 -0.015623 0.768647 -6.226943 0.000000 0.000000 0.000000 1.000000
0.745683 -0.011610 -0.666200 -2.748168 0.019023 0.999812 0.003868 69.608521 0.666029 -0.015558 0.745763 -5.280700 0.000000 0.000000 0.000000 1.000000
0.735168 -0.003628 -0.677875 -2.266269 0.018889 0.999707 0.015135 68.674309 0.677621 -0.023931 0.735021 -4.533178 0.000000 0.000000 0.000000 1.000000
0.734771 0.001647 -0.678314 -1.888665 0.022962 0.999364 0.027300 67.937675 0.677927 -0.035634 0.734265 -4.006994 0.000000 0.000000 0.000000 1.000000
0.736122 0.003488 -0.676840 -1.670918 0.026960 0.999042 0.034469 67.610779 0.676312 -0.043621 0.735323 -3.624163 0.000000 0.000000 0.000000 1.000000
0.734103 0.002656 -0.679033 -1.642021 0.027543 0.999053 0.033685 67.782791 0.678479 -0.043431 0.733335 -3.409871 0.000000 0.000000 0.000000 1.000000
0.732094 0.000659 -0.681204 -1.805357 0.023562 0.999377 0.026289 68.366501 0.680797 -0.035297 0.731622 -3.410092 0.000000 0.000000 0.000000 1.000000
0.737199 -0.001284 -0.675674 -2.136725 0.016580 0.999731 0.016190 69.127472 0.675472 -0.023138 0.737023 -3.681971 0.000000 0.000000 0.000000 1.000000
0.752043 -0.003264 -0.659106 -2.603638 0.010400 0.999922 0.006916 69.773209 0.659032 -0.012056 0.752019 -4.237001 0.000000 0.000000 0.000000 1.000000
0.772972 -0.006311 -0.634409 -3.148764 0.008628 0.999963 0.000564 70.063782 0.634381 -0.005910 0.772998 -5.017114 0.000000 0.000000 0.000000 1.000000
0.794525 -0.010863 -0.607135 -3.694034 0.012665 0.999919 -0.001317 69.864983 0.607100 -0.006643 0.794598 -5.879010 0.000000 0.000000 0.000000 1.000000
0.812838 -0.015817 -0.582276 -4.148416 0.021501 0.999765 0.002857 69.233826 0.582093 -0.014842 0.812986 -6.645575 0.000000 0.000000 0.000000 1.000000
0.825753 -0.018747 -0.563721 -4.424278 0.031978 0.999396 0.013607 68.387756 0.563125 -0.029262 0.825854 -7.166494 0.000000 0.000000 0.000000 1.000000
0.832387 -0.017812 -0.553908 -4.554205 0.040635 0.998755 0.028946 67.567307 0.552702 -0.046602 0.832075 -7.448205 0.000000 0.000000 0.000000 1.000000
0.833280 -0.013155 -0.552694 -4.610065 0.045478 0.997960 0.044814 67.046082 0.550977 -0.062478 0.832178 -7.502757 0.000000 0.000000 0.000000 1.000000
0.830062 -0.007177 -0.557624 -4.646317 0.046894 0.997274 0.056970 67.022400 0.555695 -0.073438 0.828136 -7.348169 0.000000 0.000000 0.000000 1.000000
0.824252 -0.003420 -0.566213 -4.660192 0.046873 0.996962 0.062213 67.557846 0.564280 -0.077820 0.821908 -6.987989 0.000000 0.000000 0.000000 1.000000
0.816043 -0.004419 -0.577975 -4.617225 0.047060 0.997159 0.058820 68.530609 0.576073 -0.075199 0.813932 -6.426380 0.000000 0.000000 0.000000 1.000000
0.804097 -0.009867 -0.594417 -4.463531 0.047246 0.997760 0.047350 69.667595 0.592618 -0.066157 0.802762 -5.690838 0.000000 0.000000 0.000000 1.000000
0.786685 -0.016612 -0.617131 -4.172560 0.045615 0.998470 0.031271 70.617386 0.615667 -0.052751 0.786239 -4.848838 0.000000 0.000000 0.000000 1.000000
0.763649 -0.020658 -0.645301 -3.745704 0.040562 0.999049 0.016018 71.071060 0.644356 -0.038407 0.763760 -3.953945 0.000000 0.000000 0.000000 1.000000
0.737996 -0.019746 -0.674516 -3.208618 0.032750 0.999442 0.006574 70.855995 0.674010 -0.026942 0.738231 -3.048638 0.000000 0.000000 0.000000 1.000000
0.715406 -0.014795 -0.698552 -2.618551 0.025556 0.999661 0.005000 70.022415 0.698241 -0.021429 0.715542 -2.200459 0.000000 0.000000 0.000000 1.000000
0.700892 -0.009056 -0.713210 -2.047084 0.022735 0.999695 0.009649 68.851227 0.712905 -0.022977 0.700884 -1.491727 0.000000 0.000000 0.000000 1.000000
0.694929 -0.005724 -0.719056 -1.590004 0.025437 0.999538 0.016627 67.754356 0.718629 -0.029846 0.694753 -0.992615 0.000000 0.000000 0.000000 1.000000
0.693366 -0.005602 -0.720564 -1.285471 0.030955 0.999278 0.022017 67.022202 0.719920 -0.037571 0.693039 -0.660549 0.000000 0.000000 0.000000 1.000000
0.691800 -0.007475 -0.722050 -1.111484 0.035206 0.999106 0.023387 66.793854 0.721230 -0.041599 0.691445 -0.451433 0.000000 0.000000 0.000000 1.000000
0.690039 -0.009400 -0.723711 -1.092992 0.035054 0.999176 0.020445 67.047028 0.722923 -0.039477 0.689800 -0.405621 0.000000 0.000000 0.000000 1.000000
0.691968 -0.010324 -0.721854 -1.218352 0.030349 0.999430 0.014798 67.634178 0.721290 -0.032148 0.691887 -0.570093 0.000000 0.000000 0.000000 1.000000
0.701583 -0.010246 -0.712514 -1.479195 0.023569 0.999683 0.008832 68.324699 0.712197 -0.022990 0.701603 -0.966014 0.000000 0.000000 0.000000 1.000000
0.719633 -0.010062 -0.694281 -1.854903 0.018365 0.999821 0.004547 68.839478 0.694111 -0.016023 0.719689 -1.577681 0.000000 0.000000 0.000000 1.000000
0.743351 -0.011239 -0.668807 -2.323505 0.018080 0.999831 0.003294 68.943977 0.668657 -0.014540 0.743429 -2.381730 0.000000 0.000000 0.000000 1.000000
0.767942 -0.014511 -0.640355 -2.832788 0.024174 0.999688 0.006336 68.501419 0.640063 -0.020346 0.768053 -3.279895 0.000000 0.000000 0.000000 1.000000
0.788337 -0.018495 -0.614965 -3.295433 0.035015 0.999277 0.014834 67.637558 0.614246 -0.033227 0.788415 -4.086513 0.000000 0.000000 0.000000 1.000000
0.801081 -0.020289 -0.598212 -3.612265 0.046520 0.998513 0.028431 66.644821 0.596745 -0.050604 0.800833 -4.652321 0.000000 0.000000 0.000000 1.000000
0.805479 -0.017802 -0.592357 -3.759902 0.054622 0.997524 0.044295 65.837708 0.590102 -0.068034 0.804457 -4.969156 0.000000 0.000000 0.000000 1.000000
0.803106 -0.011905 -0.595717 -3.803733 0.058114 0.996599 0.058429 65.481903 0.592995 -0.081544 0.801066 -5.051907 0.000000 0.000000 0.000000 1.000000
0.796435 -0.005961 -0.604695 -3.809850 0.058917 0.995959 0.067781 65.645630 0.601847 -0.089610 0.793568 -4.936937 0.000000 0.000000 0.000000 1.000000
0.787599 -0.002730 -0.616183 -3.774476 0.059084 0.995717 0.071108 66.220276 0.613350 -0.092411 0.784387 -4.624240 0.000000 0.000000 0.000000 1.000000
0.777262 -0.002563 -0.629172 -3.639197 0.058825 0.995907 0.068614 66.992645 0.626421 -0.090342 0.774232 -4.090567 0.000000 0.000000 0.000000 1.000000
0.764191 -0.003969 -0.644978 -3.360456 0.057115 0.996469 0.061539 67.705780 0.642456 -0.083865 0.761719 -3.363730 0.000000 0.000000 0.000000 1.000000
0.746702 -0.005156 -0.665139 -2.930140 0.053512 0.997194 0.052343 68.124084 0.663003 -0.074677 0.744883 -2.522621 0.000000 0.000000 0.000000 1.000000
0.725703 -0.005194 -0.687989 -2.373845 0.049541 0.997770 0.044724 68.095932 0.686222 -0.066540 0.724342 -1.682556 0.000000 0.000000 0.000000 1.000000
0.706160 -0.004024 -0.708040 -1.749371 0.048022 0.997953 0.042222 67.636765 0.706422 -0.063817 0.704908 -0.933458 0.000000 0.000000 0.000000 1.000000
0.693718 -0.002108 -0.720244 -1.177412 0.050692 0.997659 0.045906 66.908707 0.718461 -0.068356 0.692201 -0.370172 0.000000 0.000000 0.000000 1.000000
0.689638 -0.000148 -0.724154 -0.778662 0.056325 0.996982 0.053436 66.190445 0.721961 -0.077639 0.687565 -0.025261 0.000000 0.000000 0.000000 1.000000
0.690725 0.001235 -0.723117 -0.598100 0.061957 0.996220 0.060883 65.722221 0.720459 -0.086856 0.688037 0.119654 0.000000 0.000000 0.000000 1.000000
0.693256 0.001862 -0.720689 -0.594726 0.065098 0.995747 0.065193 65.617836 0.717745 -0.092111 0.690186 0.106102 0.000000 0.000000 0.000000 1.000000</float_array>
        <technique_common>
          <accessor source="#mixamorig_Hips-Matrix-animation-output-transform-array" count="67" stride="16">
            <param type="float4x4"/>
          </accessor>
        </technique_common>
      </source>
      <source id="mixamorig_Hips-Interpolations">
        <Name_array id="mixamorig_Hips-Interpolations-array" count="67">
 LINEAR LINEAR LINEAR LINEAR LINEAR LINEAR LINEAR LINEAR LINEAR LINEAR LINEAR
LINEAR LINEAR LINEAR LINEAR LINEAR LINEAR LINEAR LINEAR LINEAR LINEAR LINEAR LINEAR
LINEAR LINEAR LINEAR LINEAR LINEAR LINEAR LINEAR LINEAR LINEAR LINEAR LINEAR LINEAR
LINEAR LINEAR LINEAR LINEAR LINEAR LINEAR LINEAR LINEAR LINEAR LINEAR LINEAR LINEAR
LINEAR LINEAR LINEAR LINEAR LINEAR LINEAR LINEAR LINEAR LINEAR LINEAR LINEAR LINEAR
LINEAR LINEAR LINEAR LINEAR LINEAR LINEAR LINEAR LINEAR</Name_array>
        <technique_common>
          <accessor source="#mixamorig_Hips-Interpolations-array" count="67">
            <param type="name"/>
          </accessor>
        </technique_common>
      </source>
      <sampler id="mixamorig_Hips-Matrix-animation-transform">
        <input semantic="INPUT" source="#mixamorig_Hips-Matrix-animation-input"/>
        <input semantic="OUTPUT" source="#mixamorig_Hips-Matrix-animation-output-transform"/>
        <input semantic="INTERPOLATION" source="#mixamorig_Hips-Interpolations"/>
      </sampler>
      <channel source="#mixamorig_Hips-Matrix-animation-transform" target="mixamorig_Hips/matrix"/>
    </animation>
    <animation id="mixamorig_Spine-anim" name="mixamorig_Spine">
      <source id="mixamorig_Spine-Matrix-animation-input">
        <float_array id="mixamorig_Spine-Matrix-animation-input-array" count="67">

0.000000 0.033333 0.066667 0.100000 0.133333 0.166667 0.200000 0.233333 0.266667 0.300000 0.333333 0.366667 0.400000 0.433333 0.466667 0.500000
0.533333 0.566667 0.600000 0.633333 0.666667 0.700000 0.733333 0.766667 0.800000 0.833333 0.866667 0.900000 0.933333 0.966667 1.000000 1.033333
1.066667 1.100000 1.133333 1.166667 1.200000 1.233333 1.266667 1.300000 1.333333 1.366667 1.400000 1.433333 1.466667 1.500000 1.533333 1.566667
1.600000 1.633333 1.666667 1.700000 1.733333 1.766667 1.800000 1.833333 1.866667 1.900000 1.933333 1.966667 2.000000 2.033333 2.066667 2.100000
2.133333 2.166667 2.200000</float_array>
        <technique_common>
          <accessor source="#mixamorig_Spine-Matrix-animation-input-array" count="67">
            <param name="TIME" type="float"/>
          </accessor>
        </technique_common>
      </source>
      <source id="mixamorig_Spine-Matrix-animation-output-transform">
        <float_array id="mixamorig_Spine-Matrix-animation-output-transform-array" count="1072">

0.991994 0.014503 0.125449 -0.000000 -0.008757 0.998892 -0.046235 14.685700 -0.125981 0.044766 0.991022 -1.734700 0.000000 0.000000 0.000000 1.000000
0.991639 0.016160 0.128030 0.000000 -0.010394 0.998907 -0.045580 14.685700 -0.128626 0.043868 0.990722 -1.734700 0.000000 0.000000 0.000000 1.000000
0.991275 0.017080 0.130697 0.000000 -0.011745 0.999070 -0.041482 14.685700 -0.131284 0.039585 0.990554 -1.734700 0.000000 0.000000 0.000000 1.000000
0.991257 0.018227 0.130683 -0.000000 -0.013643 0.999263 -0.035888 14.685700 -0.131241 0.033792 0.990774 -1.734700 0.000000 0.000000 0.000000 1.000000
0.991720 0.019831 0.126876 0.000000 -0.016137 0.999417 -0.030084 14.685700 -0.127398 0.027788 0.991462 -1.734700 0.000000 0.000000 0.000000 1.000000
0.992423 0.022460 0.120798 0.000000 -0.019551 0.999491 -0.025220 14.685700 -0.121303 0.022667 0.992357 -1.734700 0.000000 0.000000 0.000000 1.000000
0.992911 0.026686 0.115827 0.000000 -0.024340 0.999470 -0.021624 14.685700 -0.116343 0.018652 0.993034 -1.734700 0.000000 0.000000 0.000000 1.000000
0.992938 0.031353 0.114418 0.000000 -0.029226 0.999368 -0.020223 14.685700 -0.114979 0.016736 0.993227 -1.734700 0.000000 0.000000 0.000000 1.000000
0.992698 0.032819 0.116073 0.000000 -0.030241 0.999257 -0.023904 14.685700 -0.116771 0.020219 0.992953 -1.734700 0.000000 0.000000 0.000000 1.000000
0.992644 0.027380 0.117935 -0.000000 -0.023325 0.999093 -0.035630 14.685700 -0.118804 0.032617 0.992382 -1.734700 0.000000 0.000000 0.000000 1.000000
0.992954 0.015551 0.117476 0.000000 -0.009194 0.998473 -0.054463 14.685700 -0.118143 0.053000 0.991581 -1.734700 0.000000 0.000000 0.000000 1.000000
0.993383 0.002034 0.114834 0.000000 0.006523 0.997230 -0.074099 14.685700 -0.114667 0.074357 0.990617 -1.734700 0.000000 0.000000 0.000000 1.000000
0.993575 -0.006946 0.112960 0.000000 0.016810 0.996101 -0.086605 14.685700 -0.111918 0.087948 0.989818 -1.734700 0.000000 0.000000 0.000000 1.000000
0.993352 -0.007251 0.114889 0.000000 0.017428 0.995983 -0.087828 14.685700 -0.113790 0.089247 0.989488 -1.734700 0.000000 0.000000 0.000000 1.000000
0.992613 -0.000178 0.121324 0.000000 0.009803 0.996847 -0.078745 14.685700 -0.120928 0.079352 0.989485 -1.734700 0.000000 0.000000 0.000000 1.000000
0.991418 0.008902 0.130424 0.000000 -0.000743 0.998047 -0.062471 14.685700 -0.130726 0.061838 0.989488 -1.734700 0.000000 0.000000 0.000000 1.000000
0.990069 0.014433 0.139838 0.000000 -0.008677 0.999093 -0.041687 14.685700 -0.140313 0.040060 0.989297 -1.734700 0.000000 0.000000 0.000000 1.000000
0.988857 0.014016 0.148206 -0.000000 -0.011228 0.999744 -0.019629 14.685700 -0.148443 0.017746 0.988762 -1.734700 0.000000 0.000000 0.000000 1.000000
0.987954 0.009266 0.154473 0.000000 -0.009076 0.999957 -0.001934 14.685700 -0.154484 0.000509 0.987995 -1.734700 0.000000 0.000000 0.000000 1.000000
0.987642 0.004539 0.156661 0.000000 -0.005336 0.999975 0.004666 14.685700 -0.156636 -0.005444 0.987641 -1.734700 0.000000 0.000000 0.000000 1.000000
0.988250 0.004485 0.152779 -0.000000 -0.004046 0.999987 -0.003185 14.685700 -0.152791 0.002529 0.988255 -1.734700 0.000000 0.000000 0.000000 1.000000
0.989622 0.010965 0.143274 0.000000 -0.007933 0.999733 -0.021719 14.685700 -0.143474 0.020357 0.989445 -1.734700 0.000000 0.000000 0.000000 1.000000
0.991032 0.021539 0.131881 0.000000 -0.016205 0.999012 -0.041390 14.685700 -0.132642 0.038882 0.990401 -1.734700 0.000000 0.000000 0.000000 1.000000
0.991854 0.031327 0.123465 0.000000 -0.024898 0.998269 -0.053274 14.685700 -0.124920 0.049766 0.990918 -1.734700 0.000000 0.000000 0.000000 1.000000
0.991984 0.036889 0.120858 0.000000 -0.030432 0.998031 -0.054840 14.685700 -0.122643 0.050723 0.991154 -1.734700 0.000000 0.000000 0.000000 1.000000
0.991663 0.037693 0.123221 0.000000 -0.031752 0.998253 -0.049833 14.685700 -0.124884 0.045505 0.991127 -1.734700 0.000000 0.000000 0.000000 1.000000
0.991235 0.035450 0.127263 0.000000 -0.030098 0.998590 -0.043735 14.685700 -0.128634 0.039521 0.990904 -1.734700 0.000000 0.000000 0.000000 1.000000
0.991008 0.032789 0.129725 0.000000 -0.027826 0.998817 -0.039886 14.685700 -0.130879 0.035917 0.990748 -1.734700 0.000000 0.000000 0.000000 1.000000
0.991151 0.031309 0.128991 0.000000 -0.026459 0.998883 -0.039140 14.685700 -0.130072 0.035381 0.990873 -1.734700 0.000000 0.000000 0.000000 1.000000
0.991635 0.030412 0.125436 0.000000 -0.025350 0.998806 -0.041756 14.685700 -0.126557 0.038227 0.991223 -1.734700 0.000000 0.000000 0.000000 1.000000
0.992279 0.027998 0.120828 -0.000000 -0.022301 0.998587 -0.048244 14.685700 -0.122008 0.045177 0.991500 -1.734700 0.000000 0.000000 0.000000 1.000000
0.992885 0.021820 0.117059 0.000000 -0.015098 0.998202 -0.058003 14.685700 -0.118114 0.055823 0.991430 -1.734700 0.000000 0.000000 0.000000 1.000000
0.993324 0.011698 0.114765 -0.000000 -0.003875 0.997667 -0.068156 14.685700 -0.115295 0.067256 0.991052 -1.734700 0.000000 0.000000 0.000000 1.000000
0.993583 0.000035 0.113102 0.000000 0.008460 0.997176 -0.074628 14.685700 -0.112786 0.075106 0.990777 -1.734700 0.000000 0.000000 0.000000 1.000000
0.993767 -0.009438 0.111075 0.000000 0.017810 0.997052 -0.074631 14.685700 -0.110043 0.076144 0.991006 -1.734700 0.000000 0.000000 0.000000 1.000000
0.993941 -0.013892 0.109038 -0.000000 0.021382 0.997467 -0.067834 14.685700 -0.107819 0.069754 0.991720 -1.734700 0.000000 0.000000 0.000000 1.000000
0.993996 -0.013009 0.108643 -0.000000 0.019142 0.998270 -0.055599 14.685700 -0.107731 0.057345 0.992525 -1.734700 0.000000 0.000000 0.000000 1.000000
0.993740 -0.008855 0.111363 0.000000 0.013380 0.999112 -0.039949 14.685700 -0.110910 0.041188 0.992977 -1.734700 0.000000 0.000000 0.000000 1.000000
0.993104 -0.004475 0.117150 0.000000 0.007260 0.999701 -0.023357 14.685700 -0.117010 0.024046 0.992840 -1.734700 0.000000 0.000000 0.000000 1.000000
0.992240 -0.002313 0.124317 -0.000000 0.003445 0.999955 -0.008894 14.685700 -0.124290 0.009253 0.992203 -1.734700 0.000000 0.000000 0.000000 1.000000
0.991460 -0.002756 0.130383 0.000000 0.002777 0.999996 0.000022 14.685700 -0.130383 0.000340 0.991464 -1.734700 0.000000 0.000000 0.000000 1.000000
0.991064 -0.003225 0.133346 0.000000 0.003175 0.999995 0.000588 14.685700 -0.133347 -0.000160 0.991069 -1.734700 0.000000 0.000000 0.000000 1.000000
0.991157 0.000258 0.132693 -0.000000 0.000758 0.999971 -0.007609 14.685700 -0.132691 0.007642 0.991128 -1.734700 0.000000 0.000000 0.000000 1.000000
0.991511 0.009459 0.129678 0.000000 -0.006765 0.999752 -0.021204 14.685700 -0.129846 0.020146 0.991329 -1.734700 0.000000 0.000000 0.000000 1.000000
0.991723 0.021258 0.126626 0.000000 -0.017057 0.999270 -0.034172 14.685700 -0.127260 0.031729 0.991362 -1.734700 0.000000 0.000000 0.000000 1.000000
0.991609 0.030112 0.125716 0.000000 -0.025054 0.998819 -0.041623 14.685700 -0.126821 0.038125 0.991193 -1.734700 0.000000 0.000000 0.000000 1.000000
0.991301 0.031949 0.127675 0.000000 -0.026703 0.998736 -0.042593 14.685700 -0.128874 0.038813 0.990901 -1.734700 0.000000 0.000000 0.000000 1.000000
0.990959 0.027159 0.131385 0.000000 -0.022144 0.998975 -0.039478 14.685700 -0.132322 0.036212 0.990545 -1.734700 0.000000 0.000000 0.000000 1.000000
0.990707 0.019450 0.134612 -0.000000 -0.014835 0.999270 -0.035202 14.685700 -0.135199 0.032878 0.990273 -1.734700 0.000000 0.000000 0.000000 1.000000
0.990708 0.013130 0.135370 -0.000000 -0.008967 0.999469 -0.031310 14.685700 -0.135710 0.029805 0.990300 -1.734700 0.000000 0.000000 0.000000 1.000000
0.991025 0.011095 0.133216 0.000000 -0.007374 0.999570 -0.028392 14.685700 -0.133473 0.027154 0.990680 -1.734700 0.000000 0.000000 0.000000 1.000000
0.991467 0.013520 0.129658 0.000000 -0.010060 0.999577 -0.027303 14.685700 -0.129972 0.025766 0.991183 -1.734700 0.000000 0.000000 0.000000 1.000000
0.991731 0.017462 0.127143 0.000000 -0.013860 0.999479 -0.029164 14.685700 -0.127586 0.027160 0.991456 -1.734700 0.000000 0.000000 0.000000 1.000000
0.991712 0.018626 0.127120 -0.000000 -0.014418 0.999320 -0.033941 14.685700 -0.127666 0.031827 0.991306 -1.734700 0.000000 0.000000 0.000000 1.000000
0.991522 0.014804 0.129091 -0.000000 -0.009774 0.999171 -0.039511 14.685700 -0.129569 0.037914 0.990845 -1.734700 0.000000 0.000000 0.000000 1.000000
0.991257 0.008548 0.131669 0.000000 -0.002926 0.999078 -0.042839 14.685700 -0.131914 0.042079 0.990368 -1.734700 0.000000 0.000000 0.000000 1.000000
0.990973 0.004978 0.133972 0.000000 0.000647 0.999121 -0.041910 14.685700 -0.134063 0.041618 0.990099 -1.734700 0.000000 0.000000 0.000000 1.000000
0.990725 0.005868 0.135757 0.000000 -0.000970 0.999347 -0.036117 14.685700 -0.135881 0.035651 0.990084 -1.734700 0.000000 0.000000 0.000000 1.000000
0.990507 0.007889 0.137235 0.000000 -0.004395 0.999659 -0.025745 14.685700 -0.137391 0.024897 0.990204 -1.734700 0.000000 0.000000 0.000000 1.000000
0.990280 0.006604 0.138929 -0.000000 -0.004932 0.999911 -0.012377 14.685700 -0.138999 0.011571 0.990225 -1.734700 0.000000 0.000000 0.000000 1.000000
0.990007 0.001202 0.141016 0.000000 -0.001206 0.999999 -0.000057 14.685700 -0.141016 -0.000113 0.990007 -1.734700 0.000000 0.000000 0.000000 1.000000
0.989788 -0.004620 0.142472 0.000000 0.003903 0.999978 0.005313 14.685700 -0.142493 -0.004702 0.989785 -1.734700 0.000000 0.000000 0.000000 1.000000
0.989921 -0.006353 0.141475 0.000000 0.006438 0.999979 -0.000144 14.685700 -0.141471 0.001053 0.989942 -1.734700 0.000000 0.000000 0.000000 1.000000
0.990523 -0.002699 0.137321 0.000000 0.004705 0.999887 -0.014286 14.685700 -0.137267 0.014797 0.990424 -1.734700 0.000000 0.000000 0.000000 1.000000
0.991295 0.003971 0.131596 0.000000 -0.000005 0.999546 -0.030122 14.685700 -0.131656 0.029859 0.990846 -1.734700 0.000000 0.000000 0.000000 1.000000
0.991883 0.010622 0.126711 0.000000 -0.005336 0.999104 -0.041988 14.685700 -0.127044 0.040971 0.991051 -1.734700 0.000000 0.000000 0.000000 1.000000
0.991994 0.014503 0.125450 -0.000000 -0.008756 0.998892 -0.046235 14.685700 -0.125981 0.044766 0.991022 -1.734700 0.000000 0.000000 0.000000 1.000000</float_array>
        <technique_common>
          <accessor source="#mixamorig_Spine-Matrix-animation-output-transform-array" count="67" stride="16">
            <param type="float4x4"/>
          </accessor>
        </technique_common>
      </source>
      <source id="mixamorig_Spine-Interpolations">
        <Name_array id="mixamorig_Spine-Interpolations-array" count="67">
 LINEAR LINEAR LINEAR LINEAR LINEAR LINEAR LINEAR LINEAR LINEAR LINEAR LINEAR
LINEAR LINEAR LINEAR LINEAR LINEAR LINEAR LINEAR LINEAR LINEAR LINEAR LINEAR LINEAR
LINEAR LINEAR LINEAR LINEAR LINEAR LINEAR LINEAR LINEAR LINEAR LINEAR LINEAR LINEAR
LINEAR LINEAR LINEAR LINEAR LINEAR LINEAR LINEAR LINEAR LINEAR LINEAR LINEAR LINEAR
LINEAR LINEAR LINEAR LINEAR LINEAR LINEAR LINEAR LINEAR LINEAR LINEAR LINEAR LINEAR
LINEAR LINEAR LINEAR LINEAR LINEAR LINEAR LINEAR LINEAR</Name_array>
        <technique_common>
          <accessor source="#mixamorig_Spine-Interpolations-array" count="67">
            <param type="name"/>
          </accessor>
        </technique_common>
      </source>
      <sampler id="mixamorig_Spine-Matrix-animation-transform">
        <input semantic="INPUT" source="#mixamorig_Spine-Matrix-animation-input"/>
        <input semantic="OUTPUT" source="#mixamorig_Spine-Matrix-animation-output-transform"/>
        <input semantic="INTERPOLATION" source="#mixamorig_Spine-Interpolations"/>
      </sampler>
      <channel source="#mixamorig_Spine-Matrix-animation-transform" target="mixamorig_Spine/matrix"/>
    </animation>
    <animation id="mixamorig_Spine1-anim" name="mixamorig_Spine1">
      <source id="mixamorig_Spine1-Matrix-animation-input">
        <float_array id="mixamorig_Spine1-Matrix-animation-input-array" count="67">

0.000000 0.033333 0.066667 0.100000 0.133333 0.166667 0.200000 0.233333 0.266667 0.300000 0.333333 0.366667 0.400000 0.433333 0.466667 0.500000
0.533333 0.566667 0.600000 0.633333 0.666667 0.700000 0.733333 0.766667 0.800000 0.833333 0.866667 0.900000 0.933333 0.966667 1.000000 1.033333
1.066667 1.100000 1.133333 1.166667 1.200000 1.233333 1.266667 1.300000 1.333333 1.366667 1.400000 1.433333 1.466667 1.500000 1.533333 1.566667
1.600000 1.633333 1.666667 1.700000 1.733333 1.766667 1.800000 1.833333 1.866667 1.900000 1.933333 1.966667 2.000000 2.033333 2.066667 2.100000
2.133333 2.166667 2.200000</float_array>
        <technique_common>
          <accessor source="#mixamorig_Spine1-Matrix-animation-input-array" count="67">
            <param name="TIME" type="float"/>
          </accessor>
        </technique_common>
      </source>
      <source id="mixamorig_Spine1-Matrix-animation-output-transform">
        <float_array id="mixamorig_Spine1-Matrix-animation-output-transform-array" count="1072">

0.999723 0.013841 0.019031 0.000000 -0.013107 0.999186 -0.038160 17.252399 -0.019544 0.037900 0.999090 0.000000 0.000000 0.000000 0.000000 1.000000
0.999676 0.015950 0.019860 0.000000 -0.015124 0.999041 -0.041087 17.252399 -0.020496 0.040773 0.998958 0.000000 0.000000 0.000000 0.000000 1.000000
0.999637 0.017105 0.020796 0.000000 -0.016199 0.998944 -0.043000 17.252399 -0.021509 0.042647 0.998859 0.000000 0.000000 0.000000 0.000000 1.000000
0.999643 0.016314 0.021182 0.000000 -0.015361 0.998897 -0.044377 17.252399 -0.021883 0.044036 0.998790 -0.000000 0.000000 0.000000 0.000000 1.000000
0.999698 0.013220 0.020699 -0.000000 -0.012255 0.998864 -0.046052 17.252399 -0.021284 0.045784 0.998725 0.000000 0.000000 0.000000 0.000000 1.000000
0.999768 0.009034 0.019566 0.000000 -0.008061 0.998754 -0.049245 17.252399 -0.019987 0.049076 0.998595 0.000000 0.000000 0.000000 0.000000 1.000000
0.999812 0.005909 0.018477 0.000000 -0.004896 0.998508 -0.054392 17.252399 -0.018771 0.054291 0.998349 0.000000 0.000000 0.000000 0.000000 1.000000
0.999822 0.005386 0.018083 -0.000000 -0.004292 0.998189 -0.060000 17.252399 -0.018373 0.059912 0.998035 0.000000 0.000000 0.000000 0.000000 1.000000
0.999799 0.007624 0.018555 0.000000 -0.006438 0.997983 -0.063149 17.252399 -0.018999 0.063017 0.997832 0.000000 0.000000 0.000000 0.000000 1.000000
0.999737 0.011948 0.019565 0.000000 -0.010713 0.998016 -0.062045 17.252399 -0.020267 0.061819 0.997882 0.000000 0.000000 0.000000 0.000000 1.000000
0.999635 0.017455 0.020608 0.000000 -0.016229 0.998170 -0.058246 17.252399 -0.021587 0.057890 0.998090 0.000000 0.000000 0.000000 0.000000 1.000000
0.999507 0.022965 0.021423 0.000000 -0.021742 0.998214 -0.055647 17.252399 -0.022663 0.055153 0.998221 0.000000 0.000000 0.000000 0.000000 1.000000
0.999390 0.027020 0.022138 0.000000 -0.025724 0.998052 -0.056838 17.252399 -0.023631 0.056234 0.998138 0.000000 0.000000 0.000000 0.000000 1.000000
0.999329 0.028508 0.022980 -0.000000 -0.027065 0.997782 -0.060822 17.252399 -0.024663 0.060159 0.997884 0.000000 0.000000 0.000000 0.000000 1.000000
0.999340 0.027333 0.023908 0.000000 -0.025739 0.997578 -0.064617 17.252399 -0.025616 0.063959 0.997624 -0.000000 0.000000 0.000000 0.000000 1.000000
0.999398 0.024396 0.024687 -0.000000 -0.022708 0.997530 -0.066476 17.252399 -0.026248 0.065875 0.997483 0.000000 0.000000 0.000000 0.000000 1.000000
0.999460 0.021028 0.025265 0.000000 -0.019300 0.997579 -0.066806 17.252399 -0.026608 0.066282 0.997446 0.000000 0.000000 0.000000 0.000000 1.000000
0.999499 0.018292 0.025830 0.000000 -0.016548 0.997669 -0.066208 17.252399 -0.026981 0.065747 0.997471 0.000000 0.000000 0.000000 0.000000 1.000000
0.999517 0.016459 0.026373 0.000000 -0.014750 0.997857 -0.063746 17.252399 -0.027365 0.063326 0.997618 0.000000 0.000000 0.000000 0.000000 1.000000
0.999540 0.014993 0.026370 0.000000 -0.013447 0.998235 -0.057838 17.252399 -0.027191 0.057457 0.997978 0.000000 0.000000 0.000000 0.000000 1.000000
0.999596 0.013160 0.025178 0.000000 -0.011924 0.998745 -0.048654 17.252399 -0.025787 0.048334 0.998498 0.000000 0.000000 0.000000 0.000000 1.000000
0.999682 0.010799 0.022786 -0.000000 -0.009902 0.999185 -0.039130 17.252399 -0.023190 0.038892 0.998974 0.000000 0.000000 0.000000 0.000000 1.000000
0.999763 0.008510 0.020063 0.000000 -0.007841 0.999418 -0.033195 17.252399 -0.020334 0.033030 0.999248 0.000000 0.000000 0.000000 0.000000 1.000000
0.999810 0.007041 0.018179 0.000000 -0.006444 0.999444 -0.032718 17.252399 -0.018399 0.032595 0.999299 0.000000 0.000000 0.000000 0.000000 1.000000
0.999822 0.006468 0.017744 0.000000 -0.005823 0.999330 -0.036142 17.252399 -0.017966 0.036033 0.999189 -0.000000 0.000000 0.000000 0.000000 1.000000
0.999811 0.006069 0.018464 -0.000000 -0.005323 0.999179 -0.040160 17.252399 -0.018693 0.040054 0.999023 -0.000000 0.000000 0.000000 0.000000 1.000000
0.999796 0.005163 0.019509 0.000000 -0.004326 0.999078 -0.042705 17.252399 -0.019711 0.042612 0.998897 0.000000 0.000000 0.000000 0.000000 1.000000
0.999790 0.003993 0.020113 0.000000 -0.003100 0.999018 -0.044202 17.252399 -0.020270 0.044131 0.998820 0.000000 0.000000 0.000000 0.000000 1.000000
0.999794 0.003640 0.019962 0.000000 -0.002716 0.998933 -0.046106 17.252399 -0.020109 0.046042 0.998737 0.000000 0.000000 0.000000 0.000000 1.000000
0.999801 0.005123 0.019273 0.000000 -0.004177 0.998800 -0.048804 17.252399 -0.019499 0.048714 0.998622 0.000000 0.000000 0.000000 0.000000 1.000000
0.999790 0.008605 0.018609 0.000000 -0.007641 0.998655 -0.051285 17.252399 -0.019025 0.051132 0.998511 0.000000 0.000000 0.000000 0.000000 1.000000
0.999740 0.013343 0.018471 0.000000 -0.012354 0.998535 -0.052686 17.252399 -0.019147 0.052444 0.998440 0.000000 0.000000 0.000000 0.000000 1.000000
0.999656 0.018126 0.018931 0.000000 -0.017088 0.998415 -0.053626 17.252399 -0.019873 0.053284 0.998382 0.000000 0.000000 0.000000 0.000000 1.000000
0.999571 0.021719 0.019637 0.000000 -0.020598 0.998241 -0.055602 17.252399 -0.020811 0.055173 0.998260 0.000000 0.000000 0.000000 0.000000 1.000000
0.999527 0.023225 0.020158 0.000000 -0.021995 0.998002 -0.059225 17.252399 -0.021493 0.058754 0.998041 0.000000 0.000000 0.000000 0.000000 1.000000
0.999543 0.022418 0.020301 -0.000000 -0.021088 0.997760 -0.063483 17.252399 -0.021679 0.063026 0.997776 -0.000000 0.000000 0.000000 0.000000 1.000000
0.999599 0.019846 0.020201 -0.000000 -0.018456 0.997597 -0.066784 17.252399 -0.021478 0.066385 0.997563 -0.000000 0.000000 0.000000 0.000000 1.000000
0.999659 0.016580 0.020152 0.000000 -0.015168 0.997548 -0.068328 17.252399 -0.021235 0.067999 0.997459 0.000000 0.000000 0.000000 0.000000 1.000000
0.999698 0.013747 0.020353 0.000000 -0.012330 0.997596 -0.068191 17.252399 -0.021242 0.067920 0.997465 0.000000 0.000000 0.000000 0.000000 1.000000
0.999713 0.012032 0.020713 0.000000 -0.010634 0.997741 -0.066325 17.252399 -0.021464 0.066086 0.997583 -0.000000 0.000000 0.000000 0.000000 1.000000
0.999718 0.011343 0.020875 -0.000000 -0.010029 0.998024 -0.062021 17.252399 -0.021537 0.061794 0.997857 0.000000 0.000000 0.000000 0.000000 1.000000
0.999731 0.010927 0.020466 -0.000000 -0.009791 0.998451 -0.054777 17.252399 -0.021033 0.054562 0.998289 0.000000 0.000000 0.000000 0.000000 1.000000
0.999762 0.010000 0.019394 0.000000 -0.009105 0.998914 -0.045690 17.252399 -0.019829 0.045503 0.998767 0.000000 0.000000 0.000000 0.000000 1.000000
0.999802 0.008521 0.017982 -0.000000 -0.007840 0.999262 -0.037611 17.252399 -0.018289 0.037462 0.999131 0.000000 0.000000 0.000000 0.000000 1.000000
0.999830 0.007358 0.016885 0.000000 -0.006791 0.999419 -0.033410 17.252399 -0.017121 0.033290 0.999299 0.000000 0.000000 0.000000 0.000000 1.000000
0.999832 0.007440 0.016737 0.000000 -0.006870 0.999404 -0.033828 17.252399 -0.016979 0.033708 0.999288 0.000000 0.000000 0.000000 0.000000 1.000000
0.999805 0.008701 0.017720 0.000000 -0.008039 0.999279 -0.037096 17.252399 -0.018030 0.036946 0.999155 0.000000 0.000000 0.000000 0.000000 1.000000
0.999762 0.010036 0.019356 -0.000000 -0.009241 0.999127 -0.040740 17.252399 -0.019748 0.040552 0.998982 0.000000 0.000000 0.000000 0.000000 1.000000
0.999731 0.010335 0.020771 0.000000 -0.009422 0.999004 -0.043607 17.252399 -0.021201 0.043399 0.998833 0.000000 0.000000 0.000000 0.000000 1.000000
0.999729 0.009504 0.021249 0.000000 -0.008516 0.998900 -0.046108 17.252399 -0.021664 0.045914 0.998710 0.000000 0.000000 0.000000 0.000000 1.000000
0.999749 0.008548 0.020716 0.000000 -0.007526 0.998774 -0.048924 17.252399 -0.021108 0.048755 0.998588 0.000000 0.000000 0.000000 0.000000 1.000000
0.999765 0.008841 0.019786 -0.000000 -0.007803 0.998619 -0.051955 17.252399 -0.020218 0.051788 0.998453 -0.000000 0.000000 0.000000 0.000000 1.000000
0.999751 0.011191 0.019308 0.000000 -0.010122 0.998458 -0.054576 17.252399 -0.019889 0.054367 0.998323 0.000000 0.000000 0.000000 0.000000 1.000000
0.999691 0.015142 0.019730 -0.000000 -0.014005 0.998303 -0.056517 17.252399 -0.020552 0.056223 0.998207 0.000000 0.000000 0.000000 0.000000 1.000000
0.999601 0.019050 0.020852 0.000000 -0.017809 0.998147 -0.058190 17.252399 -0.021922 0.057795 0.998088 0.000000 0.000000 0.000000 0.000000 1.000000
0.999532 0.021142 0.022124 0.000000 -0.019777 0.997993 -0.060161 17.252399 -0.023351 0.059696 0.997943 0.000000 0.000000 0.000000 0.000000 1.000000
0.999519 0.020723 0.023078 0.000000 -0.019247 0.997862 -0.062462 17.252399 -0.024323 0.061988 0.997780 0.000000 0.000000 0.000000 0.000000 1.000000
0.999551 0.018526 0.023530 -0.000000 -0.016974 0.997772 -0.064515 17.252399 -0.024673 0.064087 0.997639 0.000000 0.000000 0.000000 0.000000 1.000000
0.999593 0.016049 0.023567 0.000000 -0.014472 0.997740 -0.065611 17.252399 -0.024566 0.065243 0.997567 -0.000000 0.000000 0.000000 0.000000 1.000000
0.999620 0.014493 0.023458 0.000000 -0.012938 0.997794 -0.065113 17.252399 -0.024350 0.064785 0.997602 0.000000 0.000000 0.000000 0.000000 1.000000
0.999627 0.014078 0.023407 0.000000 -0.012597 0.997980 -0.062275 17.252399 -0.024236 0.061957 0.997785 -0.000000 0.000000 0.000000 0.000000 1.000000
0.999629 0.014165 0.023269 -0.000000 -0.012830 0.998317 -0.056553 17.252399 -0.024031 0.056233 0.998128 0.000000 0.000000 0.000000 0.000000 1.000000
0.999646 0.013946 0.022665 -0.000000 -0.012830 0.998733 -0.048652 17.252399 -0.023314 0.048344 0.998559 0.000000 0.000000 0.000000 0.000000 1.000000
0.999682 0.013205 0.021475 0.000000 -0.012317 0.999084 -0.040990 17.252399 -0.021997 0.040713 0.998929 -0.000000 0.000000 0.000000 0.000000 1.000000
0.999719 0.012513 0.020109 0.000000 -0.011777 0.999271 -0.036317 17.252399 -0.020549 0.036070 0.999138 -0.000000 0.000000 0.000000 0.000000 1.000000
0.999739 0.012527 0.019095 0.000000 -0.011844 0.999300 -0.035485 17.252399 -0.019526 0.035250 0.999188 0.000000 0.000000 0.000000 0.000000 1.000000
0.999723 0.013841 0.019031 0.000000 -0.013107 0.999186 -0.038160 17.252399 -0.019544 0.037900 0.999090 0.000000 0.000000 0.000000 0.000000 1.000000</float_array>
        <technique_common>
          <accessor source="#mixamorig_Spine1-Matrix-animation-output-transform-array" count="67" stride="16">
            <param type="float4x4"/>
          </accessor>
        </technique_common>
      </source>
      <source id="mixamorig_Spine1-Interpolations">
        <Name_array id="mixamorig_Spine1-Interpolations-array" count="67">
 LINEAR LINEAR LINEAR LINEAR LINEAR LINEAR LINEAR LINEAR LINEAR LINEAR LINEAR
LINEAR LINEAR LINEAR LINEAR LINEAR LINEAR LINEAR LINEAR LINEAR LINEAR LINEAR LINEAR
LINEAR LINEAR LINEAR LINEAR LINEAR LINEAR LINEAR LINEAR LINEAR LINEAR LINEAR LINEAR
LINEAR LINEAR LINEAR LINEAR LINEAR LINEAR LINEAR LINEAR LINEAR LINEAR LINEAR LINEAR
LINEAR LINEAR LINEAR LINEAR LINEAR LINEAR LINEAR LINEAR LINEAR LINEAR LINEAR LINEAR
LINEAR LINEAR LINEAR LINEAR LINEAR LINEAR LINEAR LINEAR</Name_array>
        <technique_common>
          <accessor source="#mixamorig_Spine1-Interpolations-array" count="67">
            <param type="name"/>
          </accessor>
        </technique_common>
      </source>
      <sampler id="mixamorig_Spine1-Matrix-animation-transform">
        <input semantic="INPUT" source="#mixamorig_Spine1-Matrix-animation-input"/>
        <input semantic="OUTPUT" source="#mixamorig_Spine1-Matrix-animation-output-transform"/>
        <input semantic="INTERPOLATION" source="#mixamorig_Spine1-Interpolations"/>
      </sampler>
      <channel source="#mixamorig_Spine1-Matrix-animation-transform" target="mixamorig_Spine1/matrix"/>
    </animation>
    <animation id="mixamorig_Spine2-anim" name="mixamorig_Spine2">
      <source id="mixamorig_Spine2-Matrix-animation-input">
        <float_array id="mixamorig_Spine2-Matrix-animation-input-array" count="67">

0.000000 0.033333 0.066667 0.100000 0.133333 0.166667 0.200000 0.233333 0.266667 0.300000 0.333333 0.366667 0.400000 0.433333 0.466667 0.500000
0.533333 0.566667 0.600000 0.633333 0.666667 0.700000 0.733333 0.766667 0.800000 0.833333 0.866667 0.900000 0.933333 0.966667 1.000000 1.033333
1.066667 1.100000 1.133333 1.166667 1.200000 1.233333 1.266667 1.300000 1.333333 1.366667 1.400000 1.433333 1.466667 1.500000 1.533333 1.566667
1.600000 1.633333 1.666667 1.700000 1.733333 1.766667 1.800000 1.833333 1.866667 1.900000 1.933333 1.966667 2.000000 2.033333 2.066667 2.100000
2.133333 2.166667 2.200000</float_array>
        <technique_common>
          <accessor source="#mixamorig_Spine2-Matrix-animation-input-array" count="67">
            <param name="TIME" type="float"/>
          </accessor>
        </technique_common>
      </source>
      <source id="mixamorig_Spine2-Matrix-animation-output-transform">
        <float_array id="mixamorig_Spine2-Matrix-animation-output-transform-array" count="1072">

