<?xml version="1.0" encoding="utf-8"?>
<COLLADA xmlns="http://www.collada.org/2005/11/COLLADASchema" version="1.4.1">
  <asset>
    <contributor>
      <author>Mixamo</author>
      <authoring_tool>COLLADA Mixamo exporter</authoring_tool>
      <comments/>
    </contributor>
    <created>2025-01-02T15:58:32Z</created>
    <modified>2025-01-02T15:58:32Z</modified>
    <revision/>
    <title/>
    <unit meter="0.010000"/>
    <up_axis>Y_UP</up_axis>
  </asset>
  <library_animations>
    <animation id="mixamorig_Hips-anim" name="mixamorig_Hips">
      <source id="mixamorig_Hips-Matrix-animation-input">
        <float_array id="mixamorig_Hips-Matrix-animation-input-array" count="28">

0.000000 0.033333 0.066667 0.100000 0.133333 0.166667 0.200000 0.233333 0.266667 0.300000 0.333333 0.366667 0.400000 0.433333 0.466667 0.500000
0.533333 0.566667 0.600000 0.633333 0.666667 0.700000 0.733333 0.766667 0.800000 0.833333 0.866667 0.900000</float_array>
        <technique_common>
          <accessor source="#mixamorig_Hips-Matrix-animation-input-array" count="28">
            <param name="TIME" type="float"/>
          </accessor>
        </technique_common>
      </source>
      <source id="mixamorig_Hips-Matrix-animation-output-transform">
        <float_array id="mixamorig_Hips-Matrix-animation-output-transform-array" count="448">

0.821794 -0.022821 -0.569327 -1.193135 0.074964 0.994842 0.068330 64.471664 0.564832 -0.098833 0.819266 -0.823740 0.000000 0.000000 0.000000 1.000000
0.886937 -0.118540 -0.446419 -1.475506 0.155048 0.986835 0.046008 64.218689 0.435088 -0.110022 0.893640 -0.383778 0.000000 0.000000 0.000000 1.000000
0.925458 -0.219311 -0.308919 -1.473513 0.247316 0.967423 0.054103 63.484825 0.286990 -0.126471 0.949548 0.469403 0.000000 0.000000 0.000000 1.000000
0.938394 -0.290149 -0.187696 -1.256704 0.313732 0.943033 0.110731 62.052109 0.144875 -0.162796 0.975966 1.390660 0.000000 0.000000 0.000000 1.000000
0.943300 -0.315500 -0.103174 -0.963134 0.329723 0.926461 0.181529 60.333069 0.038314 -0.205255 0.977958 1.965094 0.000000 0.000000 0.000000 1.000000
0.950433 -0.302594 -0.071511 -0.832895 0.310904 0.921959 0.230935 59.020172 -0.003949 -0.241722 0.970338 2.103945 0.000000 0.000000 0.000000 1.000000
0.952923 -0.279459 -0.117649 -0.978792 0.301250 0.916667 0.262622 58.386227 0.034453 -0.285700 0.957700 1.991224 0.000000 0.000000 0.000000 1.000000
0.944494 -0.245696 -0.218094 -1.230609 0.301614 0.911644 0.279169 58.392559 0.130233 -0.329453 0.935147 1.746511 0.000000 0.000000 0.000000 1.000000
0.924881 -0.201537 -0.322455 -1.409613 0.294919 0.915478 0.273720 58.934437 0.240036 -0.348257 0.906146 1.448523 0.000000 0.000000 0.000000 1.000000
0.894928 -0.161175 -0.416086 -1.594953 0.283015 0.925950 0.250038 59.926201 0.344975 -0.341524 0.874273 1.131240 0.000000 0.000000 0.000000 1.000000
0.857192 -0.130070 -0.498301 -1.727358 0.267088 0.939565 0.214200 61.237995 0.440325 -0.316701 0.840127 0.871801 0.000000 0.000000 0.000000 1.000000
0.817439 -0.109111 -0.565586 -1.740917 0.245548 0.954218 0.170804 62.673199 0.521056 -0.278501 0.806808 0.702134 0.000000 0.000000 0.000000 1.000000
0.777164 -0.092712 -0.622431 -1.622676 0.213747 0.969175 0.122523 64.137184 0.591885 -0.228263 0.773025 0.606639 0.000000 0.000000 0.000000 1.000000
0.737836 -0.078882 -0.670355 -1.390016 0.172492 0.982206 0.074278 65.416801 0.652568 -0.170436 0.738313 0.604984 0.000000 0.000000 0.000000 1.000000
0.704223 -0.067997 -0.706715 -1.054660 0.127382 0.991352 0.031549 66.323944 0.698458 -0.112241 0.706795 0.717095 0.000000 0.000000 0.000000 1.000000
0.683384 -0.058573 -0.727705 -0.626281 0.083198 0.996531 -0.002079 66.732986 0.725303 -0.059123 0.685887 0.980394 0.000000 0.000000 0.000000 1.000000
0.676253 -0.048409 -0.735077 -0.127924 0.049744 0.998562 -0.019997 66.557617 0.734988 -0.023042 0.677689 1.453613 0.000000 0.000000 0.000000 1.000000
0.669962 -0.041452 -0.741237 0.347637 0.041401 0.998972 -0.018446 65.915886 0.741240 -0.018330 0.670990 2.058387 0.000000 0.000000 0.000000 1.000000
0.654178 -0.041382 -0.755208 0.680030 0.054027 0.998508 -0.007914 65.241531 0.754409 -0.035625 0.655437 2.645042 0.000000 0.000000 0.000000 1.000000
0.640951 -0.044249 -0.766305 0.815838 0.066567 0.997780 -0.001937 64.995605 0.764690 -0.049769 0.642474 3.101348 0.000000 0.000000 0.000000 1.000000
0.644786 -0.047451 -0.762889 0.713960 0.071698 0.997425 -0.001440 65.387993 0.760993 -0.053769 0.646528 3.336503 0.000000 0.000000 0.000000 1.000000
0.660426 -0.050861 -0.749166 0.405948 0.071517 0.997428 -0.004670 66.310654 0.747477 -0.050494 0.662365 3.295873 0.000000 0.000000 0.000000 1.000000
0.674525 -0.054456 -0.736241 -0.010298 0.066684 0.997693 -0.012701 67.321564 0.735234 -0.040528 0.676601 3.011289 0.000000 0.000000 0.000000 1.000000
0.681046 -0.055126 -0.730162 -0.421823 0.060412 0.997993 -0.018998 67.993408 0.729744 -0.031172 0.683009 2.560924 0.000000 0.000000 0.000000 1.000000
0.681919 -0.048093 -0.729845 -0.715094 0.056540 0.998316 -0.012956 68.107819 0.729239 -0.032430 0.683490 1.952013 0.000000 0.000000 0.000000 1.000000
0.681990 -0.033243 -0.730606 -0.819493 0.057316 0.998323 0.008077 67.595375 0.729112 -0.047384 0.682752 1.237013 0.000000 0.000000 0.000000 1.000000
0.685005 -0.015305 -0.728377 -0.768180 0.062377 0.997340 0.037706 66.615372 0.725863 -0.071262 0.684138 0.565939 0.000000 0.000000 0.000000 1.000000
0.693256 0.001862 -0.720689 -0.594578 0.065098 0.995747 0.065193 65.617874 0.717745 -0.092111 0.690187 0.106086 0.000000 0.000000 0.000000 1.000000</float_array>
        <technique_common>
          <accessor source="#mixamorig_Hips-Matrix-animation-output-transform-array" count="28" stride="16">
            <param type="float4x4"/>
          </accessor>
        </technique_common>
      </source>
      <source id="mixamorig_Hips-Interpolations">
        <Name_array id="mixamorig_Hips-Interpolations-array" count="28">
 LINEAR LINEAR LINEAR LINEAR LINEAR LINEAR LINEAR LINEAR LINEAR LINEAR LINEAR
LINEAR LINEAR LINEAR LINEAR LINEAR LINEAR LINEAR LINEAR LINEAR LINEAR LINEAR LINEAR
LINEAR LINEAR LINEAR LINEAR LINEAR</Name_array>
        <technique_common>
          <accessor source="#mixamorig_Hips-Interpolations-array" count="28">
            <param type="name"/>
          </accessor>
        </technique_common>
      </source>
      <sampler id="mixamorig_Hips-Matrix-animation-transform">
        <input semantic="INPUT" source="#mixamorig_Hips-Matrix-animation-input"/>
        <input semantic="OUTPUT" source="#mixamorig_Hips-Matrix-animation-output-transform"/>
        <input semantic="INTERPOLATION" source="#mixamorig_Hips-Interpolations"/>
      </sampler>
      <channel source="#mixamorig_Hips-Matrix-animation-transform" target="mixamorig_Hips/matrix"/>
    </animation>
    <animation id="mixamorig_Spine-anim" name="mixamorig_Spine">
      <source id="mixamorig_Spine-Matrix-animation-input">
        <float_array id="mixamorig_Spine-Matrix-animation-input-array" count="28">

0.000000 0.033333 0.066667 0.100000 0.133333 0.166667 0.200000 0.233333 0.266667 0.300000 0.333333 0.366667 0.400000 0.433333 0.466667 0.500000
0.533333 0.566667 0.600000 0.633333 0.666667 0.700000 0.733333 0.766667 0.800000 0.833333 0.866667 0.900000</float_array>
        <technique_common>
          <accessor source="#mixamorig_Spine-Matrix-animation-input-array" count="28">
            <param name="TIME" type="float"/>
          </accessor>
        </technique_common>
      </source>
      <source id="mixamorig_Spine-Matrix-animation-output-transform">
        <float_array id="mixamorig_Spine-Matrix-animation-output-transform-array" count="448">

0.995816 0.004577 0.091270 0.000000 0.001287 0.997943 -0.064091 14.685700 -0.091375 0.063940 0.993762 -1.734700 0.000000 0.000000 0.000000 1.000000
0.992595 -0.007145 0.121259 0.000000 0.014235 0.998232 -0.057710 14.685700 -0.120632 0.059009 0.990942 -1.734700 0.000000 0.000000 0.000000 1.000000
0.985541 -0.030424 0.166685 -0.000000 0.037646 0.998477 -0.040339 14.685700 -0.165204 0.046031 0.985185 -1.734700 0.000000 0.000000 0.000000 1.000000
0.977534 -0.059392 0.202237 0.000000 0.063570 0.997876 -0.014219 14.685700 -0.200963 0.026756 0.979233 -1.734700 0.000000 0.000000 0.000000 1.000000
0.974794 -0.085129 0.206228 -0.000000 0.082551 0.996364 0.021090 14.685700 -0.207273 -0.003534 0.978277 -1.734700 0.000000 0.000000 0.000000 1.000000
0.978220 -0.104861 0.179135 -0.000000 0.096317 0.993787 0.055767 14.685700 -0.183869 -0.037298 0.982243 -1.734700 0.000000 0.000000 0.000000 1.000000
0.982176 -0.120426 0.144322 -0.000000 0.111096 0.991264 0.071081 14.685700 -0.151621 -0.053780 0.986975 -1.734700 0.000000 0.000000 0.000000 1.000000
0.983664 -0.135285 0.118756 0.000000 0.128076 0.989539 0.066402 14.685700 -0.126497 -0.050108 0.990701 -1.734700 0.000000 0.000000 0.000000 1.000000
0.984215 -0.146720 0.098969 -0.000000 0.142026 0.988446 0.052947 14.685700 -0.105594 -0.038055 0.993681 -1.734700 0.000000 0.000000 0.000000 1.000000
0.985158 -0.150145 0.083189 0.000000 0.147750 0.988431 0.034264 14.685700 -0.087371 -0.021464 0.995945 -1.734700 0.000000 0.000000 0.000000 1.000000
0.986646 -0.144956 0.074273 -0.000000 0.144544 0.989438 0.010919 14.685700 -0.075072 -0.000038 0.997178 -1.734700 0.000000 0.000000 0.000000 1.000000
0.989011 -0.130879 0.068761 0.000000 0.132099 0.991145 -0.013487 14.685700 -0.066387 0.022422 0.997542 -1.734700 0.000000 0.000000 0.000000 1.000000
0.991919 -0.110110 0.063033 0.000000 0.112490 0.993017 -0.035535 14.685700 -0.058681 0.042338 0.997379 -1.734700 0.000000 0.000000 0.000000 1.000000
0.994647 -0.085684 0.057755 0.000000 0.088856 0.994536 -0.054798 14.685700 -0.052744 0.059637 0.996826 -1.734700 0.000000 0.000000 0.000000 1.000000
0.996959 -0.057283 0.052827 0.000000 0.061040 0.995500 -0.072485 14.685700 -0.048437 0.075489 0.995969 -1.734700 0.000000 0.000000 0.000000 1.000000
0.998526 -0.027211 0.046962 0.000000 0.031279 0.995613 -0.088187 14.685700 -0.044356 0.089526 0.994996 -1.734700 0.000000 0.000000 0.000000 1.000000
0.999070 -0.000968 0.043100 0.000000 0.005301 0.994920 -0.100534 14.685700 -0.042784 0.100669 0.994000 -1.734700 0.000000 0.000000 0.000000 1.000000
0.998650 0.020410 0.047760 -0.000000 -0.015095 0.993915 -0.109110 14.685700 -0.049696 0.108242 0.992882 -1.734700 0.000000 0.000000 0.000000 1.000000
0.997358 0.038036 0.061888 0.000000 -0.030889 0.993159 -0.112611 14.685700 -0.065748 0.110402 0.991710 -1.734700 0.000000 0.000000 0.000000 1.000000
0.995725 0.048944 0.078331 -0.000000 -0.040304 0.993300 -0.108309 14.685700 -0.083107 0.104689 0.991026 -1.734700 0.000000 0.000000 0.000000 1.000000
0.994607 0.051541 0.089998 0.000000 -0.042819 0.994432 -0.096289 14.685700 -0.094460 0.091916 0.991276 -1.734700 0.000000 0.000000 0.000000 1.000000
0.994075 0.049119 0.096964 0.000000 -0.041465 0.995978 -0.079432 14.685700 -0.100476 0.074940 0.992113 -1.734700 0.000000 0.000000 0.000000 1.000000
0.993526 0.044295 0.104617 0.000000 -0.038202 0.997495 -0.059540 14.685700 -0.106992 0.055158 0.992729 -1.734700 0.000000 0.000000 0.000000 1.000000
0.992691 0.037482 0.114714 0.000000 -0.033070 0.998647 -0.040127 14.685700 -0.116063 0.036040 0.992588 -1.734700 0.000000 0.000000 0.000000 1.000000
0.991986 0.029893 0.122763 0.000000 -0.026640 0.999252 -0.028048 14.685700 -0.123509 0.024553 0.992040 -1.734700 0.000000 0.000000 0.000000 1.000000
0.991712 0.023067 0.126394 0.000000 -0.019705 0.999420 -0.027781 14.685700 -0.126961 0.025060 0.991591 -1.734700 0.000000 0.000000 0.000000 1.000000
0.991730 0.017842 0.127097 0.000000 -0.013332 0.999254 -0.036248 14.685700 -0.127649 0.034254 0.991228 -1.734700 0.000000 0.000000 0.000000 1.000000
0.991994 0.014502 0.125450 0.000000 -0.008756 0.998892 -0.046235 14.685700 -0.125981 0.044766 0.991022 -1.734700 0.000000 0.000000 0.000000 1.000000</float_array>
        <technique_common>
          <accessor source="#mixamorig_Spine-Matrix-animation-output-transform-array" count="28" stride="16">
            <param type="float4x4"/>
          </accessor>
        </technique_common>
      </source>
      <source id="mixamorig_Spine-Interpolations">
        <Name_array id="mixamorig_Spine-Interpolations-array" count="28">
 LINEAR LINEAR LINEAR LINEAR LINEAR LINEAR LINEAR LINEAR LINEAR LINEAR LINEAR
LINEAR LINEAR LINEAR LINEAR LINEAR LINEAR LINEAR LINEAR LINEAR LINEAR LINEAR LINEAR
LINEAR LINEAR LINEAR LINEAR LINEAR</Name_array>
        <technique_common>
          <accessor source="#mixamorig_Spine-Interpolations-array" count="28">
            <param type="name"/>
          </accessor>
        </technique_common>
      </source>
      <sampler id="mixamorig_Spine-Matrix-animation-transform">
        <input semantic="INPUT" source="#mixamorig_Spine-Matrix-animation-input"/>
        <input semantic="OUTPUT" source="#mixamorig_Spine-Matrix-animation-output-transform"/>
        <input semantic="INTERPOLATION" source="#mixamorig_Spine-Interpolations"/>
      </sampler>
      <channel source="#mixamorig_Spine-Matrix-animation-transform" target="mixamorig_Spine/matrix"/>
    </animation>
    <animation id="mixamorig_Spine1-anim" name="mixamorig_Spine1">
      <source id="mixamorig_Spine1-Matrix-animation-input">
        <float_array id="mixamorig_Spine1-Matrix-animation-input-array" count="28">

0.000000 0.033333 0.066667 0.100000 0.133333 0.166667 0.200000 0.233333 0.266667 0.300000 0.333333 0.366667 0.400000 0.433333 0.466667 0.500000
0.533333 0.566667 0.600000 0.633333 0.666667 0.700000 0.733333 0.766667 0.800000 0.833333 0.866667 0.900000</float_array>
        <technique_common>
          <accessor source="#mixamorig_Spine1-Matrix-animation-input-array" count="28">
            <param name="TIME" type="float"/>
          </accessor>
        </technique_common>
      </source>
      <source id="mixamorig_Spine1-Matrix-animation-output-transform">
        <float_array id="mixamorig_Spine1-Matrix-animation-output-transform-array" count="448">

0.999552 0.006248 0.029260 -0.000000 -0.003712 0.996294 -0.085933 17.252399 -0.029688 0.085786 0.995871 -0.000000 0.000000 0.000000 0.000000 1.000000
0.997371 -0.004477 0.072328 0.000000 0.012182 0.994244 -0.106447 17.252399 -0.071435 0.107048 0.991684 0.000000 0.000000 0.000000 0.000000 1.000000
0.991442 -0.031531 0.126682 0.000000 0.047072 0.991460 -0.121622 17.252399 -0.121766 0.126544 0.984459 -0.000000 0.000000 0.000000 0.000000 1.000000
0.983047 -0.069951 0.169486 0.000000 0.090343 0.989161 -0.115754 17.252399 -0.159552 0.129104 0.978711 0.000000 0.000000 0.000000 0.000000 1.000000
0.978095 -0.099134 0.183038 -0.000000 0.116382 0.989474 -0.086002 17.252399 -0.172586 0.105420 0.979337 0.000000 0.000000 0.000000 0.000000 1.000000
0.979804 -0.108955 0.167669 0.000000 0.119859 0.991192 -0.056324 17.252399 -0.160055 0.075283 0.984233 -0.000000 0.000000 0.000000 0.000000 1.000000
0.983717 -0.109646 0.142404 0.000000 0.117265 0.992024 -0.046232 17.252399 -0.136199 0.062178 0.988728 -0.000000 0.000000 0.000000 0.000000 1.000000
0.986126 -0.112484 0.122080 0.000000 0.119173 0.991667 -0.048925 17.252399 -0.115559 0.062795 0.991314 0.000000 0.000000 0.000000 0.000000 1.000000
0.987778 -0.115284 0.104900 -0.000000 0.121497 0.991073 -0.054885 17.252399 -0.097636 0.066959 0.992967 0.000000 0.000000 0.000000 0.000000 1.000000
0.989368 -0.114458 0.089720 0.000000 0.120516 0.990563 -0.065278 17.252399 -0.081401 0.075397 0.993826 0.000000 0.000000 0.000000 0.000000 1.000000
0.990810 -0.109250 0.079752 -0.000000 0.115694 0.989959 -0.081216 17.252399 -0.070078 0.089696 0.993501 -0.000000 0.000000 0.000000 0.000000 1.000000
0.992620 -0.097146 0.072585 -0.000000 0.104077 0.989655 -0.098745 17.252399 -0.062242 0.105571 0.992462 -0.000000 0.000000 0.000000 0.000000 1.000000
0.994705 -0.079421 0.065222 0.000000 0.086498 0.989706 -0.114018 17.252399 -0.055496 0.119055 0.991335 0.000000 0.000000 0.000000 0.000000 1.000000
0.996520 -0.059311 0.058574 0.000000 0.066392 0.989619 -0.127458 17.252399 -0.050407 0.130903 0.990113 0.000000 0.000000 0.000000 0.000000 1.000000
0.997903 -0.037234 0.052950 -0.000000 0.044331 0.989173 -0.139901 17.252399 -0.047168 0.141955 0.988749 0.000000 0.000000 0.000000 0.000000 1.000000
0.998772 -0.015667 0.047000 0.000000 0.022511 0.988608 -0.148823 17.252399 -0.044133 0.149698 0.987746 0.000000 0.000000 0.000000 0.000000 1.000000
0.999105 0.001070 0.042276 0.000000 0.005409 0.988235 -0.152847 17.252399 -0.041942 0.152939 0.987345 -0.000000 0.000000 0.000000 0.000000 1.000000
0.998967 0.013454 0.043398 0.000000 -0.006629 0.988092 -0.153721 17.252399 -0.044949 0.153275 0.987161 -0.000000 0.000000 0.000000 0.000000 1.000000
0.998443 0.022929 0.050855 -0.000000 -0.015065 0.988580 -0.149943 17.252399 -0.053712 0.148943 0.987386 0.000000 0.000000 0.000000 0.000000 1.000000
0.997921 0.027540 0.058262 0.000000 -0.019289 0.990284 -0.137716 17.252399 -0.061489 0.136306 0.988757 0.000000 0.000000 0.000000 0.000000 1.000000
0.997829 0.027865 0.059672 0.000000 -0.020586 0.992645 -0.119301 17.252399 -0.062558 0.117813 0.991063 -0.000000 0.000000 0.000000 0.000000 1.000000
0.998080 0.026985 0.055742 -0.000000 -0.021361 0.994844 -0.099144 17.252399 -0.058130 0.097763 0.993511 0.000000 0.000000 0.000000 0.000000 1.000000
0.998365 0.024759 0.051522 0.000000 -0.020726 0.996785 -0.077398 17.252399 -0.053272 0.076203 0.995668 0.000000 0.000000 0.000000 0.000000 1.000000
0.998587 0.020574 0.048989 0.000000 -0.017843 0.998297 -0.055532 17.252399 -0.050048 0.054579 0.997254 0.000000 0.000000 0.000000 0.000000 1.000000
0.998848 0.016706 0.044987 0.000000 -0.014929 0.999107 -0.039532 17.252399 -0.045607 0.038815 0.998205 0.000000 0.000000 0.000000 0.000000 1.000000
0.999179 0.014476 0.037837 -0.000000 -0.013207 0.999350 -0.033556 17.252399 -0.038298 0.033029 0.998720 0.000000 0.000000 0.000000 0.000000 1.000000
0.999491 0.013436 0.028926 0.000000 -0.012421 0.999311 -0.034981 17.252399 -0.029376 0.034604 0.998969 0.000000 0.000000 0.000000 0.000000 1.000000
0.999723 0.013841 0.019031 0.000000 -0.013107 0.999186 -0.038160 17.252399 -0.019544 0.037900 0.999090 -0.000000 0.000000 0.000000 0.000000 1.000000</float_array>
        <technique_common>
          <accessor source="#mixamorig_Spine1-Matrix-animation-output-transform-array" count="28" stride="16">
            <param type="float4x4"/>
          </accessor>
        </technique_common>
      </source>
      <source id="mixamorig_Spine1-Interpolations">
        <Name_array id="mixamorig_Spine1-Interpolations-array" count="28">
 LINEAR LINEAR LINEAR LINEAR LINEAR LINEAR LINEAR LINEAR LINEAR LINEAR LINEAR
LINEAR LINEAR LINEAR LINEAR LINEAR LINEAR LINEAR LINEAR LINEAR LINEAR LINEAR LINEAR
LINEAR LINEAR LINEAR LINEAR LINEAR</Name_array>
        <technique_common>
          <accessor source="#mixamorig_Spine1-Interpolations-array" count="28">
            <param type="name"/>
          </accessor>
        </technique_common>
      </source>
      <sampler id="mixamorig_Spine1-Matrix-animation-transform">
        <input semantic="INPUT" source="#mixamorig_Spine1-Matrix-animation-input"/>
        <input semantic="OUTPUT" source="#mixamorig_Spine1-Matrix-animation-output-transform"/>
        <input semantic="INTERPOLATION" source="#mixamorig_Spine1-Interpolations"/>
      </sampler>
      <channel source="#mixamorig_Spine1-Matrix-animation-transform" target="mixamorig_Spine1/matrix"/>
    </animation>
    <animation id="mixamorig_Spine2-anim" name="mixamorig_Spine2">
      <source id="mixamorig_Spine2-Matrix-animation-input">
        <float_array id="mixamorig_Spine2-Matrix-animation-input-array" count="28">

0.000000 0.033333 0.066667 0.100000 0.133333 0.166667 0.200000 0.233333 0.266667 0.300000 0.333333 0.366667 0.400000 0.433333 0.466667 0.500000
0.533333 0.566667 0.600000 0.633333 0.666667 0.700000 0.733333 0.766667 0.800000 0.833333 0.866667 0.900000</float_array>
        <technique_common>
          <accessor source="#mixamorig_Spine2-Matrix-animation-input-array" count="28">
            <param name="TIME" type="float"/>
          </accessor>
        </technique_common>
      </source>
      <source id="mixamorig_Spine2-Matrix-animation-output-transform">
        <float_array id="mixamorig_Spine2-Matrix-animation-output-transform-array" count="448">

0.999556 0.006056 0.029171 0.000000 -0.003522 0.996277 -0.086137 19.717100 -0.029584 0.085996 0.995856 0.000000 0.000000 0.000000 0.000000 1.000000
0.997362 -0.004730 0.072430 -0.000000 0.012456 0.994224 -0.106599 19.717100 -0.071507 0.107220 0.991661 0.000000 0.000000 0.000000 0.000000 1.000000
0.991376 -0.032199 0.127031 0.000000 0.047753 0.991458 -0.121366 19.717100 -0.122038 0.126386 0.984446 -0.000000 0.000000 0.000000 0.000000 1.000000
0.982885 -0.071139 0.169930 0.000000 0.091437 0.989175 -0.114769 19.717100 -0.159926 0.128343 0.978750 0.000000 0.000000 0.000000 0.000000 1.000000
0.977904 -0.100547 0.183287 0.000000 0.117581 0.989458 -0.084541 19.717100 -0.172854 0.104224 0.979418 0.000000 0.000000 0.000000 0.000000 1.000000
0.979667 -0.110320 0.167579 0.000000 0.121013 0.991128 -0.054968 19.717100 -0.160028 0.074130 0.984325 -0.000000 0.000000 0.000000 0.000000 1.000000
0.983634 -0.110882 0.142019 -0.000000 0.118364 0.991935 -0.045334 19.717100 -0.135847 0.061402 0.988825 0.000000 0.000000 0.000000 0.000000 1.000000
0.986074 -0.113502 0.121551 -0.000000 0.120110 0.991577 -0.048469 19.717100 -0.115026 0.062394 0.991401 0.000000 0.000000 0.000000 0.000000 1.000000
0.987749 -0.116013 0.104365 0.000000 0.122176 0.990999 -0.054712 19.717100 -0.097078 0.066793 0.993033 -0.000000 0.000000 0.000000 0.000000 1.000000
0.989356 -0.114936 0.089245 0.000000 0.120956 0.990510 -0.065260 19.717100 -0.080897 0.075360 0.993869 0.000000 0.000000 0.000000 0.000000 1.000000
0.990809 -0.109537 0.079369 0.000000 0.115951 0.989923 -0.081285 19.717100 -0.069665 0.089740 0.993526 0.000000 0.000000 0.000000 0.000000 1.000000
0.992626 -0.097282 0.072314 0.000000 0.104190 0.989633 -0.098851 19.717100 -0.061948 0.105656 0.992471 0.000000 0.000000 0.000000 0.000000 1.000000
0.994715 -0.079450 0.065041 0.000000 0.086511 0.989692 -0.114126 19.717100 -0.055304 0.119150 0.991335 0.000000 0.000000 0.000000 0.000000 1.000000
0.996530 -0.059277 0.058427 0.000000 0.066344 0.989609 -0.127560 19.717100 -0.050259 0.130994 0.990108 -0.000000 0.000000 0.000000 0.000000 1.000000
0.997911 -0.037153 0.052849 -0.000000 0.044240 0.989166 -0.139979 19.717100 -0.047076 0.142024 0.988743 0.000000 0.000000 0.000000 0.000000 1.000000
0.998771 -0.015519 0.047061 0.000000 0.022375 0.988607 -0.148849 19.717100 -0.044215 0.149719 0.987740 -0.000000 0.000000 0.000000 0.000000 1.000000
0.999094 0.001280 0.042545 0.000000 0.005242 0.988240 -0.152818 19.717100 -0.042240 0.152902 0.987338 0.000000 0.000000 0.000000 0.000000 1.000000
0.998948 0.013686 0.043765 0.000000 -0.006804 0.988098 -0.153677 19.717100 -0.045347 0.153218 0.987151 0.000000 0.000000 0.000000 0.000000 1.000000
0.998416 0.023180 0.051265 0.000000 -0.015254 0.988582 -0.149909 19.717100 -0.054155 0.148889 0.987370 0.000000 0.000000 0.000000 0.000000 1.000000
0.997884 0.027822 0.058767 -0.000000 -0.019502 0.990286 -0.137674 19.717100 -0.062027 0.136237 0.988733 -0.000000 0.000000 0.000000 0.000000 1.000000
0.997788 0.028117 0.060242 0.000000 -0.020772 0.992646 -0.119259 19.717100 -0.063152 0.117743 0.991034 0.000000 0.000000 0.000000 0.000000 1.000000
0.998045 0.027136 0.056308 -0.000000 -0.021457 0.994844 -0.099126 19.717100 -0.058707 0.097724 0.993480 -0.000000 0.000000 0.000000 0.000000 1.000000
0.998336 0.024800 0.052060 -0.000000 -0.020724 0.996784 -0.077412 19.717100 -0.053812 0.076204 0.995639 0.000000 0.000000 0.000000 0.000000 1.000000
0.998564 0.020517 0.049490 0.000000 -0.017756 0.998296 -0.055583 19.717100 -0.050546 0.054624 0.997227 0.000000 0.000000 0.000000 0.000000 1.000000
0.998832 0.016546 0.045406 -0.000000 -0.014748 0.999105 -0.039637 19.717100 -0.046022 0.038921 0.998182 0.000000 0.000000 0.000000 0.000000 1.000000
0.999173 0.014222 0.038103 0.000000 -0.012938 0.999347 -0.033726 19.717100 -0.038558 0.033205 0.998705 0.000000 0.000000 0.000000 0.000000 1.000000
0.999494 0.013121 0.028987 0.000000 -0.012098 0.999307 -0.035208 19.717100 -0.029429 0.034840 0.998960 -0.000000 0.000000 0.000000 0.000000 1.000000
0.999731 0.013483 0.018864 -0.000000 -0.012751 0.999180 -0.038424 19.717100 -0.019366 0.038173 0.999083 -0.000000 0.000000 0.000000 0.000000 1.000000</float_array>
        <technique_common>
          <accessor source="#mixamorig_Spine2-Matrix-animation-output-transform-array" count="28" stride="16">
            <param type="float4x4"/>
          </accessor>
        </technique_common>
      </source>
      <source id="mixamorig_Spine2-Interpolations">
        <Name_array id="mixamorig_Spine2-Interpolations-array" count="28">
 LINEAR LINEAR LINEAR LINEAR LINEAR LINEAR LINEAR LINEAR LINEAR LINEAR LINEAR
LINEAR LINEAR LINEAR LINEAR LINEAR LINEAR LINEAR LINEAR LINEAR LINEAR LINEAR LINEAR
LINEAR LINEAR LINEAR LINEAR LINEAR</Name_array>
        <technique_common>
          <accessor source="#mixamorig_Spine2-Interpolations-array" count="28">
            <param type="name"/>
          </accessor>
        </technique_common>
      </source>
      <sampler id="mixamorig_Spine2-Matrix-animation-transform">
        <input semantic="INPUT" source="#mixamorig_Spine2-Matrix-animation-input"/>
        <input semantic="OUTPUT" source="#mixamorig_Spine2-Matrix-animation-output-transform"/>
        <input semantic="INTERPOLATION" source="#mixamorig_Spine2-Interpolations"/>
      </sampler>
      <channel source="#mixamorig_Spine2-Matrix-animation-transform" target="mixamorig_Spine2/matrix"/>
    </animation>
    <animation id="mixamorig_Neck-anim" name="mixamorig_Neck">
      <source id="mixamorig_Neck-Matrix-animation-input">
        <float_array id="mixamorig_Neck-Matrix-animation-input-array" count="28">

0.000000 0.033333 0.066667 0.100000 0.133333 0.166667 0.200000 0.233333 0.266667 0.300000 0.333333 0.366667 0.400000 0.433333 0.466667 0.500000
0.533333 0.566667 0.600000 0.633333 0.666667 0.700000 0.733333 0.766667 0.800000 0.833333 0.866667 0.900000</float_array>
        <technique_common>
          <accessor source="#mixamorig_Neck-Matrix-animation-input-array" count="28">
            <param name="TIME" type="float"/>
          </accessor>
        </technique_common>
      </source>
      <source id="mixamorig_Neck-Matrix-animation-output-transform">
        <float_array id="mixamorig_Neck-Matrix-animation-output-transform-array" count="448">

0.989593 -0.042084 0.137600 0.000000 0.071053 0.974474 -0.212959 22.181700 -0.125125 0.220520 0.967324 -0.000000 0.000000 0.000000 0.000000 1.000000
0.996212 -0.023851 0.083619 0.000000 0.043408 0.969663 -0.240562 22.181700 -0.075344 0.243281 0.967025 0.000000 0.000000 0.000000 0.000000 1.000000
0.999622 -0.019680 0.019198 -0.000000 0.023909 0.967000 -0.253652 22.181700 -0.013573 0.254015 0.967105 0.000000 0.000000 0.000000 0.000000 1.000000
0.998346 -0.039663 -0.041628 0.000000 0.027872 0.967071 -0.252978 22.181700 0.050292 0.251399 0.966576 0.000000 0.000000 0.000000 0.000000 1.000000
0.992648 -0.085600 -0.085569 0.000000 0.061656 0.965996 -0.251100 22.181700 0.104153 0.243978 0.964172 0.000000 0.000000 0.000000 0.000000 1.000000
0.985118 -0.134500 -0.107012 0.000000 0.105113 0.964050 -0.244046 22.181700 0.135990 0.229166 0.963841 0.000000 0.000000 0.000000 0.000000 1.000000
0.981423 -0.160988 -0.104364 0.000000 0.132764 0.962562 -0.236320 22.181700 0.138502 0.218074 0.966054 0.000000 0.000000 0.000000 0.000000 1.000000
0.982866 -0.164922 -0.082314 0.000000 0.140236 0.958886 -0.246721 22.181700 0.119619 0.230951 0.965584 -0.000000 0.000000 0.000000 0.000000 1.000000
0.986674 -0.153329 -0.054458 -0.000000 0.133309 0.953656 -0.269759 22.181700 0.093296 0.258904 0.961387 -0.000000 0.000000 0.000000 0.000000 1.000000
0.991244 -0.128034 -0.032283 0.000000 0.113250 0.950087 -0.290705 22.181700 0.067892 0.284503 0.956268 -0.000000 0.000000 0.000000 0.000000 1.000000
0.995280 -0.095456 -0.017503 0.000000 0.085402 0.947151 -0.309210 22.181700 0.046094 0.306255 0.950833 0.000000 0.000000 0.000000 0.000000 1.000000
0.997747 -0.066700 -0.007275 -0.000000 0.060702 0.943546 -0.325631 22.181700 0.028584 0.324456 0.945469 0.000000 0.000000 0.000000 0.000000 1.000000
0.998993 -0.044830 0.001729 0.000000 0.042798 0.940725 -0.336458 22.181700 0.013457 0.336193 0.941697 -0.000000 0.000000 0.000000 0.000000 1.000000
0.999577 -0.026401 0.012236 0.000000 0.028991 0.939705 -0.340755 22.181700 -0.002502 0.340966 0.940072 0.000000 0.000000 0.000000 0.000000 1.000000
0.999644 -0.012728 0.023435 -0.000000 0.019918 0.940664 -0.338755 22.181700 -0.017733 0.339101 0.940583 0.000000 0.000000 0.000000 0.000000 1.000000
0.999457 -0.005313 0.032507 -0.000000 0.015803 0.943251 -0.331706 22.181700 -0.028900 0.332040 0.942823 0.000000 0.000000 0.000000 0.000000 1.000000
0.999210 0.002653 0.039642 -0.000000 0.010279 0.946534 -0.322439 22.181700 -0.038378 0.322592 0.945760 0.000000 0.000000 0.000000 0.000000 1.000000
0.998686 0.018645 0.047743 0.000000 -0.002806 0.949980 -0.312297 22.181700 -0.051177 0.311752 0.948784 0.000000 0.000000 0.000000 0.000000 1.000000
0.997583 0.038356 0.057934 0.000000 -0.019202 0.953538 -0.300660 22.181700 -0.066775 0.298821 0.951970 0.000000 0.000000 0.000000 0.000000 1.000000
0.996366 0.049138 0.069571 -0.000000 -0.027260 0.957809 -0.286108 22.181700 -0.080694 0.283172 0.955668 0.000000 0.000000 0.000000 0.000000 1.000000
0.995489 0.045216 0.083406 -0.000000 -0.021285 0.963157 -0.268094 22.181700 -0.092455 0.265110 0.959775 -0.000000 0.000000 0.000000 0.000000 1.000000
0.994352 0.031626 0.101308 0.000000 -0.005560 0.968781 -0.247857 22.181700 -0.105984 0.245894 0.963485 -0.000000 0.000000 0.000000 0.000000 1.000000
0.992341 0.014873 0.122633 0.000000 0.013434 0.973847 -0.226809 22.181700 -0.122799 0.226719 0.966188 -0.000000 0.000000 0.000000 0.000000 1.000000
0.989362 -0.002590 0.145451 -0.000000 0.032678 0.978246 -0.204857 22.181700 -0.141756 0.207431 0.967924 0.000000 0.000000 0.000000 0.000000 1.000000
0.985394 -0.020399 0.169063 -0.000000 0.051474 0.982037 -0.181529 22.181700 -0.162323 0.187580 0.968744 -0.000000 0.000000 0.000000 0.000000 1.000000
0.980691 -0.038763 0.191682 0.000000 0.069743 0.985034 -0.157619 22.181700 -0.182703 0.167944 0.968718 -0.000000 0.000000 0.000000 0.000000 1.000000
0.975702 -0.057980 0.211289 0.000000 0.087934 0.986902 -0.135251 22.181700 -0.200680 0.150544 0.968021 0.000000 0.000000 0.000000 0.000000 1.000000
0.970444 -0.077035 0.228700 -0.000000 0.105650 0.987658 -0.115626 22.181700 -0.216970 0.136371 0.966606 0.000000 0.000000 0.000000 0.000000 1.000000</float_array>
        <technique_common>
          <accessor source="#mixamorig_Neck-Matrix-animation-output-transform-array" count="28" stride="16">
            <param type="float4x4"/>
          </accessor>
        </technique_common>
      </source>
      <source id="mixamorig_Neck-Interpolations">
        <Name_array id="mixamorig_Neck-Interpolations-array" count="28">
 LINEAR LINEAR LINEAR LINEAR LINEAR LINEAR LINEAR LINEAR LINEAR LINEAR LINEAR
LINEAR LINEAR LINEAR LINEAR LINEAR LINEAR LINEAR LINEAR LINEAR LINEAR LINEAR LINEAR
LINEAR LINEAR LINEAR LINEAR LINEAR</Name_array>
        <technique_common>
          <accessor source="#mixamorig_Neck-Interpolations-array" count="28">
            <param type="name"/>
          </accessor>
        </technique_common>
      </source>
      <sampler id="mixamorig_Neck-Matrix-animation-transform">
        <input semantic="INPUT" source="#mixamorig_Neck-Matrix-animation-input"/>
        <input semantic="OUTPUT" source="#mixamorig_Neck-Matrix-animation-output-transform"/>
        <input semantic="INTERPOLATION" source="#mixamorig_Neck-Interpolations"/>
      </sampler>
      <channel source="#mixamorig_Neck-Matrix-animation-transform" target="mixamorig_Neck/matrix"/>
    </animation>
    <animation id="mixamorig_Head-anim" name="mixamorig_Head">
      <source id="mixamorig_Head-Matrix-animation-input">
        <float_array id="mixamorig_Head-Matrix-animation-input-array" count="28">

0.000000 0.033333 0.066667 0.100000 0.133333 0.166667 0.200000 0.233333 0.266667 0.300000 0.333333 0.366667 0.400000 0.433333 0.466667 0.500000
0.533333 0.566667 0.600000 0.633333 0.666667 0.700000 0.733333 0.766667 0.800000 0.833333 0.866667 0.900000</float_array>
        <technique_common>
          <accessor source="#mixamorig_Head-Matrix-animation-input-array" count="28">
            <param name="TIME" type="float"/>
          </accessor>
        </technique_common>
      </source>
      <source id="mixamorig_Head-Matrix-animation-output-transform">
        <float_array id="mixamorig_Head-Matrix-animation-output-transform-array" count="448">

0.974292 0.036931 0.222240 -0.000000 -0.019268 0.996518 -0.081126 7.772300 -0.224462 0.074758 0.971611 1.167700 0.000000 0.000000 0.000000 1.000000
0.998370 0.020384 0.053305 0.000000 -0.015647 0.996014 -0.087809 7.772300 -0.054882 0.086831 0.994710 1.167700 0.000000 0.000000 0.000000 1.000000
0.986185 -0.016642 -0.164812 -0.000000 -0.008148 0.988862 -0.148610 7.772300 0.165449 0.147900 0.975065 1.167700 0.000000 0.000000 0.000000 1.000000
0.933803 -0.094896 -0.344973 0.000000 0.017786 0.975305 -0.220144 7.772300 0.357345 0.199436 0.912431 1.167700 0.000000 0.000000 0.000000 1.000000
0.886313 -0.186627 -0.423815 0.000000 0.072958 0.960042 -0.270179 7.772300 0.457303 0.208543 0.864514 1.167700 0.000000 0.000000 0.000000 1.000000
0.875271 -0.254017 -0.411554 0.000000 0.130275 0.943341 -0.305182 7.772300 0.465757 0.213501 0.858771 1.167700 0.000000 0.000000 0.000000 1.000000
0.896058 -0.278242 -0.345921 0.000000 0.171679 0.935774 -0.307982 7.772300 0.409397 0.216583 0.886276 1.167700 0.000000 0.000000 0.000000 1.000000
0.932543 -0.255580 -0.255034 -0.000000 0.190387 0.948249 -0.254121 7.772300 0.306784 0.188423 0.932942 1.167700 0.000000 0.000000 0.000000 1.000000
0.968203 -0.200659 -0.149398 0.000000 0.169759 0.965634 -0.196805 7.772300 0.183754 0.165185 0.968993 1.167700 0.000000 0.000000 0.000000 1.000000
0.989487 -0.132737 -0.057411 -0.000000 0.119619 0.974286 -0.190941 7.772300 0.081280 0.182067 0.979921 1.167700 0.000000 0.000000 0.000000 1.000000
0.997678 -0.068056 -0.002540 0.000000 0.066141 0.977153 -0.201982 7.772300 0.016228 0.201345 0.979386 1.167700 0.000000 0.000000 0.000000 1.000000
0.999398 -0.015395 0.031099 0.000000 0.021155 0.980703 -0.194355 7.772300 -0.027507 0.194896 0.980438 1.167700 0.000000 0.000000 0.000000 1.000000
0.997507 0.023409 0.066570 -0.000000 -0.011401 0.984440 -0.175351 7.772300 -0.069639 0.174155 0.982253 1.167700 0.000000 0.000000 0.000000 1.000000
0.992904 0.043378 0.110723 0.000000 -0.026960 0.988964 -0.145682 7.772300 -0.115821 0.141663 0.983116 1.167700 0.000000 0.000000 0.000000 1.000000
0.986675 0.041572 0.157302 -0.000000 -0.026687 0.995064 -0.095579 7.772300 -0.160499 0.090107 0.982915 1.167700 0.000000 0.000000 0.000000 1.000000
0.980610 0.025838 0.194259 0.000000 -0.019362 0.999194 -0.035163 7.772300 -0.195011 0.030720 0.980320 1.167700 0.000000 0.000000 0.000000 1.000000
0.976732 0.014653 0.213964 0.000000 -0.017048 0.999811 0.009354 7.772300 -0.213787 -0.012784 0.976797 1.167700 0.000000 0.000000 0.000000 1.000000
0.975582 0.022989 0.218428 0.000000 -0.030336 0.999079 0.030340 7.772300 -0.217530 -0.036225 0.975381 1.167700 0.000000 0.000000 0.000000 1.000000
0.975491 0.048497 0.214627 0.000000 -0.059334 0.997253 0.044336 7.772300 -0.211887 -0.055984 0.975689 1.167700 0.000000 0.000000 0.000000 1.000000
0.975234 0.076130 0.207658 0.000000 -0.090251 0.994147 0.059381 7.772300 -0.201922 -0.076651 0.976397 1.167700 0.000000 0.000000 0.000000 1.000000
0.974580 0.094045 0.203347 0.000000 -0.108979 0.992013 0.063509 7.772300 -0.195751 -0.084055 0.977045 1.167700 0.000000 0.000000 0.000000 1.000000
0.972789 0.099465 0.209256 0.000000 -0.111438 0.992697 0.046200 7.772300 -0.203132 -0.068261 0.976769 1.167700 0.000000 0.000000 0.000000 1.000000
0.970225 0.095006 0.222794 -0.000000 -0.099492 0.994998 0.008972 7.772300 -0.220827 -0.030871 0.974824 1.167700 0.000000 0.000000 0.000000 1.000000
0.967005 0.086493 0.239626 -0.000000 -0.079505 0.996083 -0.038698 7.772300 -0.242035 0.018370 0.970094 1.167700 0.000000 0.000000 0.000000 1.000000
0.961085 0.081323 0.264013 0.000000 -0.061541 0.994700 -0.082369 7.772300 -0.269312 0.062916 0.960996 1.167700 0.000000 0.000000 0.000000 1.000000
0.952422 0.082752 0.293333 0.000000 -0.051532 0.992301 -0.112620 7.772300 -0.300394 0.092146 0.949354 1.167700 0.000000 0.000000 0.000000 1.000000
0.943956 0.081665 0.319809 -0.000000 -0.041085 0.990445 -0.131650 7.772300 -0.327505 0.111132 0.938291 1.167700 0.000000 0.000000 0.000000 1.000000
0.936427 0.067620 0.344285 0.000000 -0.017902 0.989183 -0.145591 7.772300 -0.350405 0.130172 0.927508 1.167700 0.000000 0.000000 0.000000 1.000000</float_array>
        <technique_common>
          <accessor source="#mixamorig_Head-Matrix-animation-output-transform-array" count="28" stride="16">
            <param type="float4x4"/>
          </accessor>
        </technique_common>
      </source>
      <source id="mixamorig_Head-Interpolations">
        <Name_array id="mixamorig_Head-Interpolations-array" count="28">
 LINEAR LINEAR LINEAR LINEAR LINEAR LINEAR LINEAR LINEAR LINEAR LINEAR LINEAR
LINEAR LINEAR LINEAR LINEAR LINEAR LINEAR LINEAR LINEAR LINEAR LINEAR LINEAR LINEAR
LINEAR LINEAR LINEAR LINEAR LINEAR</Name_array>
        <technique_common>
          <accessor source="#mixamorig_Head-Interpolations-array" count="28">
            <param type="name"/>
          </accessor>
        </technique_common>
      </source>
      <sampler id="mixamorig_Head-Matrix-animation-transform">
        <input semantic="INPUT" source="#mixamorig_Head-Matrix-animation-input"/>
        <input semantic="OUTPUT" source="#mixamorig_Head-Matrix-animation-output-transform"/>
        <input semantic="INTERPOLATION" source="#mixamorig_Head-Interpolations"/>
      </sampler>
      <channel source="#mixamorig_Head-Matrix-animation-transform" target="mixamorig_Head/matrix"/>
    </animation>
    <animation id="mixamorig_LeftShoulder-anim" name="mixamorig_LeftShoulder">
      <source id="mixamorig_LeftShoulder-Matrix-animation-input">
        <float_array id="mixamorig_LeftShoulder-Matrix-animation-input-array" count="28">

0.000000 0.033333 0.066667 0.100000 0.133333 0.166667 0.200000 0.233333 0.266667 0.300000 0.333333 0.366667 0.400000 0.433333 0.466667 0.500000
0.533333 0.566667 0.600000 0.633333 0.666667 0.700000 0.733333 0.766667 0.800000 0.833333 0.866667 0.900000</float_array>
        <technique_common>
          <accessor source="#mixamorig_LeftShoulder-Matrix-animation-input-array" count="28">
            <param name="TIME" type="float"/>
          </accessor>
        </technique_common>
      </source>
      <source id="mixamorig_LeftShoulder-Matrix-animation-output-transform">
        <float_array id="mixamorig_LeftShoulder-Matrix-animation-output-transform-array" count="448">

-0.091737 0.911707 -0.400468 11.646600 0.011721 -0.401147 -0.915939 18.688601 -0.995714 -0.088719 0.026114 -0.394200 0.000000 0.000000 0.000000 1.000000
-0.046021 0.886843 -0.459773 11.646600 0.026295 -0.459026 -0.888034 18.688601 -0.998594 -0.052958 -0.002195 -0.394200 0.000000 0.000000 0.000000 1.000000
-0.015009 0.856746 -0.515521 11.646600 0.033940 -0.514845 -0.856611 18.688601 -0.999311 -0.030353 -0.021351 -0.394200 0.000000 0.000000 0.000000 1.000000
-0.004518 0.860791 -0.508938 11.646600 0.031367 -0.508571 -0.860449 18.688601 -0.999498 -0.019851 -0.024703 -0.394200 0.000000 0.000000 0.000000 1.000000
0.023087 0.874785 -0.483961 11.646600 0.029449 -0.484475 -0.874309 18.688601 -0.999300 0.005933 -0.036946 -0.394200 0.000000 0.000000 0.000000 1.000000
0.065655 0.866409 -0.495000 11.646600 0.032496 -0.497664 -0.866761 18.688601 -0.997313 0.040821 -0.060829 -0.394200 0.000000 0.000000 0.000000 1.000000
