<?xml version="1.0" encoding="utf-8"?>
<COLLADA xmlns="http://www.collada.org/2005/11/COLLADASchema" version="1.4.1">
  <asset>
    <contributor>
      <author>Mixamo</author>
      <authoring_tool>COLLADA Mixamo exporter</authoring_tool>
      <comments/>
    </contributor>
    <created>2024-12-14T07:09:16Z</created>
    <modified>2024-12-14T07:09:16Z</modified>
    <revision/>
    <title/>
    <unit meter="0.010000"/>
    <up_axis>Y_UP</up_axis>
  </asset>
  <library_animations>
    <animation id="mixamorig_Hips-anim" name="mixamorig_Hips">
      <source id="mixamorig_Hips-Matrix-animation-input">
        <float_array id="mixamorig_Hips-Matrix-animation-input-array" count="31">

0.000000 0.033333 0.066667 0.100000 0.133333 0.166667 0.200000 0.233333 0.266667 0.300000 0.333333 0.366667 0.400000 0.433333 0.466667 0.500000
0.533333 0.566667 0.600000 0.633333 0.666667 0.700000 0.733333 0.766667 0.800000 0.833333 0.866667 0.900000 0.933333 0.966667 1.000000</float_array>
        <technique_common>
          <accessor source="#mixamorig_Hips-Matrix-animation-input-array" count="31">
            <param name="TIME" type="float"/>
          </accessor>
        </technique_common>
      </source>
      <source id="mixamorig_Hips-Matrix-animation-output-transform">
        <float_array id="mixamorig_Hips-Matrix-animation-output-transform-array" count="496">

0.693245 0.001827 -0.720699 -0.599753 0.063784 0.995917 0.063879 65.616486 0.717874 -0.090253 0.690298 0.114310 0.000000 0.000000 0.000000 1.000000
0.700767 0.013328 -0.713265 -1.038385 0.056944 0.995590 0.074550 65.579445 0.711114 -0.092859 0.696918 2.632867 0.000000 0.000000 0.000000 1.000000
0.716316 0.034417 -0.696927 -1.306403 0.043966 0.994572 0.094306 65.521873 0.696390 -0.098194 0.710914 5.735615 0.000000 0.000000 0.000000 1.000000
0.734945 0.046410 -0.676537 -1.803818 0.036842 0.993449 0.108173 65.356178 0.677125 -0.104426 0.728421 9.068494 0.000000 0.000000 0.000000 1.000000
0.756641 0.043142 -0.652406 -2.665055 0.041521 0.992636 0.113796 65.519363 0.652511 -0.113192 0.749278 13.144058 0.000000 0.000000 0.000000 1.000000
0.771788 0.032439 -0.635052 -3.418353 0.051938 0.992145 0.113801 65.974045 0.633755 -0.120813 0.764041 17.363789 0.000000 0.000000 0.000000 1.000000
0.781275 0.016201 -0.623976 -3.921217 0.065032 0.992110 0.107185 66.433304 0.620790 -0.124320 0.774057 21.476988 0.000000 0.000000 0.000000 1.000000
0.785837 0.004441 -0.618418 -4.066082 0.079878 0.990869 0.108618 66.693939 0.613254 -0.134754 0.778307 25.617771 0.000000 0.000000 0.000000 1.000000
0.790216 -0.003183 -0.612821 -3.976588 0.096904 0.988055 0.119823 66.640656 0.605119 -0.154071 0.781085 29.112608 0.000000 0.000000 0.000000 1.000000
0.794475 -0.013293 -0.607151 -3.681142 0.115179 0.984913 0.129152 65.953903 0.596274 -0.172539 0.784020 32.466301 0.000000 0.000000 0.000000 1.000000
0.799204 -0.026624 -0.600470 -3.316321 0.132162 0.982353 0.132346 64.689049 0.586350 -0.185131 0.788619 36.037735 0.000000 0.000000 0.000000 1.000000
0.804589 -0.042341 -0.592320 -2.952317 0.147699 0.980379 0.130548 62.820808 0.575171 -0.192523 0.795056 39.869556 0.000000 0.000000 0.000000 1.000000
0.807557 -0.049573 -0.587702 -2.538369 0.155737 0.979018 0.131417 60.377525 0.568856 -0.197654 0.798333 43.952541 0.000000 0.000000 0.000000 1.000000
0.805093 -0.046123 -0.591353 -2.134450 0.157347 0.977861 0.137950 57.528008 0.571898 -0.204110 0.794526 48.057011 0.000000 0.000000 0.000000 1.000000
0.798996 -0.034175 -0.600364 -1.649296 0.152596 0.977226 0.147455 54.585197 0.581653 -0.209429 0.786015 52.013371 0.000000 0.000000 0.000000 1.000000
0.793969 -0.019081 -0.607659 -1.046103 0.144907 0.976640 0.158669 52.256706 0.590437 -0.214032 0.778187 55.357990 0.000000 0.000000 0.000000 1.000000
0.790916 -0.003708 -0.611914 -0.368061 0.137299 0.975561 0.171551 50.382576 0.596323 -0.219698 0.772096 58.436722 0.000000 0.000000 0.000000 1.000000
0.791123 0.009471 -0.611584 0.328980 0.131847 0.973733 0.185633 49.065758 0.597278 -0.227494 0.769094 61.442104 0.000000 0.000000 0.000000 1.000000
0.795364 0.016648 -0.605903 0.982212 0.129016 0.972066 0.196067 48.185707 0.592242 -0.234116 0.770998 64.153740 0.000000 0.000000 0.000000 1.000000
0.800566 0.020395 -0.598898 1.590396 0.126564 0.971121 0.202253 47.544243 0.585727 -0.237716 0.774865 67.145996 0.000000 0.000000 0.000000 1.000000
0.800444 0.023532 -0.598946 2.161060 0.121332 0.972183 0.200347 47.802059 0.586999 -0.233037 0.775323 70.340660 0.000000 0.000000 0.000000 1.000000
0.793531 0.027547 -0.607906 2.668202 0.107607 0.976880 0.184731 50.157921 0.598940 -0.212005 0.772221 74.161652 0.000000 0.000000 0.000000 1.000000
0.775113 0.035989 -0.630797 3.054557 0.093396 0.980882 0.170726 53.526302 0.624882 -0.191246 0.756933 77.640892 0.000000 0.000000 0.000000 1.000000
0.746556 0.041497 -0.664027 3.179383 0.086125 0.983628 0.158299 56.196503 0.659724 -0.175369 0.730760 80.568344 0.000000 0.000000 0.000000 1.000000
0.730050 0.042635 -0.682062 3.064719 0.074467 0.987146 0.141412 58.622925 0.679324 -0.154029 0.717492 83.613960 0.000000 0.000000 0.000000 1.000000
0.715230 0.042684 -0.697584 2.746178 0.061464 0.990424 0.123621 61.013649 0.696181 -0.131294 0.705758 86.289085 0.000000 0.000000 0.000000 1.000000
0.704856 0.037812 -0.708342 2.208688 0.055811 0.992527 0.108518 62.877342 0.707152 -0.116023 0.697478 88.942177 0.000000 0.000000 0.000000 1.000000
0.698444 0.027655 -0.715130 1.529123 0.056436 0.994013 0.093558 64.050629 0.713436 -0.105705 0.692702 91.247910 0.000000 0.000000 0.000000 1.000000
0.694096 0.015860 -0.719708 0.833351 0.059928 0.995014 0.079722 64.828850 0.717384 -0.098465 0.689685 93.314972 0.000000 0.000000 0.000000 1.000000
0.692819 0.006035 -0.721087 0.091972 0.063317 0.995594 0.069167 65.326881 0.718327 -0.093577 0.689384 95.202667 0.000000 0.000000 0.000000 1.000000
0.693247 0.001824 -0.720698 -0.595770 0.063789 0.995917 0.063880 65.617111 0.717872 -0.090257 0.690300 97.275955 0.000000 0.000000 0.000000 1.000000</float_array>
        <technique_common>
          <accessor source="#mixamorig_Hips-Matrix-animation-output-transform-array" count="31" stride="16">
            <param type="float4x4"/>
          </accessor>
        </technique_common>
      </source>
      <source id="mixamorig_Hips-Interpolations">
        <Name_array id="mixamorig_Hips-Interpolations-array" count="31">
 LINEAR LINEAR LINEAR LINEAR LINEAR LINEAR LINEAR LINEAR LINEAR LINEAR LINEAR
LINEAR LINEAR LINEAR LINEAR LINEAR LINEAR LINEAR LINEAR LINEAR LINEAR LINEAR LINEAR
LINEAR LINEAR LINEAR LINEAR LINEAR LINEAR LINEAR LINEAR</Name_array>
        <technique_common>
          <accessor source="#mixamorig_Hips-Interpolations-array" count="31">
            <param type="name"/>
          </accessor>
        </technique_common>
      </source>
      <sampler id="mixamorig_Hips-Matrix-animation-transform">
        <input semantic="INPUT" source="#mixamorig_Hips-Matrix-animation-input"/>
        <input semantic="OUTPUT" source="#mixamorig_Hips-Matrix-animation-output-transform"/>
        <input semantic="INTERPOLATION" source="#mixamorig_Hips-Interpolations"/>
      </sampler>
      <channel source="#mixamorig_Hips-Matrix-animation-transform" target="mixamorig_Hips/matrix"/>
    </animation>
    <animation id="mixamorig_Spine-anim" name="mixamorig_Spine">
      <source id="mixamorig_Spine-Matrix-animation-input">
        <float_array id="mixamorig_Spine-Matrix-animation-input-array" count="31">

0.000000 0.033333 0.066667 0.100000 0.133333 0.166667 0.200000 0.233333 0.266667 0.300000 0.333333 0.366667 0.400000 0.433333 0.466667 0.500000
0.533333 0.566667 0.600000 0.633333 0.666667 0.700000 0.733333 0.766667 0.800000 0.833333 0.866667 0.900000 0.933333 0.966667 1.000000</float_array>
        <technique_common>
          <accessor source="#mixamorig_Spine-Matrix-animation-input-array" count="31">
            <param name="TIME" type="float"/>
          </accessor>
        </technique_common>
      </source>
      <source id="mixamorig_Spine-Matrix-animation-output-transform">
        <float_array id="mixamorig_Spine-Matrix-animation-output-transform-array" count="496">

0.991992 0.014556 0.125461 0.000000 -0.008915 0.998929 -0.045402 14.685700 -0.125987 0.043919 0.991059 -1.734700 0.000000 0.000000 0.000000 1.000000
0.992510 0.012621 0.121512 -0.000000 -0.006334 0.998628 -0.051986 14.685700 -0.122002 0.050827 0.991228 -1.734700 0.000000 0.000000 0.000000 1.000000
0.993003 0.007216 0.117867 0.000000 -0.000065 0.998164 -0.060562 14.685700 -0.118087 0.060131 0.991181 -1.734700 0.000000 0.000000 0.000000 1.000000
0.993223 0.007118 0.116005 -0.000000 0.000414 0.997900 -0.064777 14.685700 -0.116222 0.064386 0.991134 -1.734700 0.000000 0.000000 0.000000 1.000000
0.993018 0.013259 0.117217 0.000000 -0.005792 0.997945 -0.063812 14.685700 -0.117822 0.062687 0.991054 -1.734700 0.000000 0.000000 0.000000 1.000000
0.992322 0.020295 0.122005 0.000000 -0.013142 0.998163 -0.059146 14.685700 -0.122981 0.057088 0.990766 -1.734700 0.000000 0.000000 0.000000 1.000000
0.991244 0.023834 0.129873 0.000000 -0.017124 0.998472 -0.052542 14.685700 -0.130927 0.049858 0.990138 -1.734700 0.000000 0.000000 0.000000 1.000000
0.989432 0.028189 0.142228 0.000000 -0.021804 0.998692 -0.046251 14.685700 -0.143346 0.042661 0.988753 -1.734700 0.000000 0.000000 0.000000 1.000000
0.987088 0.038903 0.155382 0.000000 -0.032874 0.998611 -0.041184 14.685700 -0.156769 0.035544 0.986996 -1.734700 0.000000 0.000000 0.000000 1.000000
0.984907 0.051195 0.165340 0.000000 -0.045182 0.998180 -0.039931 14.685700 -0.167083 0.031858 0.985428 -1.734700 0.000000 0.000000 0.000000 1.000000
0.983323 0.062336 0.170850 0.000000 -0.056133 0.997585 -0.040907 14.685700 -0.172988 0.030635 0.984447 -1.734700 0.000000 0.000000 0.000000 1.000000
0.982459 0.069600 0.173003 -0.000000 -0.063455 0.997150 -0.040806 14.685700 -0.175350 0.029112 0.984076 -1.734700 0.000000 0.000000 0.000000 1.000000
0.981946 0.070190 0.175659 -0.000000 -0.064341 0.997174 -0.038780 14.685700 -0.177885 0.026778 0.983687 -1.734700 0.000000 0.000000 0.000000 1.000000
0.981256 0.067307 0.180572 0.000000 -0.061434 0.997390 -0.037930 14.685700 -0.182654 0.026126 0.982830 -1.734700 0.000000 0.000000 0.000000 1.000000
0.980199 0.063705 0.187489 0.000000 -0.056710 0.997488 -0.042443 14.685700 -0.189722 0.030971 0.981349 -1.734700 0.000000 0.000000 0.000000 1.000000
0.979419 0.059664 0.192820 0.000000 -0.050071 0.997271 -0.054252 14.685700 -0.195531 0.043481 0.979733 -1.734700 0.000000 0.000000 0.000000 1.000000
0.979408 0.055823 0.194019 0.000000 -0.042641 0.996531 -0.071469 14.685700 -0.197336 0.061724 0.978391 -1.734700 0.000000 0.000000 0.000000 1.000000
0.980420 0.054094 0.189342 0.000000 -0.037982 0.995421 -0.087714 14.685700 -0.193220 0.078805 0.977986 -1.734700 0.000000 0.000000 0.000000 1.000000
0.982946 0.056364 0.175046 0.000000 -0.038533 0.993868 -0.103645 14.685700 -0.179815 0.095132 0.979090 -1.734700 0.000000 0.000000 0.000000 1.000000
0.985767 0.060240 0.156952 0.000000 -0.042427 0.992520 -0.114469 14.685700 -0.162673 0.106181 0.980950 -1.734700 0.000000 0.000000 0.000000 1.000000
0.988375 0.063326 0.138219 0.000000 -0.046948 0.991821 -0.118692 14.685700 -0.144605 0.110823 0.983264 -1.734700 0.000000 0.000000 0.000000 1.000000
0.991167 0.059772 0.118388 0.000000 -0.045781 0.992009 -0.117567 14.685700 -0.124469 0.111109 0.985983 -1.734700 0.000000 0.000000 0.000000 1.000000
0.993538 0.050390 0.101697 0.000000 -0.038532 0.992575 -0.115373 14.685700 -0.106755 0.110709 0.988103 -1.734700 0.000000 0.000000 0.000000 1.000000
0.995043 0.038238 0.091797 0.000000 -0.027573 0.993011 -0.114759 14.685700 -0.095543 0.111659 0.989143 -1.734700 0.000000 0.000000 0.000000 1.000000
0.995484 0.031270 0.089627 0.000000 -0.020870 0.993179 -0.114717 14.685700 -0.092603 0.112329 0.989347 -1.734700 0.000000 0.000000 0.000000 1.000000
0.994924 0.025746 0.097280 0.000000 -0.014809 0.993651 -0.111525 14.685700 -0.099533 0.109518 0.988989 -1.734700 0.000000 0.000000 0.000000 1.000000
0.993684 0.021497 0.110133 -0.000000 -0.009985 0.994523 -0.104036 14.685700 -0.111766 0.102279 0.988457 -1.734700 0.000000 0.000000 0.000000 1.000000
0.992234 0.018471 0.123004 0.000000 -0.007275 0.995837 -0.090857 14.685700 -0.124170 0.089257 0.988238 -1.734700 0.000000 0.000000 0.000000 1.000000
0.991276 0.016061 0.130818 -0.000000 -0.006964 0.997543 -0.069707 14.685700 -0.131616 0.068188 0.988953 -1.734700 0.000000 0.000000 0.000000 1.000000
0.991259 0.014750 0.131100 0.000000 -0.008185 0.998692 -0.050477 14.685700 -0.131673 0.048963 0.990083 -1.734700 0.000000 0.000000 0.000000 1.000000
0.991992 0.014559 0.125461 0.000000 -0.008812 0.998891 -0.046243 14.685700 -0.125995 0.044767 0.991020 -1.734700 0.000000 0.000000 0.000000 1.000000</float_array>
        <technique_common>
          <accessor source="#mixamorig_Spine-Matrix-animation-output-transform-array" count="31" stride="16">
            <param type="float4x4"/>
          </accessor>
        </technique_common>
      </source>
      <source id="mixamorig_Spine-Interpolations">
        <Name_array id="mixamorig_Spine-Interpolations-array" count="31">
 LINEAR LINEAR LINEAR LINEAR LINEAR LINEAR LINEAR LINEAR LINEAR LINEAR LINEAR
LINEAR LINEAR LINEAR LINEAR LINEAR LINEAR LINEAR LINEAR LINEAR LINEAR LINEAR LINEAR
LINEAR LINEAR LINEAR LINEAR LINEAR LINEAR LINEAR LINEAR</Name_array>
        <technique_common>
          <accessor source="#mixamorig_Spine-Interpolations-array" count="31">
            <param type="name"/>
          </accessor>
        </technique_common>
      </source>
      <sampler id="mixamorig_Spine-Matrix-animation-transform">
        <input semantic="INPUT" source="#mixamorig_Spine-Matrix-animation-input"/>
        <input semantic="OUTPUT" source="#mixamorig_Spine-Matrix-animation-output-transform"/>
        <input semantic="INTERPOLATION" source="#mixamorig_Spine-Interpolations"/>
      </sampler>
      <channel source="#mixamorig_Spine-Matrix-animation-transform" target="mixamorig_Spine/matrix"/>
    </animation>
    <animation id="mixamorig_Spine1-anim" name="mixamorig_Spine1">
      <source id="mixamorig_Spine1-Matrix-animation-input">
        <float_array id="mixamorig_Spine1-Matrix-animation-input-array" count="31">

0.000000 0.033333 0.066667 0.100000 0.133333 0.166667 0.200000 0.233333 0.266667 0.300000 0.333333 0.366667 0.400000 0.433333 0.466667 0.500000
0.533333 0.566667 0.600000 0.633333 0.666667 0.700000 0.733333 0.766667 0.800000 0.833333 0.866667 0.900000 0.933333 0.966667 1.000000</float_array>
        <technique_common>
          <accessor source="#mixamorig_Spine1-Matrix-animation-input-array" count="31">
            <param name="TIME" type="float"/>
          </accessor>
        </technique_common>
      </source>
      <source id="mixamorig_Spine1-Matrix-animation-output-transform">
        <float_array id="mixamorig_Spine1-Matrix-animation-output-transform-array" count="496">

0.999723 0.013862 0.019034 -0.000000 -0.013128 0.999185 -0.038160 17.252399 -0.019547 0.037900 0.999090 0.000000 0.000000 0.000000 0.000000 1.000000
0.999812 0.014968 0.012364 0.000000 -0.014417 0.998948 -0.043537 17.252399 -0.013003 0.043351 0.998975 0.000000 0.000000 0.000000 0.000000 1.000000
0.999853 0.016122 0.005808 0.000000 -0.015726 0.997905 -0.062755 17.252399 -0.006808 0.062654 0.998012 0.000000 0.000000 0.000000 0.000000 1.000000
0.999879 0.015583 0.000153 0.000000 -0.015515 0.996356 -0.083867 17.252399 -0.001460 0.083854 0.996477 0.000000 0.000000 0.000000 0.000000 1.000000
0.999927 0.011301 -0.004172 -0.000000 -0.011658 0.995042 -0.098769 17.252399 0.003035 0.098810 0.995102 0.000000 0.000000 0.000000 0.000000 1.000000
0.999969 0.002909 -0.007340 -0.000000 -0.003694 0.994001 -0.109311 17.252399 0.006978 0.109335 0.993980 0.000000 0.000000 0.000000 0.000000 1.000000
0.999938 -0.006751 -0.008856 0.000000 0.005678 0.993227 -0.116051 17.252399 0.009580 0.115994 0.993204 0.000000 0.000000 0.000000 0.000000 1.000000
0.999878 -0.013017 -0.008637 -0.000000 0.011887 0.992702 -0.120007 17.252399 0.010136 0.119889 0.992736 0.000000 0.000000 0.000000 0.000000 1.000000
0.999886 -0.013303 -0.007183 0.000000 0.012300 0.992070 -0.125084 17.252399 0.008790 0.124982 0.992120 0.000000 0.000000 0.000000 0.000000 1.000000
0.999935 -0.010093 -0.005293 -0.000000 0.009321 0.991482 -0.129907 17.252399 0.006559 0.129849 0.991512 0.000000 0.000000 0.000000 0.000000 1.000000
0.999984 -0.004550 -0.003291 -0.000000 0.004068 0.990974 -0.133995 17.252399 0.003871 0.133980 0.990976 0.000000 0.000000 0.000000 0.000000 1.000000
0.999998 0.001396 -0.001569 0.000000 -0.001597 0.990687 -0.136150 17.252399 0.001364 0.136152 0.990687 0.000000 0.000000 0.000000 0.000000 1.000000
0.999980 0.006258 -0.000294 -0.000000 -0.006240 0.990669 -0.136144 17.252399 -0.000561 0.136143 0.990689 -0.000000 0.000000 0.000000 0.000000 1.000000
0.999954 0.009334 0.002305 0.000000 -0.008937 0.990760 -0.135335 17.252399 -0.003547 0.135308 0.990797 0.000000 0.000000 0.000000 0.000000 1.000000
0.999919 0.011104 0.006272 0.000000 -0.010147 0.990638 -0.136139 17.252399 -0.007725 0.136064 0.990670 0.000000 0.000000 0.000000 0.000000 1.000000
0.999865 0.012951 0.010151 0.000000 -0.011399 0.990038 -0.140340 17.252399 -0.011867 0.140206 0.990051 -0.000000 0.000000 0.000000 0.000000 1.000000
0.999784 0.016770 0.012283 -0.000000 -0.014804 0.989233 -0.145602 17.252399 -0.014593 0.145388 0.989267 0.000000 0.000000 0.000000 0.000000 1.000000
0.999699 0.021277 0.012193 0.000000 -0.019202 0.988428 -0.150469 17.252399 -0.015254 0.150190 0.988540 0.000000 0.000000 0.000000 0.000000 1.000000
0.999538 0.028340 0.010952 0.000000 -0.026287 0.987415 -0.155949 17.252399 -0.015234 0.155589 0.987704 0.000000 0.000000 0.000000 0.000000 1.000000
0.999273 0.036730 0.010176 0.000000 -0.034620 0.986391 -0.160733 17.252399 -0.015941 0.160264 0.986945 0.000000 0.000000 0.000000 0.000000 1.000000
0.998982 0.043829 0.010639 0.000000 -0.041495 0.985589 -0.163988 17.252399 -0.017673 0.163380 0.986405 0.000000 0.000000 0.000000 0.000000 1.000000
0.998810 0.047265 0.012052 -0.000000 -0.044630 0.985250 -0.165199 17.252399 -0.019682 0.164464 0.986187 -0.000000 0.000000 0.000000 0.000000 1.000000
0.998811 0.046845 0.013508 0.000000 -0.043983 0.985332 -0.164884 17.252399 -0.021034 0.164093 0.986221 0.000000 0.000000 0.000000 0.000000 1.000000
0.998961 0.043191 0.014538 0.000000 -0.040249 0.985795 -0.163061 17.252399 -0.021374 0.162307 0.986509 0.000000 0.000000 0.000000 0.000000 1.000000
0.999176 0.037518 0.015457 0.000000 -0.034588 0.986666 -0.159039 17.252399 -0.021217 0.158374 0.987151 0.000000 0.000000 0.000000 0.000000 1.000000
0.999376 0.031097 0.016772 0.000000 -0.028187 0.987951 -0.152179 17.252399 -0.021303 0.151611 0.988211 0.000000 0.000000 0.000000 0.000000 1.000000
0.999522 0.025275 0.017826 0.000000 -0.022525 0.989834 -0.140435 17.252399 -0.021194 0.139966 0.989929 0.000000 0.000000 0.000000 0.000000 1.000000
0.999611 0.020268 0.019172 0.000000 -0.017938 0.993233 -0.114741 17.252399 -0.021368 0.114353 0.993210 0.000000 0.000000 0.000000 0.000000 1.000000
0.999650 0.016123 0.020974 -0.000000 -0.014356 0.996543 -0.081831 17.252399 -0.022221 0.081502 0.996425 0.000000 0.000000 0.000000 0.000000 1.000000
0.999663 0.013828 0.021973 0.000000 -0.012640 0.998499 -0.053293 17.252399 -0.022677 0.052997 0.998337 0.000000 0.000000 0.000000 0.000000 1.000000
0.999725 0.013689 0.019027 0.000000 -0.012956 0.999188 -0.038157 17.252399 -0.019534 0.037900 0.999091 -0.000000 0.000000 0.000000 0.000000 1.000000</float_array>
        <technique_common>
          <accessor source="#mixamorig_Spine1-Matrix-animation-output-transform-array" count="31" stride="16">
            <param type="float4x4"/>
          </accessor>
        </technique_common>
      </source>
      <source id="mixamorig_Spine1-Interpolations">
        <Name_array id="mixamorig_Spine1-Interpolations-array" count="31">
 LINEAR LINEAR LINEAR LINEAR LINEAR LINEAR LINEAR LINEAR LINEAR LINEAR LINEAR
LINEAR LINEAR LINEAR LINEAR LINEAR LINEAR LINEAR LINEAR LINEAR LINEAR LINEAR LINEAR
LINEAR LINEAR LINEAR LINEAR LINEAR LINEAR LINEAR LINEAR</Name_array>
        <technique_common>
          <accessor source="#mixamorig_Spine1-Interpolations-array" count="31">
            <param type="name"/>
          </accessor>
        </technique_common>
      </source>
      <sampler id="mixamorig_Spine1-Matrix-animation-transform">
        <input semantic="INPUT" source="#mixamorig_Spine1-Matrix-animation-input"/>
        <input semantic="OUTPUT" source="#mixamorig_Spine1-Matrix-animation-output-transform"/>
        <input semantic="INTERPOLATION" source="#mixamorig_Spine1-Interpolations"/>
      </sampler>
      <channel source="#mixamorig_Spine1-Matrix-animation-transform" target="mixamorig_Spine1/matrix"/>
    </animation>
    <animation id="mixamorig_Spine2-anim" name="mixamorig_Spine2">
      <source id="mixamorig_Spine2-Matrix-animation-input">
        <float_array id="mixamorig_Spine2-Matrix-animation-input-array" count="31">

0.000000 0.033333 0.066667 0.100000 0.133333 0.166667 0.200000 0.233333 0.266667 0.300000 0.333333 0.366667 0.400000 0.433333 0.466667 0.500000
0.533333 0.566667 0.600000 0.633333 0.666667 0.700000 0.733333 0.766667 0.800000 0.833333 0.866667 0.900000 0.933333 0.966667 1.000000</float_array>
        <technique_common>
          <accessor source="#mixamorig_Spine2-Matrix-animation-input-array" count="31">
            <param name="TIME" type="float"/>
          </accessor>
        </technique_common>
      </source>
      <source id="mixamorig_Spine2-Matrix-animation-output-transform">
        <float_array id="mixamorig_Spine2-Matrix-animation-output-transform-array" count="496">

0.999731 0.013483 0.018864 -0.000000 -0.012751 0.999180 -0.038424 19.717100 -0.019366 0.038173 0.999083 0.000000 0.000000 0.000000 0.000000 1.000000
0.999876 0.013733 0.007676 0.000000 -0.013243 0.998073 -0.060621 19.717100 -0.008494 0.060512 0.998131 0.000000 0.000000 0.000000 0.000000 1.000000
0.999894 0.012324 -0.007710 0.000000 -0.013021 0.995091 -0.098108 19.717100 0.006463 0.098198 0.995146 0.000000 0.000000 0.000000 0.000000 1.000000
0.999655 0.011586 -0.023553 0.000000 -0.014663 0.990736 -0.135010 19.717100 0.021770 0.135309 0.990564 -0.000000 0.000000 0.000000 0.000000 1.000000
0.999218 0.012986 -0.037351 -0.000000 -0.018480 0.988400 -0.150744 19.717100 0.034961 0.151316 0.987867 0.000000 0.000000 0.000000 0.000000 1.000000
0.998712 0.015644 -0.048258 0.000000 -0.022746 0.988375 -0.150325 19.717100 0.045346 0.151229 0.987458 -0.000000 0.000000 0.000000 0.000000 1.000000
0.998279 0.018762 -0.055561 0.000000 -0.026525 0.989445 -0.142463 19.717100 0.052302 0.143692 0.988239 0.000000 0.000000 0.000000 0.000000 1.000000
0.998062 0.022076 -0.058175 -0.000000 -0.029579 0.990880 -0.131464 19.717100 0.054742 0.132930 0.989612 0.000000 0.000000 0.000000 0.000000 1.000000
0.997969 0.026714 -0.057826 0.000000 -0.033688 0.991810 -0.123196 19.717100 0.054062 0.124894 0.990696 0.000000 0.000000 0.000000 0.000000 1.000000
0.997761 0.032824 -0.058270 0.000000 -0.039470 0.992368 -0.116824 19.717100 0.053990 0.118862 0.991442 0.000000 0.000000 0.000000 0.000000 1.000000
0.997368 0.039545 -0.060776 0.000000 -0.046149 0.992704 -0.111399 19.717100 0.055928 0.113910 0.991916 -0.000000 0.000000 0.000000 0.000000 1.000000
0.996900 0.045089 -0.064470 0.000000 -0.051812 0.992938 -0.106724 19.717100 0.059203 0.109734 0.992196 0.000000 0.000000 0.000000 0.000000 1.000000
0.996590 0.048048 -0.067081 0.000000 -0.054862 0.993091 -0.103736 19.717100 0.061633 0.107062 0.992340 0.000000 0.000000 0.000000 0.000000 1.000000
0.996614 0.047813 -0.066884 0.000000 -0.054528 0.993241 -0.102467 19.717100 0.061533 0.105768 0.992485 0.000000 0.000000 0.000000 0.000000 1.000000
0.996947 0.044780 -0.063958 0.000000 -0.051184 0.993438 -0.102284 19.717100 0.058958 0.105245 0.992697 -0.000000 0.000000 0.000000 0.000000 1.000000
0.997396 0.040367 -0.059761 0.000000 -0.046342 0.993681 -0.102224 19.717100 0.055257 0.104727 0.992965 0.000000 0.000000 0.000000 0.000000 1.000000
0.997771 0.037051 -0.055492 0.000000 -0.042600 0.993831 -0.102398 19.717100 0.051356 0.104534 0.993194 0.000000 0.000000 0.000000 0.000000 1.000000
0.998119 0.034749 -0.050506 -0.000000 -0.039781 0.993957 -0.102306 19.717100 0.046645 0.104122 0.993470 0.000000 0.000000 0.000000 0.000000 1.000000
0.998613 0.029884 -0.043357 0.000000 -0.034221 0.994091 -0.103012 19.717100 0.040022 0.104352 0.993735 0.000000 0.000000 0.000000 0.000000 1.000000
0.999187 0.020616 -0.034653 0.000000 -0.024095 0.994370 -0.103187 19.717100 0.032330 0.103938 0.994058 0.000000 0.000000 0.000000 0.000000 1.000000
0.999615 0.010709 -0.025582 0.000000 -0.013184 0.995035 -0.098648 19.717100 0.024399 0.098947 0.994794 -0.000000 0.000000 0.000000 0.000000 1.000000
0.999848 0.003591 -0.017054 0.000000 -0.005154 0.995696 -0.092533 19.717100 0.016649 0.092607 0.995564 0.000000 0.000000 0.000000 0.000000 1.000000
0.999957 -0.000698 -0.009216 0.000000 -0.000096 0.996312 -0.085800 19.717100 0.009242 0.085797 0.996270 0.000000 0.000000 0.000000 0.000000 1.000000
0.999986 -0.005096 -0.001604 0.000000 0.004954 0.996897 -0.078561 19.717100 0.001999 0.078552 0.996908 0.000000 0.000000 0.000000 0.000000 1.000000
0.999946 -0.008837 0.005554 0.000000 0.009212 0.997395 -0.071536 19.717100 -0.004907 0.071584 0.997423 0.000000 0.000000 0.000000 0.000000 1.000000
0.999873 -0.010593 0.011917 0.000000 0.011337 0.997870 -0.064246 19.717100 -0.011211 0.064373 0.997863 0.000000 0.000000 0.000000 0.000000 1.000000
0.999820 -0.008385 0.017035 0.000000 0.009350 0.998308 -0.057383 19.717100 -0.016525 0.057532 0.998207 -0.000000 0.000000 0.000000 0.000000 1.000000
0.999779 -0.004217 0.020603 0.000000 0.005229 0.998771 -0.049278 19.717100 -0.020370 0.049374 0.998573 0.000000 0.000000 0.000000 0.000000 1.000000
0.999758 0.001453 0.021931 0.000000 -0.000570 0.999192 -0.040196 19.717100 -0.021972 0.040174 0.998951 0.000000 0.000000 0.000000 0.000000 1.000000
0.999725 0.009173 0.021582 0.000000 -0.008480 0.999452 -0.031998 19.717100 -0.021863 0.031806 0.999255 0.000000 0.000000 0.000000 0.000000 1.000000
0.999731 0.013483 0.018864 0.000000 -0.012751 0.999180 -0.038424 19.717100 -0.019366 0.038173 0.999083 0.000000 0.000000 0.000000 0.000000 1.000000</float_array>
        <technique_common>
          <accessor source="#mixamorig_Spine2-Matrix-animation-output-transform-array" count="31" stride="16">
            <param type="float4x4"/>
          </accessor>
        </technique_common>
      </source>
      <source id="mixamorig_Spine2-Interpolations">
        <Name_array id="mixamorig_Spine2-Interpolations-array" count="31">
 LINEAR LINEAR LINEAR LINEAR LINEAR LINEAR LINEAR LINEAR LINEAR LINEAR LINEAR
LINEAR LINEAR LINEAR LINEAR LINEAR LINEAR LINEAR LINEAR LINEAR LINEAR LINEAR LINEAR
LINEAR LINEAR LINEAR LINEAR LINEAR LINEAR LINEAR LINEAR</Name_array>
        <technique_common>
          <accessor source="#mixamorig_Spine2-Interpolations-array" count="31">
            <param type="name"/>
          </accessor>
        </technique_common>
      </source>
      <sampler id="mixamorig_Spine2-Matrix-animation-transform">
        <input semantic="INPUT" source="#mixamorig_Spine2-Matrix-animation-input"/>
        <input semantic="OUTPUT" source="#mixamorig_Spine2-Matrix-animation-output-transform"/>
        <input semantic="INTERPOLATION" source="#mixamorig_Spine2-Interpolations"/>
      </sampler>
      <channel source="#mixamorig_Spine2-Matrix-animation-transform" target="mixamorig_Spine2/matrix"/>
    </animation>
    <animation id="mixamorig_Neck-anim" name="mixamorig_Neck">
      <source id="mixamorig_Neck-Matrix-animation-input">
        <float_array id="mixamorig_Neck-Matrix-animation-input-array" count="31">

0.000000 0.033333 0.066667 0.100000 0.133333 0.166667 0.200000 0.233333 0.266667 0.300000 0.333333 0.366667 0.400000 0.433333 0.466667 0.500000
0.533333 0.566667 0.600000 0.633333 0.666667 0.700000 0.733333 0.766667 0.800000 0.833333 0.866667 0.900000 0.933333 0.966667 1.000000</float_array>
        <technique_common>
          <accessor source="#mixamorig_Neck-Matrix-animation-input-array" count="31">
            <param name="TIME" type="float"/>
          </accessor>
        </technique_common>
      </source>
      <source id="mixamorig_Neck-Matrix-animation-output-transform">
        <float_array id="mixamorig_Neck-Matrix-animation-output-transform-array" count="496">

0.970514 -0.077040 0.228400 0.000000 0.105847 0.987514 -0.116669 22.181700 -0.216560 0.137405 0.966552 -0.000000 0.000000 0.000000 0.000000 1.000000
0.969430 -0.068865 0.235506 0.000000 0.091617 0.991981 -0.087064 22.181700 -0.227622 0.105979 0.967965 0.000000 0.000000 0.000000 0.000000 1.000000
0.968556 -0.054791 0.242687 0.000000 0.065104 0.997276 -0.034676 22.181700 -0.240126 0.049386 0.969485 0.000000 0.000000 0.000000 0.000000 1.000000
0.968324 -0.041259 0.246265 0.000000 0.041944 0.999117 0.002467 22.181700 -0.246149 0.007940 0.969199 -0.000000 0.000000 0.000000 0.000000 1.000000
0.969268 -0.031941 0.243923 0.000000 0.028205 0.999425 0.018797 22.181700 -0.244383 -0.011339 0.969612 0.000000 0.000000 0.000000 0.000000 1.000000
0.971614 -0.025859 0.235155 0.000000 0.020863 0.999501 0.023711 22.181700 -0.235651 -0.018132 0.971669 0.000000 0.000000 0.000000 0.000000 1.000000
0.975202 -0.021560 0.220266 0.000000 0.017179 0.999615 0.021786 22.181700 -0.220651 -0.017462 0.975197 0.000000 0.000000 0.000000 0.000000 1.000000
0.978929 -0.021577 0.203060 -0.000000 0.018815 0.999702 0.015525 22.181700 -0.203334 -0.011377 0.979043 -0.000000 0.000000 0.000000 0.000000 1.000000
0.980358 -0.021620 0.196037 0.000000 0.021261 0.999766 0.003935 22.181700 -0.196076 0.000310 0.980589 0.000000 0.000000 0.000000 0.000000 1.000000
0.980312 -0.021673 0.196263 -0.000000 0.024030 0.999665 -0.009635 22.181700 -0.195989 0.014162 0.980504 -0.000000 0.000000 0.000000 0.000000 1.000000
0.979562 -0.021750 0.199965 0.000000 0.027320 0.999311 -0.025141 22.181700 -0.199281 0.030090 0.979480 -0.000000 0.000000 0.000000 0.000000 1.000000
0.978563 -0.021985 0.204772 -0.000000 0.030822 0.998722 -0.040065 22.181700 -0.203629 0.045517 0.977989 -0.000000 0.000000 0.000000 0.000000 1.000000
0.977791 -0.022598 0.208362 -0.000000 0.034139 0.998066 -0.051957 22.181700 -0.206785 0.057917 0.976671 0.000000 0.000000 0.000000 0.000000 1.000000
0.977707 -0.023705 0.208629 -0.000000 0.037688 0.997282 -0.063305 22.181700 -0.206562 0.069757 0.975944 0.000000 0.000000 0.000000 0.000000 1.000000
0.978209 -0.025176 0.206092 0.000000 0.041338 0.996364 -0.074493 22.181700 -0.203467 0.081389 0.975693 0.000000 0.000000 0.000000 0.000000 1.000000
0.978881 -0.027578 0.202561 0.000000 0.045009 0.995619 -0.081955 22.181700 -0.199413 0.089341 0.975834 0.000000 0.000000 0.000000 0.000000 1.000000
0.979328 -0.031997 0.199730 0.000000 0.049964 0.995078 -0.085572 22.181700 -0.196008 0.093783 0.976107 0.000000 0.000000 0.000000 0.000000 1.000000
0.978664 -0.042229 0.201083 0.000000 0.060306 0.994585 -0.084636 22.181700 -0.196420 0.094957 0.975911 -0.000000 0.000000 0.000000 0.000000 1.000000
0.975432 -0.059054 0.212236 0.000000 0.076876 0.994085 -0.076719 22.181700 -0.206450 0.091150 0.974202 0.000000 0.000000 0.000000 0.000000 1.000000
0.970421 -0.074036 0.229785 -0.000000 0.091754 0.993499 -0.067392 22.181700 -0.223301 0.086482 0.970905 0.000000 0.000000 0.000000 0.000000 1.000000
0.968746 -0.077817 0.235533 0.000000 0.095268 0.993416 -0.063626 22.181700 -0.229031 0.084076 0.969781 0.000000 0.000000 0.000000 0.000000 1.000000
0.969422 -0.072524 0.234440 0.000000 0.090183 0.993770 -0.065491 22.181700 -0.228229 0.084631 0.969922 0.000000 0.000000 0.000000 0.000000 1.000000
0.970805 -0.065130 0.230858 0.000000 0.083274 0.994084 -0.069732 22.181700 -0.224951 0.086921 0.970485 0.000000 0.000000 0.000000 0.000000 1.000000
0.971776 -0.060516 0.228012 0.000000 0.079604 0.993966 -0.075460 22.181700 -0.222070 0.091481 0.970730 0.000000 0.000000 0.000000 0.000000 1.000000
0.971966 -0.061630 0.226899 0.000000 0.081593 0.993476 -0.079676 22.181700 -0.220508 0.095955 0.970654 0.000000 0.000000 0.000000 0.000000 1.000000
0.972351 -0.065639 0.224110 -0.000000 0.086361 0.992722 -0.083938 22.181700 -0.216969 0.100971 0.970942 0.000000 0.000000 0.000000 0.000000 1.000000
0.972828 -0.069778 0.220763 0.000000 0.091797 0.991602 -0.091095 22.181700 -0.212553 0.108885 0.971064 0.000000 0.000000 0.000000 0.000000 1.000000
0.973157 -0.073611 0.218053 0.000000 0.097621 0.990039 -0.101455 22.181700 -0.208413 0.120018 0.970649 0.000000 0.000000 0.000000 0.000000 1.000000
0.972747 -0.076631 0.218840 0.000000 0.102554 0.988665 -0.109652 22.181700 -0.207957 0.129107 0.969580 -0.000000 0.000000 0.000000 0.000000 1.000000
0.971409 -0.078161 0.224179 0.000000 0.105793 0.987831 -0.114010 22.181700 -0.212539 0.134467 0.967856 0.000000 0.000000 0.000000 0.000000 1.000000
0.970444 -0.077035 0.228700 -0.000000 0.105650 0.987658 -0.115626 22.181700 -0.216970 0.136371 0.966606 0.000000 0.000000 0.000000 0.000000 1.000000</float_array>
        <technique_common>
          <accessor source="#mixamorig_Neck-Matrix-animation-output-transform-array" count="31" stride="16">
            <param type="float4x4"/>
          </accessor>
        </technique_common>
      </source>
      <source id="mixamorig_Neck-Interpolations">
        <Name_array id="mixamorig_Neck-Interpolations-array" count="31">
 LINEAR LINEAR LINEAR LINEAR LINEAR LINEAR LINEAR LINEAR LINEAR LINEAR LINEAR
LINEAR LINEAR LINEAR LINEAR LINEAR LINEAR LINEAR LINEAR LINEAR LINEAR LINEAR LINEAR
LINEAR LINEAR LINEAR LINEAR LINEAR LINEAR LINEAR LINEAR</Name_array>
        <technique_common>
          <accessor source="#mixamorig_Neck-Interpolations-array" count="31">
            <param type="name"/>
          </accessor>
        </technique_common>
      </source>
      <sampler id="mixamorig_Neck-Matrix-animation-transform">
        <input semantic="INPUT" source="#mixamorig_Neck-Matrix-animation-input"/>
        <input semantic="OUTPUT" source="#mixamorig_Neck-Matrix-animation-output-transform"/>
        <input semantic="INTERPOLATION" source="#mixamorig_Neck-Interpolations"/>
      </sampler>
      <channel source="#mixamorig_Neck-Matrix-animation-transform" target="mixamorig_Neck/matrix"/>
    </animation>
    <animation id="mixamorig_Head-anim" name="mixamorig_Head">
      <source id="mixamorig_Head-Matrix-animation-input">
        <float_array id="mixamorig_Head-Matrix-animation-input-array" count="31">

0.000000 0.033333 0.066667 0.100000 0.133333 0.166667 0.200000 0.233333 0.266667 0.300000 0.333333 0.366667 0.400000 0.433333 0.466667 0.500000
0.533333 0.566667 0.600000 0.633333 0.666667 0.700000 0.733333 0.766667 0.800000 0.833333 0.866667 0.900000 0.933333 0.966667 1.000000</float_array>
        <technique_common>
          <accessor source="#mixamorig_Head-Matrix-animation-input-array" count="31">
            <param name="TIME" type="float"/>
          </accessor>
        </technique_common>
      </source>
      <source id="mixamorig_Head-Matrix-animation-output-transform">
        <float_array id="mixamorig_Head-Matrix-animation-output-transform-array" count="496">

0.937208 0.066821 0.342311 0.000000 -0.018186 0.989503 -0.143366 7.772300 -0.348297 0.128138 0.928585 1.167700 0.000000 0.000000 0.000000 1.000000
0.936882 0.075280 0.341445 -0.000000 -0.025441 0.988636 -0.148161 7.772300 -0.348719 0.130122 0.928151 1.167700 0.000000 0.000000 0.000000 1.000000
0.946865 0.068704 0.314207 0.000000 -0.025074 0.989714 -0.140848 7.772300 -0.320652 0.125486 0.938848 1.167700 0.000000 0.000000 0.000000 1.000000
0.961202 0.049375 0.271391 0.000000 -0.013546 0.991112 -0.132341 7.772300 -0.275513 0.123530 0.953327 1.167700 0.000000 0.000000 0.000000 1.000000
0.970006 0.026415 0.241641 -0.000000 0.005722 0.991321 -0.131336 7.772300 -0.243013 0.128780 0.961437 1.167700 0.000000 0.000000 0.000000 1.000000
0.973060 -0.000742 0.230550 0.000000 0.031594 0.990990 -0.130157 7.772300 -0.228376 0.133935 0.964316 1.167700 0.000000 0.000000 0.000000 1.000000
0.974110 -0.022617 0.224942 0.000000 0.053177 0.989989 -0.130743 7.772300 -0.219733 0.139319 0.965561 1.167700 0.000000 0.000000 0.000000 1.000000
0.976271 -0.027486 0.214800 0.000000 0.056588 0.989828 -0.130535 7.772300 -0.209027 0.139592 0.967896 1.167700 0.000000 0.000000 0.000000 1.000000
0.978395 -0.015428 0.206167 0.000000 0.041757 0.991406 -0.123975 7.772300 -0.202482 0.129905 0.970631 1.167700 0.000000 0.000000 0.000000 1.000000
0.979830 0.001576 0.199829 0.000000 0.021632 0.993256 -0.113905 7.772300 -0.198660 0.115930 0.973188 1.167700 0.000000 0.000000 0.000000 1.000000
0.981698 0.016123 0.189762 0.000000 0.003539 0.994694 -0.102819 7.772300 -0.190413 0.101609 0.976432 1.167700 0.000000 0.000000 0.000000 1.000000
0.984570 0.024171 0.173313 0.000000 -0.007773 0.995478 -0.094677 7.772300 -0.174818 0.091869 0.980305 1.167700 0.000000 0.000000 0.000000 1.000000
0.987489 0.023157 0.155976 0.000000 -0.008873 0.995751 -0.091660 7.772300 -0.157436 0.089130 0.983499 1.167700 0.000000 0.000000 0.000000 1.000000
0.989768 0.012224 0.142163 0.000000 0.000701 0.995895 -0.090517 7.772300 -0.142686 0.089690 0.985696 1.167700 0.000000 0.000000 0.000000 1.000000
0.990845 -0.001623 0.134994 0.000000 0.014329 0.995544 -0.093202 7.772300 -0.134241 0.094283 0.986453 1.167700 0.000000 0.000000 0.000000 1.000000
0.990764 -0.012837 0.134991 0.000000 0.026732 0.994463 -0.101631 7.772300 -0.132939 0.104301 0.985621 1.167700 0.000000 0.000000 0.000000 1.000000
0.990347 -0.018921 0.137314 -0.000000 0.034852 0.992804 -0.114563 7.772300 -0.134158 0.118242 0.983880 1.167700 0.000000 0.000000 0.000000 1.000000
0.990823 -0.018195 0.133933 0.000000 0.036227 0.990393 -0.133453 7.772300 -0.130218 0.137081 0.981963 1.167700 0.000000 0.000000 0.000000 1.000000
0.992063 -0.008407 0.125464 0.000000 0.028762 0.986482 -0.161323 7.772300 -0.122412 0.163651 0.978894 1.167700 0.000000 0.000000 0.000000 1.000000
0.992822 -0.000649 0.119604 0.000000 0.022129 0.983717 -0.178356 7.772300 -0.117540 0.179722 0.976670 1.167700 0.000000 0.000000 0.000000 1.000000
0.992220 -0.000189 0.124495 0.000000 0.020863 0.986109 -0.164786 7.772300 -0.122735 0.166102 0.978441 1.167700 0.000000 0.000000 0.000000 1.000000
0.989631 0.003154 0.143600 0.000000 0.015786 0.991314 -0.130566 7.772300 -0.142764 0.131479 0.980985 1.167700 0.000000 0.000000 0.000000 1.000000
0.984842 0.009427 0.173199 0.000000 0.006066 0.996039 -0.088705 7.772300 -0.173349 0.088411 0.980884 1.167700 0.000000 0.000000 0.000000 1.000000
0.978484 0.017744 0.205558 -0.000000 -0.007182 0.998621 -0.052012 7.772300 -0.206197 0.049416 0.977262 1.167700 0.000000 0.000000 0.000000 1.000000
0.972453 0.023773 0.231882 0.000000 -0.017550 0.999429 -0.028867 7.772300 -0.232436 0.024002 0.972315 1.167700 0.000000 0.000000 0.000000 1.000000
0.968008 0.024267 0.249743 0.000000 -0.020911 0.999652 -0.016084 7.772300 -0.250046 0.010347 0.968179 1.167700 0.000000 0.000000 0.000000 1.000000
0.964364 0.024298 0.263461 0.000000 -0.021131 0.999666 -0.014847 7.772300 -0.263734 0.008751 0.964556 1.167700 0.000000 0.000000 0.000000 1.000000
0.960528 0.026420 0.276924 0.000000 -0.019986 0.999461 -0.026031 7.772300 -0.277463 0.019469 0.960539 1.167700 0.000000 0.000000 0.000000 1.000000
0.955272 0.033432 0.293833 0.000000 -0.017260 0.998199 -0.057460 7.772300 -0.295225 0.049819 0.954128 1.167700 0.000000 0.000000 0.000000 1.000000
0.947598 0.047289 0.315945 0.000000 -0.015635 0.994663 -0.101983 7.772300 -0.319081 0.091699 0.943281 1.167700 0.000000 0.000000 0.000000 1.000000
0.936427 0.067621 0.344285 -0.000000 -0.017903 0.989183 -0.145591 7.772300 -0.350405 0.130172 0.927508 1.167700 0.000000 0.000000 0.000000 1.000000</float_array>
        <technique_common>
          <accessor source="#mixamorig_Head-Matrix-animation-output-transform-array" count="31" stride="16">
            <param type="float4x4"/>
