<?xml version="1.0" encoding="utf-8"?>
<COLLADA xmlns="http://www.collada.org/2005/11/COLLADASchema" version="1.4.1">
  <asset>
    <contributor>
      <author>Mixamo</author>
      <authoring_tool>COLLADA Mixamo exporter</authoring_tool>
      <comments/>
    </contributor>
    <created>2024-12-16T04:52:47Z</created>
    <modified>2024-12-16T04:52:47Z</modified>
    <revision/>
    <title/>
    <unit meter="0.010000"/>
    <up_axis>Y_UP</up_axis>
  </asset>
  <library_animations>
    <animation id="mixamorig_Hips-anim" name="mixamorig_Hips">
      <source id="mixamorig_Hips-Matrix-animation-input">
        <float_array id="mixamorig_Hips-Matrix-animation-input-array" count="37">

0.000000 0.033333 0.066667 0.100000 0.133333 0.166667 0.200000 0.233333 0.266667 0.300000 0.333333 0.366667 0.400000 0.433333 0.466667 0.500000
0.533333 0.566667 0.600000 0.633333 0.666667 0.700000 0.733333 0.766667 0.800000 0.833333 0.866667 0.900000 0.933333 0.966667 1.000000 1.033333
1.066667 1.100000 1.133333 1.166667 1.200000</float_array>
        <technique_common>
          <accessor source="#mixamorig_Hips-Matrix-animation-input-array" count="37">
            <param name="TIME" type="float"/>
          </accessor>
        </technique_common>
      </source>
      <source id="mixamorig_Hips-Matrix-animation-output-transform">
        <float_array id="mixamorig_Hips-Matrix-animation-output-transform-array" count="592">

0.722939 -0.100243 -0.683601 -1.754763 0.022987 0.992361 -0.121209 73.080833 0.690529 0.071913 0.719721 3.084231 0.000000 0.000000 0.000000 1.000000
0.737089 -0.088836 -0.669932 -1.411068 0.014472 0.993170 -0.115777 73.412842 0.675641 0.075643 0.733340 3.708002 0.000000 0.000000 0.000000 1.000000
0.751382 -0.076130 -0.655461 -1.049744 0.004771 0.993923 -0.109971 73.618210 0.659850 0.079503 0.747180 4.362125 0.000000 0.000000 0.000000 1.000000
0.765980 -0.062954 -0.639774 -0.681412 -0.005274 0.994545 -0.104178 73.572830 0.642843 0.083173 0.761469 4.982225 0.000000 0.000000 0.000000 1.000000
0.780723 -0.049383 -0.622923 -0.303933 -0.015895 0.994980 -0.098799 73.242981 0.624675 0.087037 0.776019 5.484083 0.000000 0.000000 0.000000 1.000000
0.795074 -0.035994 -0.605444 0.066533 -0.026678 0.995196 -0.094198 72.663513 0.605926 0.091046 0.790294 5.847577 0.000000 0.000000 0.000000 1.000000
0.808854 -0.023402 -0.587544 0.444625 -0.037105 0.995185 -0.090719 71.919540 0.586838 0.095179 0.804091 6.164690 0.000000 0.000000 0.000000 1.000000
0.821847 -0.012113 -0.569579 0.815411 -0.046795 0.994960 -0.088680 71.072601 0.567783 0.099535 0.817139 6.345516 0.000000 0.000000 0.000000 1.000000
0.833102 -0.006294 -0.553084 1.117596 -0.052009 0.994614 -0.089659 70.242844 0.550669 0.103461 0.828287 6.533752 0.000000 0.000000 0.000000 1.000000
0.841432 -0.005817 -0.540331 1.309282 -0.054040 0.994023 -0.094855 69.419106 0.537654 0.109014 0.836089 6.733545 0.000000 0.000000 0.000000 1.000000
0.845524 -0.015636 -0.533709 1.369316 -0.046061 0.993709 -0.102084 68.731499 0.531947 0.110898 0.839484 6.867298 0.000000 0.000000 0.000000 1.000000
0.843428 -0.036912 -0.535973 1.348444 -0.028701 0.993117 -0.113559 68.248749 0.536476 0.111162 0.836563 7.010293 0.000000 0.000000 0.000000 1.000000
0.834064 -0.049818 -0.549414 1.425755 -0.018558 0.992817 -0.118197 67.931648 0.551356 0.108780 0.827148 7.283226 0.000000 0.000000 0.000000 1.000000
0.824937 -0.062872 -0.561717 1.556100 -0.009319 0.992146 -0.124734 68.047234 0.565148 0.108132 0.817872 7.372827 0.000000 0.000000 0.000000 1.000000
0.815444 -0.075737 -0.573859 1.686455 0.000346 0.991466 -0.130361 68.544395 0.578835 0.106104 0.808512 7.171448 0.000000 0.000000 0.000000 1.000000
0.809574 -0.080411 -0.581484 1.915221 0.002648 0.991064 -0.133363 69.180077 0.587011 0.106427 0.802553 6.766862 0.000000 0.000000 0.000000 1.000000
0.808318 -0.077689 -0.583598 2.042658 -0.000944 0.991083 -0.133241 70.117065 0.588746 0.108252 0.801037 6.346576 0.000000 0.000000 0.000000 1.000000
0.807247 -0.068890 -0.586180 2.033736 -0.009960 0.991433 -0.130234 71.264725 0.590130 0.110970 0.799645 5.942974 0.000000 0.000000 0.000000 1.000000
0.805198 -0.059698 -0.589994 1.874260 -0.020365 0.991549 -0.128122 72.343697 0.592657 0.115179 0.797177 5.571518 0.000000 0.000000 0.000000 1.000000
0.802786 -0.054295 -0.593791 1.643420 -0.027438 0.991427 -0.127750 73.320618 0.595636 0.118848 0.794413 5.226141 0.000000 0.000000 0.000000 1.000000
0.801276 -0.051169 -0.596103 1.366465 -0.030256 0.991596 -0.125787 74.039978 0.597530 0.118826 0.792994 4.866723 0.000000 0.000000 0.000000 1.000000
0.800452 -0.050916 -0.597231 1.037991 -0.029916 0.991750 -0.124645 74.424591 0.598650 0.117639 0.792325 4.586673 0.000000 0.000000 0.000000 1.000000
0.799459 -0.049953 -0.598641 0.642960 -0.029429 0.992083 -0.122086 74.503555 0.600000 0.115220 0.791659 4.365206 0.000000 0.000000 0.000000 1.000000
0.797348 -0.051700 -0.601301 0.187071 -0.027526 0.992172 -0.121808 74.251297 0.602892 0.113674 0.789683 4.231339 0.000000 0.000000 0.000000 1.000000
0.792021 -0.057742 -0.607757 -0.294314 -0.023949 0.991812 -0.125442 73.705811 0.610024 0.113908 0.784153 4.209687 0.000000 0.000000 0.000000 1.000000
0.786075 -0.064927 -0.614712 -0.834780 -0.019640 0.991343 -0.129823 72.895309 0.617819 0.114124 0.777994 3.941988 0.000000 0.000000 0.000000 1.000000
0.781714 -0.074407 -0.619182 -1.421417 -0.012563 0.990776 -0.134923 71.841759 0.623510 0.113250 0.773569 3.673991 0.000000 0.000000 0.000000 1.000000
0.779254 -0.081920 -0.621331 -2.008880 -0.008259 0.989992 -0.140884 70.747910 0.626654 0.114916 0.770778 3.551468 0.000000 0.000000 0.000000 1.000000
0.777827 -0.080617 -0.623287 -2.443660 -0.014083 0.989254 -0.145526 69.829147 0.628321 0.121972 0.768333 3.466313 0.000000 0.000000 0.000000 1.000000
0.777446 -0.082577 -0.623505 -2.794451 -0.015349 0.988557 -0.150062 69.059258 0.628762 0.126235 0.767283 3.594817 0.000000 0.000000 0.000000 1.000000
0.781189 -0.089973 -0.617778 -2.999263 -0.001929 0.989208 -0.146507 68.750778 0.624292 0.115641 0.772584 3.808197 0.000000 0.000000 0.000000 1.000000
0.781028 -0.092468 -0.617612 -3.032458 0.007093 0.990227 -0.139287 69.040421 0.624456 0.104406 0.774051 3.552503 0.000000 0.000000 0.000000 1.000000
0.770186 -0.096438 -0.630486 -2.958883 0.013435 0.990737 -0.135129 69.742210 0.637678 0.095604 0.764347 3.021818 0.000000 0.000000 0.000000 1.000000
0.752990 -0.100623 -0.650293 -2.789753 0.017790 0.990991 -0.132741 70.520233 0.657791 0.088384 0.747997 2.723096 0.000000 0.000000 0.000000 1.000000
0.736265 -0.103384 -0.668749 -2.519405 0.020528 0.991218 -0.130635 71.407104 0.676382 0.082454 0.731921 2.592367 0.000000 0.000000 0.000000 1.000000
0.726256 -0.103780 -0.679545 -2.170677 0.022501 0.991598 -0.127389 72.297844 0.687056 0.077227 0.722489 2.686288 0.000000 0.000000 0.000000 1.000000
0.722939 -0.100243 -0.683601 -1.754759 0.022987 0.992361 -0.121209 73.080803 0.690529 0.071913 0.719721 3.084223 0.000000 0.000000 0.000000 1.000000</float_array>
        <technique_common>
          <accessor source="#mixamorig_Hips-Matrix-animation-output-transform-array" count="37" stride="16">
            <param type="float4x4"/>
          </accessor>
        </technique_common>
      </source>
      <source id="mixamorig_Hips-Interpolations">
        <Name_array id="mixamorig_Hips-Interpolations-array" count="37">
 LINEAR LINEAR LINEAR LINEAR LINEAR LINEAR LINEAR LINEAR LINEAR LINEAR LINEAR
LINEAR LINEAR LINEAR LINEAR LINEAR LINEAR LINEAR LINEAR LINEAR LINEAR LINEAR LINEAR
LINEAR LINEAR LINEAR LINEAR LINEAR LINEAR LINEAR LINEAR LINEAR LINEAR LINEAR LINEAR
LINEAR LINEAR</Name_array>
        <technique_common>
          <accessor source="#mixamorig_Hips-Interpolations-array" count="37">
            <param type="name"/>
          </accessor>
        </technique_common>
      </source>
      <sampler id="mixamorig_Hips-Matrix-animation-transform">
        <input semantic="INPUT" source="#mixamorig_Hips-Matrix-animation-input"/>
        <input semantic="OUTPUT" source="#mixamorig_Hips-Matrix-animation-output-transform"/>
        <input semantic="INTERPOLATION" source="#mixamorig_Hips-Interpolations"/>
      </sampler>
      <channel source="#mixamorig_Hips-Matrix-animation-transform" target="mixamorig_Hips/matrix"/>
    </animation>
    <animation id="mixamorig_Spine-anim" name="mixamorig_Spine">
      <source id="mixamorig_Spine-Matrix-animation-input">
        <float_array id="mixamorig_Spine-Matrix-animation-input-array" count="37">

0.000000 0.033333 0.066667 0.100000 0.133333 0.166667 0.200000 0.233333 0.266667 0.300000 0.333333 0.366667 0.400000 0.433333 0.466667 0.500000
0.533333 0.566667 0.600000 0.633333 0.666667 0.700000 0.733333 0.766667 0.800000 0.833333 0.866667 0.900000 0.933333 0.966667 1.000000 1.033333
1.066667 1.100000 1.133333 1.166667 1.200000</float_array>
        <technique_common>
          <accessor source="#mixamorig_Spine-Matrix-animation-input-array" count="37">
            <param name="TIME" type="float"/>
          </accessor>
        </technique_common>
      </source>
      <source id="mixamorig_Spine-Matrix-animation-output-transform">
        <float_array id="mixamorig_Spine-Matrix-animation-output-transform-array" count="592">

0.987118 0.152224 -0.049246 0.000000 -0.158125 0.975114 -0.155397 14.685700 0.024365 0.161182 0.986624 -1.734700 0.000000 0.000000 0.000000 1.000000
0.989438 0.135907 -0.050411 0.000000 -0.141818 0.979560 -0.142651 14.685700 0.029994 0.148294 0.988488 -1.734700 0.000000 0.000000 0.000000 1.000000
0.991644 0.118121 -0.051856 0.000000 -0.123967 0.983770 -0.129725 14.685700 0.035691 0.135070 0.990193 -1.734700 0.000000 0.000000 0.000000 1.000000
0.993509 0.099932 -0.054351 0.000000 -0.105721 0.987507 -0.116847 14.685700 0.041995 0.121834 0.991662 -1.734700 0.000000 0.000000 0.000000 1.000000
0.994989 0.081506 -0.057916 0.000000 -0.087226 0.990715 -0.104289 14.685700 0.048878 0.108818 0.992859 -1.734700 0.000000 0.000000 0.000000 1.000000
0.996034 0.063728 -0.062084 0.000000 -0.069308 0.993315 -0.092316 14.685700 0.055786 0.096252 0.993792 -1.734700 0.000000 0.000000 0.000000 1.000000
0.996635 0.047443 -0.066843 -0.000000 -0.052824 0.995299 -0.081178 14.685700 0.062677 0.084436 0.994456 -1.734700 0.000000 0.000000 0.000000 1.000000
0.996508 0.042331 -0.071975 0.000000 -0.047777 0.995985 -0.075701 14.685700 0.068482 0.078875 0.994530 -1.734700 0.000000 0.000000 0.000000 1.000000
0.996227 0.041884 -0.076008 -0.000000 -0.047340 0.996320 -0.071456 14.685700 0.072735 0.074784 0.994544 -1.734700 0.000000 0.000000 0.000000 1.000000
0.995496 0.052372 -0.079026 -0.000000 -0.058056 0.995754 -0.071435 14.685700 0.074949 0.075702 0.994310 -1.734700 0.000000 0.000000 0.000000 1.000000
0.994143 0.073463 -0.079264 -0.000000 -0.079452 0.993994 -0.075257 14.685700 0.073259 0.081113 0.994009 -1.734700 0.000000 0.000000 0.000000 1.000000
0.991886 0.101997 -0.075883 0.000000 -0.107982 0.990972 -0.079466 14.685700 0.067092 0.087015 0.993945 -1.734700 0.000000 0.000000 0.000000 1.000000
0.989303 0.127185 -0.071436 0.000000 -0.133016 0.987559 -0.083868 14.685700 0.059880 0.092473 0.993913 -1.734700 0.000000 0.000000 0.000000 1.000000
0.987191 0.145496 -0.065465 -0.000000 -0.151028 0.984473 -0.089467 14.685700 0.051431 0.098208 0.993836 -1.734700 0.000000 0.000000 0.000000 1.000000
0.985786 0.157515 -0.058431 0.000000 -0.162352 0.982602 -0.090194 14.685700 0.043207 0.098399 0.994209 -1.734700 0.000000 0.000000 0.000000 1.000000
0.985398 0.162075 -0.052179 0.000000 -0.166245 0.982044 -0.089171 14.685700 0.036790 0.096544 0.994649 -1.734700 0.000000 0.000000 0.000000 1.000000
0.986480 0.157106 -0.046637 0.000000 -0.160621 0.983362 -0.084859 14.685700 0.032529 0.091203 0.995301 -1.734700 0.000000 0.000000 0.000000 1.000000
0.987863 0.149250 -0.043028 0.000000 -0.152381 0.984902 -0.082150 14.685700 0.030118 0.087710 0.995691 -1.734700 0.000000 0.000000 0.000000 1.000000
0.989125 0.141547 -0.039957 0.000000 -0.144304 0.986485 -0.077618 14.685700 0.028430 0.082539 0.996182 -1.734700 0.000000 0.000000 0.000000 1.000000
0.990011 0.135883 -0.037610 0.000000 -0.138357 0.987636 -0.073699 14.685700 0.027130 0.078166 0.996571 -1.734700 0.000000 0.000000 0.000000 1.000000
0.990446 0.133196 -0.035711 0.000000 -0.135439 0.988294 -0.070226 14.685700 0.025940 0.074392 0.996892 -1.734700 0.000000 0.000000 0.000000 1.000000
0.990300 0.134501 -0.034858 -0.000000 -0.136681 0.988113 -0.070366 14.685700 0.024979 0.074448 0.996912 -1.734700 0.000000 0.000000 0.000000 1.000000
0.989718 0.138663 -0.035076 -0.000000 -0.140929 0.987280 -0.073598 14.685700 0.024425 0.077785 0.996671 -1.734700 0.000000 0.000000 0.000000 1.000000
0.989019 0.143588 -0.034974 -0.000000 -0.145922 0.986273 -0.077280 14.685700 0.023397 0.081534 0.996396 -1.734700 0.000000 0.000000 0.000000 1.000000
0.988121 0.149557 -0.035338 0.000000 -0.151972 0.985125 -0.080210 14.685700 0.022816 0.084628 0.996151 -1.734700 0.000000 0.000000 0.000000 1.000000
0.987066 0.156304 -0.035645 -0.000000 -0.158770 0.983886 -0.082218 14.685700 0.022219 0.086814 0.995977 -1.734700 0.000000 0.000000 0.000000 1.000000
0.985467 0.166013 -0.035970 0.000000 -0.168494 0.982198 -0.083046 14.685700 0.021543 0.087899 0.995896 -1.734700 0.000000 0.000000 0.000000 1.000000
0.984660 0.170676 -0.036267 -0.000000 -0.173112 0.981606 -0.080512 14.685700 0.021859 0.085556 0.996094 -1.734700 0.000000 0.000000 0.000000 1.000000
0.985396 0.166366 -0.036303 0.000000 -0.168666 0.982903 -0.073842 14.685700 0.023397 0.078887 0.996609 -1.734700 0.000000 0.000000 0.000000 1.000000
0.986541 0.159233 -0.037180 0.000000 -0.161405 0.984715 -0.065456 14.685700 0.026189 0.070576 0.997163 -1.734700 0.000000 0.000000 0.000000 1.000000
0.986950 0.156130 -0.039419 -0.000000 -0.158608 0.984823 -0.070476 14.685700 0.027818 0.075808 0.996734 -1.734700 0.000000 0.000000 0.000000 1.000000
0.987103 0.154648 -0.041378 -0.000000 -0.157599 0.984136 -0.081475 14.685700 0.028122 0.086945 0.995816 -1.734700 0.000000 0.000000 0.000000 1.000000
0.986999 0.154722 -0.043530 -0.000000 -0.158249 0.982843 -0.094750 14.685700 0.028123 0.100407 0.994549 -1.734700 0.000000 0.000000 0.000000 1.000000
0.986768 0.155536 -0.045795 -0.000000 -0.159720 0.981070 -0.109506 14.685700 0.027896 0.115371 0.992931 -1.734700 0.000000 0.000000 0.000000 1.000000
0.986663 0.155717 -0.047417 -0.000000 -0.160528 0.979082 -0.125016 14.685700 0.026959 0.130960 0.991021 -1.734700 0.000000 0.000000 0.000000 1.000000
0.986798 0.154515 -0.048520 0.000000 -0.159903 0.977075 -0.140556 14.685700 0.025689 0.146459 0.988883 -1.734700 0.000000 0.000000 0.000000 1.000000
0.987114 0.152197 -0.049410 0.000000 -0.158124 0.975119 -0.155371 14.685700 0.024534 0.161182 0.986620 -1.734700 0.000000 0.000000 0.000000 1.000000</float_array>
        <technique_common>
          <accessor source="#mixamorig_Spine-Matrix-animation-output-transform-array" count="37" stride="16">
            <param type="float4x4"/>
          </accessor>
        </technique_common>
      </source>
      <source id="mixamorig_Spine-Interpolations">
        <Name_array id="mixamorig_Spine-Interpolations-array" count="37">
 LINEAR LINEAR LINEAR LINEAR LINEAR LINEAR LINEAR LINEAR LINEAR LINEAR LINEAR
LINEAR LINEAR LINEAR LINEAR LINEAR LINEAR LINEAR LINEAR LINEAR LINEAR LINEAR LINEAR
LINEAR LINEAR LINEAR LINEAR LINEAR LINEAR LINEAR LINEAR LINEAR LINEAR LINEAR LINEAR
LINEAR LINEAR</Name_array>
        <technique_common>
          <accessor source="#mixamorig_Spine-Interpolations-array" count="37">
            <param type="name"/>
          </accessor>
        </technique_common>
      </source>
      <sampler id="mixamorig_Spine-Matrix-animation-transform">
        <input semantic="INPUT" source="#mixamorig_Spine-Matrix-animation-input"/>
        <input semantic="OUTPUT" source="#mixamorig_Spine-Matrix-animation-output-transform"/>
        <input semantic="INTERPOLATION" source="#mixamorig_Spine-Interpolations"/>
      </sampler>
      <channel source="#mixamorig_Spine-Matrix-animation-transform" target="mixamorig_Spine/matrix"/>
    </animation>
    <animation id="mixamorig_Spine1-anim" name="mixamorig_Spine1">
      <source id="mixamorig_Spine1-Matrix-animation-input">
        <float_array id="mixamorig_Spine1-Matrix-animation-input-array" count="37">

0.000000 0.033333 0.066667 0.100000 0.133333 0.166667 0.200000 0.233333 0.266667 0.300000 0.333333 0.366667 0.400000 0.433333 0.466667 0.500000
0.533333 0.566667 0.600000 0.633333 0.666667 0.700000 0.733333 0.766667 0.800000 0.833333 0.866667 0.900000 0.933333 0.966667 1.000000 1.033333
1.066667 1.100000 1.133333 1.166667 1.200000</float_array>
        <technique_common>
          <accessor source="#mixamorig_Spine1-Matrix-animation-input-array" count="37">
            <param name="TIME" type="float"/>
          </accessor>
        </technique_common>
      </source>
      <source id="mixamorig_Spine1-Matrix-animation-output-transform">
        <float_array id="mixamorig_Spine1-Matrix-animation-output-transform-array" count="592">

0.995635 -0.028227 -0.088960 0.000000 0.027646 0.999588 -0.007753 17.252399 0.089143 0.005260 0.996005 0.000000 0.000000 0.000000 0.000000 1.000000
0.995171 -0.026382 -0.094545 0.000000 0.025618 0.999629 -0.009279 17.252399 0.094755 0.006812 0.995477 -0.000000 0.000000 0.000000 0.000000 1.000000
0.994687 -0.024386 -0.100011 -0.000000 0.023455 0.999670 -0.010476 17.252399 0.100233 0.008074 0.994931 0.000000 0.000000 0.000000 0.000000 1.000000
0.994170 -0.022390 -0.105471 -0.000000 0.021279 0.999706 -0.011649 17.252399 0.105701 0.009336 0.994354 0.000000 0.000000 0.000000 0.000000 1.000000
0.993603 -0.020545 -0.111047 0.000000 0.019207 0.999730 -0.013105 17.252399 0.111286 0.010888 0.993729 0.000000 0.000000 0.000000 0.000000 1.000000
0.992967 -0.019001 -0.116856 0.000000 0.017347 0.999735 -0.015152 17.252399 0.117113 0.013018 0.993033 0.000000 0.000000 0.000000 0.000000 1.000000
0.992243 -0.017908 -0.123015 0.000000 0.015799 0.999711 -0.018100 17.252399 0.123304 0.016016 0.992240 0.000000 0.000000 0.000000 0.000000 1.000000
0.991428 -0.019792 -0.129143 -0.000000 0.017078 0.999610 -0.022089 17.252399 0.129530 0.019694 0.991380 0.000000 0.000000 0.000000 0.000000 1.000000
0.990629 -0.021360 -0.134898 0.000000 0.018109 0.999516 -0.025284 17.252399 0.135373 0.022604 0.990537 0.000000 0.000000 0.000000 0.000000 1.000000
0.990061 -0.023002 -0.138744 0.000000 0.019507 0.999459 -0.026495 17.252399 0.139279 0.023525 0.989974 0.000000 0.000000 0.000000 0.000000 1.000000
0.990074 -0.023903 -0.138503 0.000000 0.020359 0.999429 -0.026949 17.252399 0.139068 0.023862 0.989995 0.000000 0.000000 0.000000 0.000000 1.000000
0.990776 -0.024789 -0.133226 -0.000000 0.021194 0.999374 -0.028334 17.252399 0.133845 0.025249 0.990681 0.000000 0.000000 0.000000 0.000000 1.000000
0.991837 -0.024655 -0.125105 0.000000 0.021175 0.999353 -0.029070 17.252399 0.125741 0.026184 0.991718 0.000000 0.000000 0.000000 0.000000 1.000000
0.992862 -0.024846 -0.116655 -0.000000 0.021477 0.999318 -0.030046 17.252399 0.117322 0.027326 0.992718 -0.000000 0.000000 0.000000 0.000000 1.000000
0.993514 -0.024383 -0.111065 -0.000000 0.020752 0.999215 -0.033734 17.252399 0.111800 0.031210 0.993240 0.000000 0.000000 0.000000 0.000000 1.000000
0.993997 -0.023702 -0.106807 -0.000000 0.019651 0.999053 -0.038821 17.252399 0.107626 0.036489 0.993522 0.000000 0.000000 0.000000 0.000000 1.000000
0.994520 -0.022527 -0.102093 -0.000000 0.017977 0.998813 -0.045264 17.252399 0.102992 0.043181 0.993744 0.000000 0.000000 0.000000 0.000000 1.000000
0.994909 -0.022120 -0.098316 0.000000 0.017396 0.998665 -0.048646 17.252399 0.099260 0.046688 0.993966 0.000000 0.000000 0.000000 0.000000 1.000000
0.995351 -0.022564 -0.093637 0.000000 0.017901 0.998571 -0.050348 17.252399 0.094639 0.048437 0.994333 -0.000000 0.000000 0.000000 0.000000 1.000000
0.995799 -0.023605 -0.088473 0.000000 0.019235 0.998568 -0.049924 17.252399 0.089524 0.048013 0.994827 0.000000 0.000000 0.000000 0.000000 1.000000
0.996244 -0.025050 -0.082890 0.000000 0.021136 0.998635 -0.047773 17.252399 0.083973 0.045842 0.995413 0.000000 0.000000 0.000000 0.000000 1.000000
0.996542 -0.027952 -0.078242 -0.000000 0.024634 0.998769 -0.043053 17.252399 0.079349 0.040977 0.996004 0.000000 0.000000 0.000000 0.000000 1.000000
0.996719 -0.030981 -0.074773 0.000000 0.028287 0.998921 -0.036829 17.252399 0.075833 0.034593 0.996520 0.000000 0.000000 0.000000 0.000000 1.000000
0.996957 -0.032918 -0.070659 0.000000 0.030817 0.999056 -0.030620 17.252399 0.071600 0.028349 0.997030 -0.000000 0.000000 0.000000 0.000000 1.000000
0.997135 -0.032734 -0.068196 0.000000 0.031104 0.999208 -0.024831 17.252399 0.068955 0.022639 0.997363 0.000000 0.000000 0.000000 0.000000 1.000000
0.997342 -0.030535 -0.066152 -0.000000 0.029257 0.999368 -0.020193 17.252399 0.066727 0.018203 0.997605 0.000000 0.000000 0.000000 0.000000 1.000000
0.997406 -0.030010 -0.065422 -0.000000 0.028894 0.999422 -0.017934 17.252399 0.065922 0.015997 0.997697 0.000000 0.000000 0.000000 0.000000 1.000000
0.997447 -0.028256 -0.065577 0.000000 0.027041 0.999447 -0.019350 17.252399 0.066087 0.017528 0.997660 0.000000 0.000000 0.000000 0.000000 1.000000
0.997452 -0.024172 -0.067123 -0.000000 0.022568 0.999444 -0.024558 17.252399 0.067679 0.022980 0.997442 0.000000 0.000000 0.000000 0.000000 1.000000
0.997336 -0.017596 -0.070790 -0.000000 0.015408 0.999390 -0.031332 17.252399 0.071298 0.030158 0.996999 0.000000 0.000000 0.000000 0.000000 1.000000
0.996994 -0.014110 -0.076182 0.000000 0.011442 0.999309 -0.035351 17.252399 0.076628 0.034373 0.996467 0.000000 0.000000 0.000000 0.000000 1.000000
0.996724 -0.014842 -0.079501 0.000000 0.012197 0.999359 -0.033652 17.252399 0.079950 0.032572 0.996267 -0.000000 0.000000 0.000000 0.000000 1.000000
0.996495 -0.016741 -0.081965 -0.000000 0.014335 0.999451 -0.029854 17.252399 0.082420 0.028575 0.996188 0.000000 0.000000 0.000000 0.000000 1.000000
0.996289 -0.019418 -0.083858 0.000000 0.017406 0.999544 -0.024663 17.252399 0.084299 0.023112 0.996172 0.000000 0.000000 0.000000 0.000000 1.000000
0.996087 -0.022484 -0.085465 -0.000000 0.020952 0.999604 -0.018781 17.252399 0.085854 0.016917 0.996164 -0.000000 0.000000 0.000000 0.000000 1.000000
0.995874 -0.025550 -0.087072 0.000000 0.024517 0.999616 -0.012911 17.252399 0.087368 0.010722 0.996118 0.000000 0.000000 0.000000 0.000000 1.000000
0.995635 -0.028227 -0.088961 0.000000 0.027646 0.999588 -0.007753 17.252399 0.089143 0.005260 0.996005 0.000000 0.000000 0.000000 0.000000 1.000000</float_array>
        <technique_common>
          <accessor source="#mixamorig_Spine1-Matrix-animation-output-transform-array" count="37" stride="16">
            <param type="float4x4"/>
          </accessor>
        </technique_common>
      </source>
      <source id="mixamorig_Spine1-Interpolations">
        <Name_array id="mixamorig_Spine1-Interpolations-array" count="37">
 LINEAR LINEAR LINEAR LINEAR LINEAR LINEAR LINEAR LINEAR LINEAR LINEAR LINEAR
LINEAR LINEAR LINEAR LINEAR LINEAR LINEAR LINEAR LINEAR LINEAR LINEAR LINEAR LINEAR
LINEAR LINEAR LINEAR LINEAR LINEAR LINEAR LINEAR LINEAR LINEAR LINEAR LINEAR LINEAR
LINEAR LINEAR</Name_array>
        <technique_common>
          <accessor source="#mixamorig_Spine1-Interpolations-array" count="37">
            <param type="name"/>
          </accessor>
        </technique_common>
      </source>
      <sampler id="mixamorig_Spine1-Matrix-animation-transform">
        <input semantic="INPUT" source="#mixamorig_Spine1-Matrix-animation-input"/>
        <input semantic="OUTPUT" source="#mixamorig_Spine1-Matrix-animation-output-transform"/>
        <input semantic="INTERPOLATION" source="#mixamorig_Spine1-Interpolations"/>
      </sampler>
      <channel source="#mixamorig_Spine1-Matrix-animation-transform" target="mixamorig_Spine1/matrix"/>
    </animation>
    <animation id="mixamorig_Spine2-anim" name="mixamorig_Spine2">
      <source id="mixamorig_Spine2-Matrix-animation-input">
        <float_array id="mixamorig_Spine2-Matrix-animation-input-array" count="37">

0.000000 0.033333 0.066667 0.100000 0.133333 0.166667 0.200000 0.233333 0.266667 0.300000 0.333333 0.366667 0.400000 0.433333 0.466667 0.500000
0.533333 0.566667 0.600000 0.633333 0.666667 0.700000 0.733333 0.766667 0.800000 0.833333 0.866667 0.900000 0.933333 0.966667 1.000000 1.033333
1.066667 1.100000 1.133333 1.166667 1.200000</float_array>
        <technique_common>
          <accessor source="#mixamorig_Spine2-Matrix-animation-input-array" count="37">
            <param name="TIME" type="float"/>
          </accessor>
        </technique_common>
      </source>
      <source id="mixamorig_Spine2-Matrix-animation-output-transform">
        <float_array id="mixamorig_Spine2-Matrix-animation-output-transform-array" count="592">

0.995693 -0.032942 -0.086663 -0.000000 0.031830 0.999393 -0.014187 19.717100 0.087078 0.011368 0.996137 0.000000 0.000000 0.000000 0.000000 1.000000
0.995233 -0.030916 -0.092492 0.000000 0.029631 0.999445 -0.015234 19.717100 0.092912 0.012420 0.995597 0.000000 0.000000 0.000000 0.000000 1.000000
0.994746 -0.028778 -0.098248 0.000000 0.027340 0.999499 -0.015954 19.717100 0.098658 0.013184 0.995034 0.000000 0.000000 0.000000 0.000000 1.000000
0.994220 -0.026641 -0.104001 0.000000 0.025042 0.999548 -0.016654 19.717100 0.104398 0.013953 0.994438 0.000000 0.000000 0.000000 0.000000 1.000000
0.993646 -0.024616 -0.109822 0.000000 0.022814 0.999584 -0.017640 19.717100 0.110210 0.015022 0.993795 0.000000 0.000000 0.000000 0.000000 1.000000
0.993013 -0.022816 -0.115779 0.000000 0.020726 0.999600 -0.019223 19.717100 0.116172 0.016689 0.993089 0.000000 0.000000 0.000000 0.000000 1.000000
0.992307 -0.021353 -0.121943 0.000000 0.018841 0.999587 -0.021712 19.717100 0.122356 0.019248 0.992300 0.000000 0.000000 0.000000 0.000000 1.000000
0.991502 -0.022802 -0.128081 -0.000000 0.019672 0.999477 -0.025653 19.717100 0.128599 0.022915 0.991432 -0.000000 0.000000 0.000000 0.000000 1.000000
0.990709 -0.024039 -0.133861 0.000000 0.020346 0.999376 -0.028887 19.717100 0.134472 0.025895 0.990579 0.000000 0.000000 0.000000 0.000000 1.000000
0.990162 -0.025678 -0.137548 0.000000 0.021644 0.999293 -0.030737 19.717100 0.138240 0.027458 0.990018 0.000000 0.000000 0.000000 0.000000 1.000000
0.990214 -0.026656 -0.136985 0.000000 0.022420 0.999224 -0.032372 19.717100 0.137742 0.028984 0.990044 0.000000 0.000000 0.000000 0.000000 1.000000
0.990967 -0.027466 -0.131264 -0.000000 0.023048 0.999119 -0.035058 19.717100 0.132111 0.031716 0.990727 -0.000000 0.000000 0.000000 0.000000 1.000000
0.992061 -0.027204 -0.122782 -0.000000 0.022869 0.999069 -0.036580 19.717100 0.123663 0.033482 0.991759 0.000000 0.000000 0.000000 0.000000 1.000000
0.993106 -0.027324 -0.113993 -0.000000 0.023136 0.999014 -0.037900 19.717100 0.114917 0.035002 0.992758 -0.000000 0.000000 0.000000 0.000000 1.000000
0.993791 -0.026563 -0.108049 0.000000 0.022166 0.998885 -0.041691 19.717100 0.109036 0.039037 0.993271 0.000000 0.000000 0.000000 0.000000 1.000000
0.994305 -0.025564 -0.103457 -0.000000 0.020825 0.998695 -0.046632 19.717100 0.104515 0.044212 0.993540 0.000000 0.000000 0.000000 0.000000 1.000000
0.994847 -0.023985 -0.098512 0.000000 0.018874 0.998443 -0.052496 19.717100 0.099617 0.050366 0.993750 0.000000 0.000000 0.000000 0.000000 1.000000
0.995232 -0.023411 -0.094682 0.000000 0.018218 0.998301 -0.055350 19.717100 0.095817 0.053361 0.993968 0.000000 0.000000 0.000000 0.000000 1.000000
0.995655 -0.023689 -0.090055 0.000000 0.018638 0.998228 -0.056517 19.717100 0.091234 0.054593 0.994332 0.000000 0.000000 0.000000 0.000000 1.000000
0.996077 -0.024619 -0.084998 0.000000 0.019924 0.998251 -0.055653 19.717100 0.086220 0.053741 0.994826 -0.000000 0.000000 0.000000 0.000000 1.000000
0.996492 -0.025983 -0.079554 0.000000 0.021789 0.998349 -0.053142 19.717100 0.080803 0.051222 0.995413 0.000000 0.000000 0.000000 0.000000 1.000000
0.996760 -0.028955 -0.075037 -0.000000 0.025371 0.998511 -0.048285 19.717100 0.076323 0.046224 0.996011 -0.000000 0.000000 0.000000 0.000000 1.000000
0.996906 -0.032158 -0.071719 0.000000 0.029190 0.998689 -0.042055 19.717100 0.072978 0.039832 0.996538 0.000000 0.000000 0.000000 0.000000 1.000000
0.997111 -0.034251 -0.067805 0.000000 0.031879 0.998852 -0.035763 19.717100 0.068952 0.033498 0.997057 0.000000 0.000000 0.000000 0.000000 1.000000
0.997260 -0.034194 -0.065598 0.000000 0.032284 0.999030 -0.029957 19.717100 0.066559 0.027758 0.997396 0.000000 0.000000 0.000000 0.000000 1.000000
0.997444 -0.032063 -0.063848 0.000000 0.030502 0.999215 -0.025276 19.717100 0.064608 0.023264 0.997640 0.000000 0.000000 0.000000 0.000000 1.000000
0.997501 -0.031550 -0.063213 0.000000 0.030140 0.999278 -0.023147 19.717100 0.063898 0.021184 0.997732 0.000000 0.000000 0.000000 0.000000 1.000000
0.997550 -0.029665 -0.063349 0.000000 0.028155 0.999301 -0.024596 19.717100 0.064034 0.022753 0.997688 0.000000 0.000000 0.000000 0.000000 1.000000
0.997576 -0.025298 -0.064821 0.000000 0.023415 0.999286 -0.029652 19.717100 0.065525 0.028063 0.997456 -0.000000 0.000000 0.000000 0.000000 1.000000
0.997491 -0.018377 -0.068374 0.000000 0.015920 0.999213 -0.036319 19.717100 0.068987 0.035140 0.996998 -0.000000 0.000000 0.000000 0.000000 1.000000
0.997175 -0.015013 -0.073594 0.000000 0.012048 0.999104 -0.040573 19.717100 0.074138 0.039572 0.996463 0.000000 0.000000 0.000000 0.000000 1.000000
0.996909 -0.016206 -0.076873 0.000000 0.013226 0.999147 -0.039121 19.717100 0.077441 0.037983 0.996273 0.000000 0.000000 0.000000 0.000000 1.000000
0.996671 -0.018692 -0.079361 0.000000 0.015911 0.999242 -0.035538 19.717100 0.079965 0.034157 0.996212 0.000000 0.000000 0.000000 0.000000 1.000000
0.996444 -0.022040 -0.081322 0.000000 0.019611 0.999341 -0.030540 19.717100 0.081942 0.028836 0.996220 0.000000 0.000000 0.000000 0.000000 1.000000
0.996214 -0.025818 -0.083016 -0.000000 0.023831 0.999407 -0.024839 19.717100 0.083608 0.022766 0.996239 0.000000 0.000000 0.000000 0.000000 1.000000
0.995966 -0.029596 -0.084708 0.000000 0.028070 0.999423 -0.019149 19.717100 0.085226 0.016694 0.996222 0.000000 0.000000 0.000000 0.000000 1.000000
0.995693 -0.032942 -0.086663 0.000000 0.031830 0.999393 -0.014187 19.717100 0.087078 0.011367 0.996137 0.000000 0.000000 0.000000 0.000000 1.000000</float_array>
        <technique_common>
          <accessor source="#mixamorig_Spine2-Matrix-animation-output-transform-array" count="37" stride="16">
            <param type="float4x4"/>
          </accessor>
        </technique_common>
      </source>
      <source id="mixamorig_Spine2-Interpolations">
        <Name_array id="mixamorig_Spine2-Interpolations-array" count="37">
 LINEAR LINEAR LINEAR LINEAR LINEAR LINEAR LINEAR LINEAR LINEAR LINEAR LINEAR
LINEAR LINEAR LINEAR LINEAR LINEAR LINEAR LINEAR LINEAR LINEAR LINEAR LINEAR LINEAR
LINEAR LINEAR LINEAR LINEAR LINEAR LINEAR LINEAR LINEAR LINEAR LINEAR LINEAR LINEAR
LINEAR LINEAR</Name_array>
        <technique_common>
          <accessor source="#mixamorig_Spine2-Interpolations-array" count="37">
            <param type="name"/>
          </accessor>
        </technique_common>
      </source>
      <sampler id="mixamorig_Spine2-Matrix-animation-transform">
        <input semantic="INPUT" source="#mixamorig_Spine2-Matrix-animation-input"/>
        <input semantic="OUTPUT" source="#mixamorig_Spine2-Matrix-animation-output-transform"/>
        <input semantic="INTERPOLATION" source="#mixamorig_Spine2-Interpolations"/>
      </sampler>
      <channel source="#mixamorig_Spine2-Matrix-animation-transform" target="mixamorig_Spine2/matrix"/>
    </animation>
    <animation id="mixamorig_Neck-anim" name="mixamorig_Neck">
      <source id="mixamorig_Neck-Matrix-animation-input">
        <float_array id="mixamorig_Neck-Matrix-animation-input-array" count="37">

0.000000 0.033333 0.066667 0.100000 0.133333 0.166667 0.200000 0.233333 0.266667 0.300000 0.333333 0.366667 0.400000 0.433333 0.466667 0.500000
0.533333 0.566667 0.600000 0.633333 0.666667 0.700000 0.733333 0.766667 0.800000 0.833333 0.866667 0.900000 0.933333 0.966667 1.000000 1.033333
1.066667 1.100000 1.133333 1.166667 1.200000</float_array>
        <technique_common>
          <accessor source="#mixamorig_Neck-Matrix-animation-input-array" count="37">
            <param name="TIME" type="float"/>
          </accessor>
        </technique_common>
      </source>
      <source id="mixamorig_Neck-Matrix-animation-output-transform">
        <float_array id="mixamorig_Neck-Matrix-animation-output-transform-array" count="592">

0.964398 0.139875 0.224437 0.000000 -0.128429 0.989594 -0.064887 22.181700 -0.231178 0.033753 0.972326 0.000000 0.000000 0.000000 0.000000 1.000000
0.964780 0.138456 0.223671 0.000000 -0.125800 0.989587 -0.069946 22.181700 -0.231026 0.039345 0.972152 0.000000 0.000000 0.000000 0.000000 1.000000
0.965823 0.134434 0.221613 -0.000000 -0.120708 0.989894 -0.074423 22.181700 -0.229379 0.045129 0.972291 0.000000 0.000000 0.000000 0.000000 1.000000
0.967385 0.128301 0.218415 0.000000 -0.113640 0.990419 -0.078463 22.181700 -0.226389 0.051083 0.972697 0.000000 0.000000 0.000000 0.000000 1.000000
0.969214 0.120947 0.214465 0.000000 -0.105525 0.991030 -0.082000 22.181700 -0.222459 0.056844 0.973283 -0.000000 0.000000 0.000000 0.000000 1.000000
0.971253 0.112528 0.209775 -0.000000 -0.096456 0.991670 -0.085365 22.181700 -0.217634 0.062677 0.974016 0.000000 0.000000 0.000000 0.000000 1.000000
0.973433 0.103174 0.204408 0.000000 -0.086498 0.992276 -0.088923 22.181700 -0.212004 0.068880 0.974838 0.000000 0.000000 0.000000 0.000000 1.000000
0.975590 0.093573 0.198665 -0.000000 -0.076396 0.992782 -0.092453 22.181700 -0.205882 0.075019 0.975697 0.000000 0.000000 0.000000 0.000000 1.000000
0.977642 0.084308 0.192634 -0.000000 -0.066634 0.993103 -0.096465 22.181700 -0.199438 0.081472 0.976518 0.000000 0.000000 0.000000 0.000000 1.000000
0.979414 0.075324 0.187281 0.000000 -0.057332 0.993364 -0.099704 22.181700 -0.193549 0.086914 0.977233 0.000000 0.000000 0.000000 0.000000 1.000000
0.981296 0.066827 0.180534 0.000000 -0.049683 0.993958 -0.097874 22.181700 -0.185984 0.087074 0.978687 0.000000 0.000000 0.000000 0.000000 1.000000
0.982527 0.066033 0.174012 0.000000 -0.050521 0.994466 -0.092114 22.181700 -0.179132 0.081713 0.980426 0.000000 0.000000 0.000000 0.000000 1.000000
0.982694 0.074097 0.169768 -0.000000 -0.060142 0.994485 -0.085925 22.181700 -0.175199 0.074228 0.981731 -0.000000 0.000000 0.000000 0.000000 1.000000
0.981658 0.088905 0.168651 0.000000 -0.076510 0.993963 -0.078637 22.181700 -0.174625 0.064291 0.982534 0.000000 0.000000 0.000000 0.000000 1.000000
0.980093 0.101567 0.170592 -0.000000 -0.091179 0.993532 -0.067682 22.181700 -0.176363 0.050780 0.983014 0.000000 0.000000 0.000000 0.000000 1.000000
0.978846 0.111234 0.171718 0.000000 -0.102607 0.993009 -0.058350 22.181700 -0.177008 0.039496 0.983417 0.000000 0.000000 0.000000 0.000000 1.000000
0.978447 0.117379 0.169894 0.000000 -0.109277 0.992415 -0.056311 22.181700 -0.175215 0.036531 0.983852 0.000000 0.000000 0.000000 0.000000 1.000000
0.979703 0.112155 0.166144 0.000000 -0.103149 0.992738 -0.061904 22.181700 -0.171880 0.043510 0.984157 0.000000 0.000000 0.000000 0.000000 1.000000
0.980854 0.105880 0.163448 -0.000000 -0.095349 0.992908 -0.071003 22.181700 -0.169807 0.054059 0.983994 0.000000 0.000000 0.000000 0.000000 1.000000
0.981066 0.104979 0.162754 -0.000000 -0.093094 0.992516 -0.079025 22.181700 -0.169832 0.062377 0.983497 0.000000 0.000000 0.000000 0.000000 1.000000
0.980758 0.108769 0.162121 -0.000000 -0.095910 0.991741 -0.085157 22.181700 -0.170045 0.067970 0.983090 0.000000 0.000000 0.000000 0.000000 1.000000
0.980108 0.114668 0.161985 0.000000 -0.101311 0.990914 -0.088467 22.181700 -0.170657 0.070296 0.982820 -0.000000 0.000000 0.000000 0.000000 1.000000
0.979913 0.118368 0.160498 0.000000 -0.105292 0.990567 -0.087691 22.181700 -0.169364 0.069031 0.983133 -0.000000 0.000000 0.000000 0.000000 1.000000
0.979336 0.122805 0.160689 -0.000000 -0.110764 0.990467 -0.081890 22.181700 -0.169214 0.062399 0.983602 0.000000 0.000000 0.000000 0.000000 1.000000
0.978939 0.123586 0.162493 -0.000000 -0.112748 0.990839 -0.074340 22.181700 -0.170192 0.054454 0.983905 0.000000 0.000000 0.000000 0.000000 1.000000
0.978228 0.124528 0.166022 0.000000 -0.114631 0.991081 -0.067957 22.181700 -0.173004 0.047447 0.983778 -0.000000 0.000000 0.000000 0.000000 1.000000
0.977597 0.126454 0.168269 0.000000 -0.117426 0.991107 -0.062602 22.181700 -0.174688 0.041440 0.983751 0.000000 0.000000 0.000000 0.000000 1.000000
0.976892 0.128007 0.171163 0.000000 -0.119685 0.991109 -0.058129 22.181700 -0.177082 0.036300 0.983526 0.000000 0.000000 0.000000 0.000000 1.000000
0.976063 0.128943 0.175145 0.000000 -0.121182 0.991141 -0.054351 22.181700 -0.180601 0.031825 0.983041 0.000000 0.000000 0.000000 0.000000 1.000000
0.975134 0.129738 0.179668 0.000000 -0.122089 0.991101 -0.053043 22.181700 -0.184951 0.029789 0.982296 0.000000 0.000000 0.000000 0.000000 1.000000
0.974087 0.130570 0.184678 -0.000000 -0.122614 0.990989 -0.053915 22.181700 -0.190053 0.029873 0.981319 -0.000000 0.000000 0.000000 0.000000 1.000000
0.972977 0.131162 0.190035 0.000000 -0.123011 0.990928 -0.054125 22.181700 -0.195410 0.029286 0.980284 0.000000 0.000000 0.000000 0.000000 1.000000
0.971932 0.131224 0.195264 0.000000 -0.122858 0.990932 -0.054407 22.181700 -0.200633 0.028890 0.979240 0.000000 0.000000 0.000000 0.000000 1.000000
0.970784 0.131007 0.201034 -0.000000 -0.122061 0.990923 -0.056326 22.181700 -0.206588 0.030142 0.977964 0.000000 0.000000 0.000000 0.000000 1.000000
0.969378 0.131694 0.207273 -0.000000 -0.122254 0.990816 -0.057774 22.181700 -0.212978 0.030665 0.976576 -0.000000 0.000000 0.000000 0.000000 1.000000
0.967473 0.133902 0.214629 0.000000 -0.123916 0.990514 -0.059389 22.181700 -0.220545 0.030862 0.974888 0.000000 0.000000 0.000000 0.000000 1.000000
0.964399 0.139917 0.224406 0.000000 -0.128470 0.989588 -0.064896 22.181700 -0.231149 0.033756 0.972333 0.000000 0.000000 0.000000 0.000000 1.000000</float_array>
        <technique_common>
          <accessor source="#mixamorig_Neck-Matrix-animation-output-transform-array" count="37" stride="16">
            <param type="float4x4"/>
          </accessor>
        </technique_common>
      </source>
      <source id="mixamorig_Neck-Interpolations">
        <Name_array id="mixamorig_Neck-Interpolations-array" count="37">
 LINEAR LINEAR LINEAR LINEAR LINEAR LINEAR LINEAR LINEAR LINEAR LINEAR LINEAR
LINEAR LINEAR LINEAR LINEAR LINEAR LINEAR LINEAR LINEAR LINEAR LINEAR LINEAR LINEAR
LINEAR LINEAR LINEAR LINEAR LINEAR LINEAR LINEAR LINEAR LINEAR LINEAR LINEAR LINEAR
LINEAR LINEAR</Name_array>
        <technique_common>
          <accessor source="#mixamorig_Neck-Interpolations-array" count="37">
            <param type="name"/>
          </accessor>
        </technique_common>
      </source>
      <sampler id="mixamorig_Neck-Matrix-animation-transform">
        <input semantic="INPUT" source="#mixamorig_Neck-Matrix-animation-input"/>
        <input semantic="OUTPUT" source="#mixamorig_Neck-Matrix-animation-output-transform"/>
        <input semantic="INTERPOLATION" source="#mixamorig_Neck-Interpolations"/>
      </sampler>
      <channel source="#mixamorig_Neck-Matrix-animation-transform" target="mixamorig_Neck/matrix"/>
    </animation>
    <animation id="mixamorig_Head-anim" name="mixamorig_Head">
      <source id="mixamorig_Head-Matrix-animation-input">
        <float_array id="mixamorig_Head-Matrix-animation-input-array" count="37">

0.000000 0.033333 0.066667 0.100000 0.133333 0.166667 0.200000 0.233333 0.266667 0.300000 0.333333 0.366667 0.400000 0.433333 0.466667 0.500000
0.533333 0.566667 0.600000 0.633333 0.666667 0.700000 0.733333 0.766667 0.800000 0.833333 0.866667 0.900000 0.933333 0.966667 1.000000 1.033333
1.066667 1.100000 1.133333 1.166667 1.200000</float_array>
        <technique_common>
