<?xml version="1.0" encoding="utf-8"?>
<COLLADA xmlns="http://www.collada.org/2005/11/COLLADASchema" version="1.4.1">
  <asset>
    <contributor>
      <author>Mixamo</author>
      <authoring_tool>COLLADA Mixamo exporter</authoring_tool>
      <comments/>
    </contributor>
    <created>2024-12-14T07:51:32Z</created>
    <modified>2024-12-14T07:51:32Z</modified>
    <revision/>
    <title/>
    <unit meter="0.010000"/>
    <up_axis>Y_UP</up_axis>
  </asset>
  <library_animations>
    <animation id="mixamorig_Hips-anim" name="mixamorig_Hips">
      <source id="mixamorig_Hips-Matrix-animation-input">
        <float_array id="mixamorig_Hips-Matrix-animation-input-array" count="25">

0.000000 0.033333 0.066667 0.100000 0.133333 0.166667 0.200000 0.233333 0.266667 0.300000 0.333333 0.366667 0.400000 0.433333 0.466667 0.500000
0.533333 0.566667 0.600000 0.633333 0.666667 0.700000 0.733333 0.766667 0.800000</float_array>
        <technique_common>
          <accessor source="#mixamorig_Hips-Matrix-animation-input-array" count="25">
            <param name="TIME" type="float"/>
          </accessor>
        </technique_common>
      </source>
      <source id="mixamorig_Hips-Matrix-animation-output-transform">
        <float_array id="mixamorig_Hips-Matrix-animation-output-transform-array" count="400">

0.693256 0.001862 -0.720689 -0.594717 0.065098 0.995747 0.065193 65.617844 0.717745 -0.092111 0.690186 0.106105 0.000000 0.000000 0.000000 1.000000
0.675852 0.014587 -0.736893 -0.332146 0.043695 0.997253 0.059816 65.920723 0.735741 -0.072625 0.673358 -0.243033 0.000000 0.000000 0.000000 1.000000
0.661109 0.037512 -0.749351 0.098364 0.020634 0.997463 0.068137 66.453049 0.750006 -0.060508 0.658658 -0.656082 0.000000 0.000000 0.000000 1.000000
0.647751 0.062784 -0.759261 0.514396 0.001718 0.996476 0.083865 66.936821 0.761850 -0.055628 0.645360 -1.105048 0.000000 0.000000 0.000000 1.000000
0.637303 0.085006 -0.765910 0.804184 -0.012986 0.994941 0.099619 67.388657 0.770504 -0.053541 0.635183 -1.519686 0.000000 0.000000 0.000000 1.000000
0.634485 0.104722 -0.765808 0.906088 -0.025053 0.993045 0.115039 67.789169 0.772529 -0.053805 0.632696 -1.942244 0.000000 0.000000 0.000000 1.000000
0.638887 0.119099 -0.760025 0.879828 -0.031465 0.991162 0.128870 68.111725 0.768657 -0.058419 0.636988 -2.462009 0.000000 0.000000 0.000000 1.000000
0.655765 0.129887 -0.743708 0.776062 -0.034716 0.989235 0.142157 68.329697 0.754166 -0.067403 0.653215 -3.115411 0.000000 0.000000 0.000000 1.000000
0.684603 0.141161 -0.715117 0.728876 -0.039314 0.986792 0.157152 68.365555 0.727855 -0.079473 0.681110 -4.207741 0.000000 0.000000 0.000000 1.000000
0.713697 0.150692 -0.684053 0.698723 -0.039934 0.983750 0.175048 68.146355 0.699315 -0.097614 0.708117 -5.768150 0.000000 0.000000 0.000000 1.000000
0.739170 0.154878 -0.655469 0.596666 -0.032233 0.980221 0.195263 67.353882 0.672747 -0.123205 0.729543 -7.783671 0.000000 0.000000 0.000000 1.000000
0.760318 0.153361 -0.631187 0.394834 -0.016392 0.975949 0.217383 66.011154 0.649344 -0.154933 0.744545 -10.351330 0.000000 0.000000 0.000000 1.000000
0.774458 0.147670 -0.615149 0.115294 0.004758 0.970988 0.239080 64.538857 0.632607 -0.188084 0.751287 -13.016025 0.000000 0.000000 0.000000 1.000000
0.781971 0.141562 -0.607026 -0.239062 0.024639 0.966088 0.257036 63.098366 0.622827 -0.215951 0.751965 -15.528409 0.000000 0.000000 0.000000 1.000000
0.785597 0.138895 -0.602947 -0.562340 0.036762 0.962279 0.269569 62.013386 0.617645 -0.233938 0.750858 -17.736340 0.000000 0.000000 0.000000 1.000000
0.788331 0.137054 -0.599791 -0.868461 0.042923 0.960246 0.275835 61.525841 0.613752 -0.243194 0.751109 -19.572380 0.000000 0.000000 0.000000 1.000000
0.792551 0.128654 -0.596080 -1.181855 0.050776 0.960174 0.274751 61.633820 0.607688 -0.248021 0.754454 -21.002796 0.000000 0.000000 0.000000 1.000000
0.797924 0.109978 -0.592641 -1.486904 0.065167 0.961711 0.266207 62.221039 0.599226 -0.251033 0.760205 -22.257961 0.000000 0.000000 0.000000 1.000000
0.802380 0.083677 -0.590918 -1.740028 0.084327 0.964293 0.251053 63.167332 0.590825 -0.251271 0.766674 -23.350389 0.000000 0.000000 0.000000 1.000000
0.803496 0.059508 -0.592328 -1.815674 0.099692 0.967490 0.232430 64.260849 0.586903 -0.245807 0.771442 -24.456196 0.000000 0.000000 0.000000 1.000000
0.799335 0.043891 -0.599281 -1.742317 0.106471 0.971202 0.213144 65.420532 0.591378 -0.234179 0.771643 -25.736696 0.000000 0.000000 0.000000 1.000000
0.788009 0.037306 -0.614532 -1.605168 0.104790 0.975470 0.193589 66.412155 0.606680 -0.216947 0.764770 -26.962793 0.000000 0.000000 0.000000 1.000000
0.769491 0.036261 -0.637627 -1.424323 0.096671 0.980270 0.172409 66.946487 0.631298 -0.194308 0.750804 -27.843170 0.000000 0.000000 0.000000 1.000000
0.746992 0.032321 -0.664047 -1.204878 0.087902 0.985247 0.146836 66.816818 0.658997 -0.168056 0.733130 -28.319271 0.000000 0.000000 0.000000 1.000000
0.726578 0.019224 -0.686815 -0.988714 0.083362 0.989757 0.115892 66.247078 0.682008 -0.141459 0.717534 -28.617516 0.000000 0.000000 0.000000 1.000000</float_array>
        <technique_common>
          <accessor source="#mixamorig_Hips-Matrix-animation-output-transform-array" count="25" stride="16">
            <param type="float4x4"/>
          </accessor>
        </technique_common>
      </source>
      <source id="mixamorig_Hips-Interpolations">
        <Name_array id="mixamorig_Hips-Interpolations-array" count="25">
 LINEAR LINEAR LINEAR LINEAR LINEAR LINEAR LINEAR LINEAR LINEAR LINEAR LINEAR
LINEAR LINEAR LINEAR LINEAR LINEAR LINEAR LINEAR LINEAR LINEAR LINEAR LINEAR LINEAR
LINEAR LINEAR</Name_array>
        <technique_common>
          <accessor source="#mixamorig_Hips-Interpolations-array" count="25">
            <param type="name"/>
          </accessor>
        </technique_common>
      </source>
      <sampler id="mixamorig_Hips-Matrix-animation-transform">
        <input semantic="INPUT" source="#mixamorig_Hips-Matrix-animation-input"/>
        <input semantic="OUTPUT" source="#mixamorig_Hips-Matrix-animation-output-transform"/>
        <input semantic="INTERPOLATION" source="#mixamorig_Hips-Interpolations"/>
      </sampler>
      <channel source="#mixamorig_Hips-Matrix-animation-transform" target="mixamorig_Hips/matrix"/>
    </animation>
    <animation id="mixamorig_Spine-anim" name="mixamorig_Spine">
      <source id="mixamorig_Spine-Matrix-animation-input">
        <float_array id="mixamorig_Spine-Matrix-animation-input-array" count="25">

0.000000 0.033333 0.066667 0.100000 0.133333 0.166667 0.200000 0.233333 0.266667 0.300000 0.333333 0.366667 0.400000 0.433333 0.466667 0.500000
0.533333 0.566667 0.600000 0.633333 0.666667 0.700000 0.733333 0.766667 0.800000</float_array>
        <technique_common>
          <accessor source="#mixamorig_Spine-Matrix-animation-input-array" count="25">
            <param name="TIME" type="float"/>
          </accessor>
        </technique_common>
      </source>
      <source id="mixamorig_Spine-Matrix-animation-output-transform">
        <float_array id="mixamorig_Spine-Matrix-animation-output-transform-array" count="400">

0.991994 0.014502 0.125450 -0.000000 -0.008756 0.998892 -0.046235 14.685700 -0.125981 0.044766 0.991022 -1.734700 0.000000 0.000000 0.000000 1.000000
0.992385 0.028573 0.119813 0.000000 -0.022887 0.998558 -0.048565 14.685700 -0.121028 0.045453 0.991608 -1.734700 0.000000 0.000000 0.000000 1.000000
0.992607 0.041629 0.114013 -0.000000 -0.035642 0.997901 -0.054059 14.685700 -0.116024 0.049596 0.992007 -1.734700 0.000000 0.000000 0.000000 1.000000
0.992846 0.049912 0.108468 -0.000000 -0.043257 0.997084 -0.062867 14.685700 -0.111289 0.057726 0.992110 -1.734700 0.000000 0.000000 0.000000 1.000000
0.993264 0.051765 0.103666 0.000000 -0.044269 0.996323 -0.073349 14.685700 -0.107082 0.068266 0.991904 -1.734700 0.000000 0.000000 0.000000 1.000000
0.993728 0.050271 0.099883 0.000000 -0.041985 0.995632 -0.083390 14.685700 -0.103638 0.078674 0.991499 -1.734700 0.000000 0.000000 0.000000 1.000000
0.994114 0.048081 0.097083 0.000000 -0.039105 0.994960 -0.092334 14.685700 -0.101033 0.087994 0.990984 -1.734700 0.000000 0.000000 0.000000 1.000000
0.994652 0.042243 0.094253 -0.000000 -0.032683 0.994374 -0.100760 14.685700 -0.097979 0.097141 0.990436 -1.734700 0.000000 0.000000 0.000000 1.000000
0.995465 0.029715 0.090374 0.000000 -0.019779 0.993855 -0.108907 14.685700 -0.093054 0.106625 0.989935 -1.734700 0.000000 0.000000 0.000000 1.000000
0.996128 0.015339 0.086564 -0.000000 -0.005203 0.993221 -0.116123 14.685700 -0.087759 0.115223 0.989455 -1.734700 0.000000 0.000000 0.000000 1.000000
0.996388 0.007990 0.084537 0.000000 0.002386 0.992536 -0.121929 14.685700 -0.084880 0.121690 0.988932 -1.734700 0.000000 0.000000 0.000000 1.000000
0.996378 0.009756 0.084468 0.000000 0.001071 0.991877 -0.127195 14.685700 -0.085023 0.126824 0.988275 -1.734700 0.000000 0.000000 0.000000 1.000000
0.996146 0.017660 0.085912 -0.000000 -0.006086 0.991077 -0.133151 14.685700 -0.087497 0.132115 0.987365 -1.734700 0.000000 0.000000 0.000000 1.000000
0.995818 0.025025 0.087862 0.000000 -0.012671 0.990289 -0.138443 14.685700 -0.090473 0.136750 0.986465 -1.734700 0.000000 0.000000 0.000000 1.000000
0.995841 0.020151 0.088853 0.000000 -0.007522 0.990088 -0.140245 14.685700 -0.090799 0.138993 0.986122 -1.734700 0.000000 0.000000 0.000000 1.000000
0.996007 0.002166 0.089248 0.000000 0.010262 0.990301 -0.138560 14.685700 -0.088682 0.138923 0.986324 -1.734700 0.000000 0.000000 0.000000 1.000000
0.995741 -0.016305 0.090745 0.000000 0.028500 0.990469 -0.134758 14.685700 -0.087683 0.136770 0.986715 -1.734700 0.000000 0.000000 0.000000 1.000000
0.995244 -0.024549 0.094272 0.000000 0.036757 0.990829 -0.130026 14.685700 -0.090216 0.132872 0.987019 -1.734700 0.000000 0.000000 0.000000 1.000000
0.994720 -0.024291 0.099708 0.000000 0.036726 0.991497 -0.124840 14.685700 -0.095827 0.127842 0.987154 -1.734700 0.000000 0.000000 0.000000 1.000000
0.994015 -0.023130 0.106768 0.000000 0.035909 0.992200 -0.119370 14.685700 -0.103174 0.122490 0.987092 -1.734700 0.000000 0.000000 0.000000 1.000000
0.993004 -0.024110 0.115592 0.000000 0.037502 0.992643 -0.115121 14.685700 -0.111966 0.118650 0.986603 -1.734700 0.000000 0.000000 0.000000 1.000000
0.991664 -0.025506 0.126303 0.000000 0.039757 0.992954 -0.111629 14.685700 -0.122566 0.115720 0.985691 -1.734700 0.000000 0.000000 0.000000 1.000000
0.990394 -0.025052 0.135985 0.000000 0.039312 0.993881 -0.103219 14.685700 -0.132567 0.107574 0.985319 -1.734700 0.000000 0.000000 0.000000 1.000000
0.989936 -0.021046 0.139941 0.000000 0.033356 0.995718 -0.086214 14.685700 -0.137527 0.090014 0.986399 -1.734700 0.000000 0.000000 0.000000 1.000000
0.990473 -0.012077 0.137174 0.000000 0.021324 0.997582 -0.066141 14.685700 -0.136044 0.068436 0.988336 -1.734700 0.000000 0.000000 0.000000 1.000000</float_array>
        <technique_common>
          <accessor source="#mixamorig_Spine-Matrix-animation-output-transform-array" count="25" stride="16">
            <param type="float4x4"/>
          </accessor>
        </technique_common>
      </source>
      <source id="mixamorig_Spine-Interpolations">
        <Name_array id="mixamorig_Spine-Interpolations-array" count="25">
 LINEAR LINEAR LINEAR LINEAR LINEAR LINEAR LINEAR LINEAR LINEAR LINEAR LINEAR
LINEAR LINEAR LINEAR LINEAR LINEAR LINEAR LINEAR LINEAR LINEAR LINEAR LINEAR LINEAR
LINEAR LINEAR</Name_array>
        <technique_common>
          <accessor source="#mixamorig_Spine-Interpolations-array" count="25">
            <param type="name"/>
          </accessor>
        </technique_common>
      </source>
      <sampler id="mixamorig_Spine-Matrix-animation-transform">
        <input semantic="INPUT" source="#mixamorig_Spine-Matrix-animation-input"/>
        <input semantic="OUTPUT" source="#mixamorig_Spine-Matrix-animation-output-transform"/>
        <input semantic="INTERPOLATION" source="#mixamorig_Spine-Interpolations"/>
      </sampler>
      <channel source="#mixamorig_Spine-Matrix-animation-transform" target="mixamorig_Spine/matrix"/>
    </animation>
    <animation id="mixamorig_Spine1-anim" name="mixamorig_Spine1">
      <source id="mixamorig_Spine1-Matrix-animation-input">
        <float_array id="mixamorig_Spine1-Matrix-animation-input-array" count="25">

0.000000 0.033333 0.066667 0.100000 0.133333 0.166667 0.200000 0.233333 0.266667 0.300000 0.333333 0.366667 0.400000 0.433333 0.466667 0.500000
0.533333 0.566667 0.600000 0.633333 0.666667 0.700000 0.733333 0.766667 0.800000</float_array>
        <technique_common>
          <accessor source="#mixamorig_Spine1-Matrix-animation-input-array" count="25">
            <param name="TIME" type="float"/>
          </accessor>
        </technique_common>
      </source>
      <source id="mixamorig_Spine1-Matrix-animation-output-transform">
        <float_array id="mixamorig_Spine1-Matrix-animation-output-transform-array" count="400">

0.999723 0.013841 0.019031 -0.000000 -0.013107 0.999186 -0.038160 17.252399 -0.019544 0.037900 0.999090 0.000000 0.000000 0.000000 0.000000 1.000000
0.999910 0.005010 0.012427 0.000000 -0.004511 0.999195 -0.039861 17.252399 -0.012616 0.039801 0.999128 0.000000 0.000000 0.000000 0.000000 1.000000
0.999984 -0.005149 0.002539 0.000000 0.005260 0.998932 -0.045914 17.252399 -0.002300 0.045926 0.998942 0.000000 0.000000 0.000000 0.000000 1.000000
0.999905 -0.011394 -0.007711 0.000000 0.010945 0.998371 -0.055993 17.252399 0.008337 0.055903 0.998401 0.000000 0.000000 0.000000 0.000000 1.000000
0.999775 -0.014337 -0.015658 0.000000 0.013236 0.997577 -0.068300 17.252399 0.016600 0.068077 0.997542 -0.000000 0.000000 0.000000 0.000000 1.000000
0.999626 -0.016201 -0.022036 0.000000 0.014385 0.996674 -0.080218 17.252399 0.023262 0.079871 0.996534 0.000000 0.000000 0.000000 0.000000 1.000000
0.999426 -0.019102 -0.027969 0.000000 0.016522 0.995830 -0.089723 17.252399 0.029566 0.089210 0.995574 0.000000 0.000000 0.000000 0.000000 1.000000
0.999187 -0.021832 -0.033889 -0.000000 0.018472 0.995164 -0.096478 17.252399 0.035831 0.095773 0.994758 -0.000000 0.000000 0.000000 0.000000 1.000000
0.998983 -0.021090 -0.039844 -0.000000 0.017010 0.994830 -0.100115 17.252399 0.041750 0.099336 0.994178 0.000000 0.000000 0.000000 0.000000 1.000000
0.998818 -0.016631 -0.045672 0.000000 0.011886 0.994686 -0.102263 17.252399 0.047131 0.101599 0.993708 -0.000000 0.000000 0.000000 0.000000 1.000000
0.998601 -0.013574 -0.051106 0.000000 0.008121 0.994394 -0.105430 17.252399 0.052251 0.104868 0.993113 0.000000 0.000000 0.000000 0.000000 1.000000
0.998303 -0.016808 -0.055756 0.000000 0.010598 0.993891 -0.109859 17.252399 0.057262 0.109081 0.992382 0.000000 0.000000 0.000000 0.000000 1.000000
0.997975 -0.023587 -0.059078 0.000000 0.016798 0.993466 -0.112887 17.252399 0.061355 0.111666 0.991850 0.000000 0.000000 0.000000 0.000000 1.000000
0.997851 -0.024763 -0.060672 0.000000 0.017768 0.993410 -0.113232 17.252399 0.063076 0.111910 0.991714 0.000000 0.000000 0.000000 0.000000 1.000000
0.998057 -0.014556 -0.060586 0.000000 0.007543 0.993405 -0.114411 17.252399 0.061852 0.113732 0.991584 0.000000 0.000000 0.000000 0.000000 1.000000
0.998244 0.001385 -0.059225 -0.000000 -0.008515 0.992700 -0.120306 17.252399 0.058626 0.120599 0.990969 0.000000 0.000000 0.000000 0.000000 1.000000
0.998310 0.012495 -0.056756 -0.000000 -0.019747 0.991437 -0.129084 17.252399 0.054657 0.129987 0.990008 0.000000 0.000000 0.000000 0.000000 1.000000
0.998480 0.015121 -0.053006 0.000000 -0.022147 0.990653 -0.134597 17.252399 0.050475 0.135566 0.989482 0.000000 0.000000 0.000000 0.000000 1.000000
0.998761 0.014571 -0.047589 -0.000000 -0.020737 0.991066 -0.131747 17.252399 0.045244 0.132570 0.990140 -0.000000 0.000000 0.000000 0.000000 1.000000
0.999065 0.015858 -0.040220 0.000000 -0.020582 0.992572 -0.119903 17.252399 0.038020 0.120619 0.991971 -0.000000 0.000000 0.000000 0.000000 1.000000
0.999346 0.018362 -0.031148 0.000000 -0.021479 0.994461 -0.102892 17.252399 0.029086 0.103494 0.994205 0.000000 0.000000 0.000000 0.000000 1.000000
0.999584 0.019622 -0.021148 0.000000 -0.021367 0.996091 -0.085714 17.252399 0.019383 0.086131 0.996095 0.000000 0.000000 0.000000 0.000000 1.000000
0.999752 0.019296 -0.011124 0.000000 -0.020036 0.997290 -0.070787 17.252399 0.009728 0.070992 0.997429 0.000000 0.000000 0.000000 0.000000 1.000000
0.999834 0.018198 -0.000144 0.000000 -0.018175 0.998147 -0.058079 17.252399 -0.000913 0.058072 0.998312 -0.000000 0.000000 0.000000 0.000000 1.000000
0.999790 0.017891 0.009994 0.000000 -0.017390 0.998688 -0.048166 17.252399 -0.010842 0.047982 0.998789 0.000000 0.000000 0.000000 0.000000 1.000000</float_array>
        <technique_common>
          <accessor source="#mixamorig_Spine1-Matrix-animation-output-transform-array" count="25" stride="16">
            <param type="float4x4"/>
          </accessor>
        </technique_common>
      </source>
      <source id="mixamorig_Spine1-Interpolations">
        <Name_array id="mixamorig_Spine1-Interpolations-array" count="25">
 LINEAR LINEAR LINEAR LINEAR LINEAR LINEAR LINEAR LINEAR LINEAR LINEAR LINEAR
LINEAR LINEAR LINEAR LINEAR LINEAR LINEAR LINEAR LINEAR LINEAR LINEAR LINEAR LINEAR
LINEAR LINEAR</Name_array>
        <technique_common>
          <accessor source="#mixamorig_Spine1-Interpolations-array" count="25">
            <param type="name"/>
          </accessor>
        </technique_common>
      </source>
      <sampler id="mixamorig_Spine1-Matrix-animation-transform">
        <input semantic="INPUT" source="#mixamorig_Spine1-Matrix-animation-input"/>
        <input semantic="OUTPUT" source="#mixamorig_Spine1-Matrix-animation-output-transform"/>
        <input semantic="INTERPOLATION" source="#mixamorig_Spine1-Interpolations"/>
      </sampler>
      <channel source="#mixamorig_Spine1-Matrix-animation-transform" target="mixamorig_Spine1/matrix"/>
    </animation>
    <animation id="mixamorig_Spine2-anim" name="mixamorig_Spine2">
      <source id="mixamorig_Spine2-Matrix-animation-input">
        <float_array id="mixamorig_Spine2-Matrix-animation-input-array" count="25">

0.000000 0.033333 0.066667 0.100000 0.133333 0.166667 0.200000 0.233333 0.266667 0.300000 0.333333 0.366667 0.400000 0.433333 0.466667 0.500000
0.533333 0.566667 0.600000 0.633333 0.666667 0.700000 0.733333 0.766667 0.800000</float_array>
        <technique_common>
          <accessor source="#mixamorig_Spine2-Matrix-animation-input-array" count="25">
            <param name="TIME" type="float"/>
          </accessor>
        </technique_common>
      </source>
      <source id="mixamorig_Spine2-Matrix-animation-output-transform">
        <float_array id="mixamorig_Spine2-Matrix-animation-output-transform-array" count="400">

0.999731 0.013483 0.018864 0.000000 -0.012751 0.999180 -0.038424 19.717100 -0.019366 0.038173 0.999083 0.000000 0.000000 0.000000 0.000000 1.000000
0.999906 0.008634 0.010661 0.000000 -0.008109 0.998799 -0.048314 19.717100 -0.011065 0.048223 0.998775 0.000000 0.000000 0.000000 0.000000 1.000000
0.999997 0.001097 -0.002237 -0.000000 -0.001243 0.997790 -0.066429 19.717100 0.002160 0.066432 0.997789 0.000000 0.000000 0.000000 0.000000 1.000000
0.999819 -0.007978 -0.017288 0.000000 0.006376 0.995848 -0.090808 19.717100 0.017940 0.090681 0.995718 -0.000000 0.000000 0.000000 0.000000 1.000000
0.999338 -0.017924 -0.031669 -0.000000 0.014094 0.992999 -0.117275 19.717100 0.033549 0.116751 0.992594 0.000000 0.000000 0.000000 0.000000 1.000000
0.998627 -0.028183 -0.044158 0.000000 0.021645 0.989616 -0.142100 19.717100 0.047704 0.140950 0.988867 0.000000 0.000000 0.000000 0.000000 1.000000
0.997742 -0.037862 -0.055476 0.000000 0.028284 0.986012 -0.164255 19.717100 0.060919 0.162315 0.984857 0.000000 0.000000 0.000000 0.000000 1.000000
0.996758 -0.044916 -0.066761 0.000000 0.031966 0.982458 -0.183726 19.717100 0.073842 0.180996 0.980708 0.000000 0.000000 0.000000 0.000000 1.000000
0.995789 -0.047248 -0.078564 -0.000000 0.030646 0.979220 -0.200470 19.717100 0.086403 0.197218 0.976545 0.000000 0.000000 0.000000 0.000000 1.000000
0.994833 -0.045990 -0.090508 0.000000 0.025551 0.976234 -0.215207 19.717100 0.098254 0.211783 0.972365 0.000000 0.000000 0.000000 0.000000 1.000000
0.993784 -0.046198 -0.101285 0.000000 0.021889 0.973157 -0.229099 19.717100 0.109150 0.225457 0.968119 0.000000 0.000000 0.000000 0.000000 1.000000
0.992643 -0.051705 -0.109483 0.000000 0.023845 0.970007 -0.241905 19.717100 0.118707 0.237515 0.964103 0.000000 0.000000 0.000000 0.000000 1.000000
0.991596 -0.059395 -0.114932 0.000000 0.028766 0.967369 -0.251735 19.717100 0.126134 0.246314 0.960947 0.000000 0.000000 0.000000 0.000000 1.000000
0.991034 -0.060997 -0.118873 0.000000 0.028555 0.965846 -0.257539 19.717100 0.130522 0.251836 0.958928 0.000000 0.000000 0.000000 0.000000 1.000000
0.991151 -0.051755 -0.122238 0.000000 0.018221 0.965191 -0.260909 19.717100 0.131486 0.256373 0.957593 0.000000 0.000000 0.000000 0.000000 1.000000
0.991600 -0.036814 -0.123989 0.000000 0.002809 0.964541 -0.263917 19.717100 0.129309 0.261352 0.956543 0.000000 0.000000 0.000000 0.000000 1.000000
0.992220 -0.025069 -0.121943 0.000000 -0.008261 0.964099 -0.265416 19.717100 0.124219 0.264358 0.956391 0.000000 0.000000 0.000000 0.000000 1.000000
0.993165 -0.019904 -0.115009 -0.000000 -0.010913 0.965200 -0.261286 19.717100 0.116207 0.260755 0.958385 -0.000000 0.000000 0.000000 0.000000 1.000000
0.994439 -0.017458 -0.103859 0.000000 -0.008880 0.968753 -0.247869 19.717100 0.104941 0.247413 0.963210 0.000000 0.000000 0.000000 0.000000 1.000000
0.995875 -0.013239 -0.089764 -0.000000 -0.007334 0.974314 -0.225073 19.717100 0.090438 0.224803 0.970198 -0.000000 0.000000 0.000000 0.000000 1.000000
0.997253 -0.007094 -0.073724 -0.000000 -0.007555 0.980468 -0.196534 19.717100 0.073678 0.196551 0.977721 0.000000 0.000000 0.000000 0.000000 1.000000
0.998407 -0.001227 -0.056400 0.000000 -0.008192 0.986012 -0.166472 19.717100 0.055816 0.166669 0.984432 0.000000 0.000000 0.000000 0.000000 1.000000
0.999273 0.003586 -0.037962 0.000000 -0.008729 0.990642 -0.136204 19.717100 0.037118 0.136436 0.989953 0.000000 0.000000 0.000000 0.000000 1.000000
0.999796 0.007963 -0.018575 -0.000000 -0.009869 0.994433 -0.104909 19.717100 0.017636 0.105071 0.994308 0.000000 0.000000 0.000000 0.000000 1.000000
0.999932 0.011697 -0.000174 0.000000 -0.011677 0.997161 -0.074392 19.717100 -0.000697 0.074388 0.997229 0.000000 0.000000 0.000000 0.000000 1.000000</float_array>
        <technique_common>
          <accessor source="#mixamorig_Spine2-Matrix-animation-output-transform-array" count="25" stride="16">
            <param type="float4x4"/>
          </accessor>
        </technique_common>
      </source>
      <source id="mixamorig_Spine2-Interpolations">
        <Name_array id="mixamorig_Spine2-Interpolations-array" count="25">
 LINEAR LINEAR LINEAR LINEAR LINEAR LINEAR LINEAR LINEAR LINEAR LINEAR LINEAR
LINEAR LINEAR LINEAR LINEAR LINEAR LINEAR LINEAR LINEAR LINEAR LINEAR LINEAR LINEAR
LINEAR LINEAR</Name_array>
        <technique_common>
          <accessor source="#mixamorig_Spine2-Interpolations-array" count="25">
            <param type="name"/>
          </accessor>
        </technique_common>
      </source>
      <sampler id="mixamorig_Spine2-Matrix-animation-transform">
        <input semantic="INPUT" source="#mixamorig_Spine2-Matrix-animation-input"/>
        <input semantic="OUTPUT" source="#mixamorig_Spine2-Matrix-animation-output-transform"/>
        <input semantic="INTERPOLATION" source="#mixamorig_Spine2-Interpolations"/>
      </sampler>
      <channel source="#mixamorig_Spine2-Matrix-animation-transform" target="mixamorig_Spine2/matrix"/>
    </animation>
    <animation id="mixamorig_Neck-anim" name="mixamorig_Neck">
      <source id="mixamorig_Neck-Matrix-animation-input">
        <float_array id="mixamorig_Neck-Matrix-animation-input-array" count="25">

0.000000 0.033333 0.066667 0.100000 0.133333 0.166667 0.200000 0.233333 0.266667 0.300000 0.333333 0.366667 0.400000 0.433333 0.466667 0.500000
0.533333 0.566667 0.600000 0.633333 0.666667 0.700000 0.733333 0.766667 0.800000</float_array>
        <technique_common>
          <accessor source="#mixamorig_Neck-Matrix-animation-input-array" count="25">
            <param name="TIME" type="float"/>
          </accessor>
        </technique_common>
      </source>
      <source id="mixamorig_Neck-Matrix-animation-output-transform">
        <float_array id="mixamorig_Neck-Matrix-animation-output-transform-array" count="400">

0.970444 -0.077035 0.228700 0.000000 0.105650 0.987658 -0.115626 22.181700 -0.216970 0.136371 0.966606 -0.000000 0.000000 0.000000 0.000000 1.000000
0.967895 -0.086590 0.235971 -0.000000 0.113305 0.988301 -0.102093 22.181700 -0.224370 0.125552 0.966382 -0.000000 0.000000 0.000000 0.000000 1.000000
0.966167 -0.091922 0.240979 -0.000000 0.116641 0.989054 -0.090376 22.181700 -0.230034 0.115426 0.966313 0.000000 0.000000 0.000000 0.000000 1.000000
0.965215 -0.090673 0.245232 0.000000 0.113664 0.990191 -0.081256 22.181700 -0.235459 0.106303 0.966053 0.000000 0.000000 0.000000 0.000000 1.000000
0.964770 -0.082769 0.249736 -0.000000 0.104448 0.991712 -0.074822 22.181700 -0.241473 0.098270 0.965419 0.000000 0.000000 0.000000 0.000000 1.000000
0.964449 -0.071236 0.254486 -0.000000 0.091832 0.993313 -0.069974 22.181700 -0.247800 0.090856 0.964542 -0.000000 0.000000 0.000000 0.000000 1.000000
0.964086 -0.059697 0.258795 0.000000 0.078964 0.994776 -0.064696 22.181700 -0.253581 0.082809 0.963763 0.000000 0.000000 0.000000 0.000000 1.000000
0.963823 -0.049885 0.261832 0.000000 0.066945 0.996148 -0.056639 22.181700 -0.257998 0.072118 0.963450 0.000000 0.000000 0.000000 0.000000 1.000000
0.963871 -0.041736 0.263079 0.000000 0.055133 0.997520 -0.043744 22.181700 -0.260601 0.056668 0.963782 0.000000 0.000000 0.000000 0.000000 1.000000
0.964210 -0.035007 0.262819 0.000000 0.043135 0.998751 -0.025216 22.181700 -0.261608 0.035651 0.964516 0.000000 0.000000 0.000000 0.000000 1.000000
0.964555 -0.030045 0.262167 0.000000 0.031919 0.999486 -0.002892 22.181700 -0.261945 0.011158 0.965018 0.000000 0.000000 0.000000 0.000000 1.000000
0.964628 -0.027389 0.262187 0.000000 0.023314 0.999554 0.018643 22.181700 -0.262581 -0.011871 0.964837 0.000000 0.000000 0.000000 0.000000 1.000000
0.964443 -0.027387 0.262867 0.000000 0.018862 0.999213 0.034902 22.181700 -0.263616 -0.028702 0.964200 -0.000000 0.000000 0.000000 0.000000 1.000000
0.964253 -0.029812 0.263302 -0.000000 0.018550 0.998808 0.045155 22.181700 -0.264335 -0.038656 0.963656 -0.000000 0.000000 0.000000 0.000000 1.000000
0.964259 -0.032491 0.262963 0.000000 0.019402 0.998447 0.052220 22.181700 -0.264251 -0.045252 0.963392 0.000000 0.000000 0.000000 0.000000 1.000000
0.964503 -0.030413 0.262314 0.000000 0.015641 0.998181 0.058217 22.181700 -0.263608 -0.052047 0.963225 0.000000 0.000000 0.000000 0.000000 1.000000
0.964969 -0.018874 0.261684 0.000000 0.002818 0.998097 0.061598 22.181700 -0.262349 -0.058702 0.963186 0.000000 0.000000 0.000000 0.000000 1.000000
0.965534 0.000846 0.260275 0.000000 -0.016826 0.998106 0.059175 22.181700 -0.259732 -0.061515 0.963720 0.000000 0.000000 0.000000 0.000000 1.000000
0.966231 0.019772 0.256919 0.000000 -0.033495 0.998230 0.049147 22.181700 -0.255492 -0.056092 0.965183 0.000000 0.000000 0.000000 0.000000 1.000000
0.967441 0.027103 0.251639 0.000000 -0.036170 0.998850 0.031477 22.181700 -0.250497 -0.039553 0.967309 0.000000 0.000000 0.000000 0.000000 1.000000
0.969169 0.018195 0.245725 0.000000 -0.020476 0.999768 0.006730 22.181700 -0.245546 -0.011554 0.969316 0.000000 0.000000 0.000000 0.000000 1.000000
0.970743 -0.002957 0.240101 0.000000 0.008865 0.999684 -0.023534 22.181700 -0.239955 0.024974 0.970463 0.000000 0.000000 0.000000 0.000000 1.000000
0.971717 -0.027696 0.234519 0.000000 0.041756 0.997602 -0.055200 22.181700 -0.232428 0.063431 0.970543 -0.000000 0.000000 0.000000 0.000000 1.000000
0.972203 -0.048502 0.229061 0.000000 0.068985 0.994219 -0.082276 22.181700 -0.223746 0.095791 0.969929 0.000000 0.000000 0.000000 0.000000 1.000000
0.972273 -0.062419 0.225365 0.000000 0.086937 0.991126 -0.100557 22.181700 -0.217089 0.117362 0.969071 0.000000 0.000000 0.000000 0.000000 1.000000</float_array>
        <technique_common>
          <accessor source="#mixamorig_Neck-Matrix-animation-output-transform-array" count="25" stride="16">
            <param type="float4x4"/>
          </accessor>
        </technique_common>
      </source>
      <source id="mixamorig_Neck-Interpolations">
        <Name_array id="mixamorig_Neck-Interpolations-array" count="25">
 LINEAR LINEAR LINEAR LINEAR LINEAR LINEAR LINEAR LINEAR LINEAR LINEAR LINEAR
LINEAR LINEAR LINEAR LINEAR LINEAR LINEAR LINEAR LINEAR LINEAR LINEAR LINEAR LINEAR
LINEAR LINEAR</Name_array>
        <technique_common>
          <accessor source="#mixamorig_Neck-Interpolations-array" count="25">
            <param type="name"/>
          </accessor>
        </technique_common>
      </source>
      <sampler id="mixamorig_Neck-Matrix-animation-transform">
        <input semantic="INPUT" source="#mixamorig_Neck-Matrix-animation-input"/>
        <input semantic="OUTPUT" source="#mixamorig_Neck-Matrix-animation-output-transform"/>
        <input semantic="INTERPOLATION" source="#mixamorig_Neck-Interpolations"/>
      </sampler>
      <channel source="#mixamorig_Neck-Matrix-animation-transform" target="mixamorig_Neck/matrix"/>
    </animation>
    <animation id="mixamorig_Head-anim" name="mixamorig_Head">
      <source id="mixamorig_Head-Matrix-animation-input">
        <float_array id="mixamorig_Head-Matrix-animation-input-array" count="25">

0.000000 0.033333 0.066667 0.100000 0.133333 0.166667 0.200000 0.233333 0.266667 0.300000 0.333333 0.366667 0.400000 0.433333 0.466667 0.500000
0.533333 0.566667 0.600000 0.633333 0.666667 0.700000 0.733333 0.766667 0.800000</float_array>
        <technique_common>
          <accessor source="#mixamorig_Head-Matrix-animation-input-array" count="25">
            <param name="TIME" type="float"/>
          </accessor>
        </technique_common>
      </source>
      <source id="mixamorig_Head-Matrix-animation-output-transform">
        <float_array id="mixamorig_Head-Matrix-animation-output-transform-array" count="400">

0.936427 0.067621 0.344285 0.000000 -0.017903 0.989183 -0.145591 7.772300 -0.350406 0.130171 0.927508 1.167700 0.000000 0.000000 0.000000 1.000000
0.926422 0.073184 0.369305 0.000000 -0.030725 0.992350 -0.119575 7.772300 -0.375231 0.099430 0.921583 1.167700 0.000000 0.000000 0.000000 1.000000
0.913909 0.084158 0.397100 0.000000 -0.052887 0.994620 -0.089073 7.772300 -0.402460 0.060403 0.913443 1.167700 0.000000 0.000000 0.000000 1.000000
0.899655 0.099445 0.425126 0.000000 -0.078541 0.994693 -0.066468 7.772300 -0.429480 0.026408 0.902690 1.167700 0.000000 0.000000 0.000000 1.000000
0.885785 0.119106 0.448551 0.000000 -0.105494 0.992880 -0.055319 7.772300 -0.451946 0.001681 0.892043 1.167700 0.000000 0.000000 0.000000 1.000000
0.874616 0.138395 0.464644 0.000000 -0.129322 0.990263 -0.051526 7.772300 -0.467251 -0.015023 0.883997 1.167700 0.000000 0.000000 0.000000 1.000000
0.867641 0.152888 0.473101 -0.000000 -0.146112 0.987937 -0.051301 7.772300 -0.475237 -0.024615 0.879513 1.167700 0.000000 0.000000 0.000000 1.000000
0.865967 0.162401 0.472998 0.000000 -0.155178 0.986378 -0.054566 7.772300 -0.475417 -0.026146 0.879372 1.167700 0.000000 0.000000 0.000000 1.000000
0.869978 0.165976 0.464318 0.000000 -0.155518 0.985945 -0.061049 7.772300 -0.467925 -0.019098 0.883562 1.167700 0.000000 0.000000 0.000000 1.000000
0.878167 0.163901 0.449398 -0.000000 -0.148188 0.986464 -0.070201 7.772300 -0.454822 -0.004947 0.890569 1.167700 0.000000 0.000000 0.000000 1.000000
0.887287 0.160596 0.432354 0.000000 -0.137966 0.986915 -0.083449 7.772300 -0.440099 0.014393 0.897834 1.167700 0.000000 0.000000 0.000000 1.000000
0.894131 0.162019 0.417469 0.000000 -0.131233 0.986127 -0.101640 7.772300 -0.428145 0.036094 0.902989 1.167700 0.000000 0.000000 0.000000 1.000000
0.897741 0.167516 0.407431 0.000000 -0.128180 0.984191 -0.122220 7.772300 -0.421464 0.057497 0.905021 1.167700 0.000000 0.000000 0.000000 1.000000
0.900216 0.169649 0.401036 0.000000 -0.122174 0.982394 -0.141333 7.772300 -0.417952 0.078234 0.905094 1.167700 0.000000 0.000000 0.000000 1.000000
0.904189 0.165022 0.393966 0.000000 -0.110257 0.981268 -0.157977 7.772300 -0.412656 0.099403 0.905447 1.167700 0.000000 0.000000 0.000000 1.000000
0.910472 0.157856 0.382260 0.000000 -0.096653 0.979911 -0.174448 7.772300 -0.402118 0.121883 0.907439 1.167700 0.000000 0.000000 0.000000 1.000000
0.918653 0.151556 0.364840 0.000000 -0.085210 0.977765 -0.191613 7.772300 -0.385767 0.144938 0.911140 1.167700 0.000000 0.000000 0.000000 1.000000
0.928602 0.144480 0.341794 0.000000 -0.076312 0.975754 -0.205135 7.772300 -0.363145 0.164406 0.917113 1.167700 0.000000 0.000000 0.000000 1.000000
0.939273 0.133594 0.316099 0.000000 -0.067205 0.974886 -0.212324 7.772300 -0.336525 0.178187 0.924662 1.167700 0.000000 0.000000 0.000000 1.000000
0.948184 0.120835 0.293847 -0.000000 -0.058447 0.975409 -0.212510 7.772300 -0.312299 0.184324 0.931930 1.167700 0.000000 0.000000 0.000000 1.000000
0.953132 0.111695 0.281183 0.000000 -0.053707 0.977062 -0.206069 7.772300 -0.297750 0.181309 0.937268 1.167700 0.000000 0.000000 0.000000 1.000000
0.953872 0.107180 0.280430 -0.000000 -0.052767 0.979413 -0.194846 7.772300 -0.295541 0.171061 0.939890 1.167700 0.000000 0.000000 0.000000 1.000000
0.951324 0.103436 0.290315 -0.000000 -0.051263 0.981982 -0.181887 7.772300 -0.303898 0.158151 0.939486 1.167700 0.000000 0.000000 0.000000 1.000000
0.947076 0.097389 0.305880 0.000000 -0.046331 0.984362 -0.169957 7.772300 -0.317649 0.146791 0.936777 1.167700 0.000000 0.000000 0.000000 1.000000
0.943068 0.086826 0.321068 0.000000 -0.035970 0.986288 -0.161065 7.772300 -0.330650 0.140346 0.933260 1.167700 0.000000 0.000000 0.000000 1.000000</float_array>
        <technique_common>
          <accessor source="#mixamorig_Head-Matrix-animation-output-transform-array" count="25" stride="16">
            <param type="float4x4"/>
          </accessor>
        </technique_common>
      </source>
      <source id="mixamorig_Head-Interpolations">
        <Name_array id="mixamorig_Head-Interpolations-array" count="25">
 LINEAR LINEAR LINEAR LINEAR LINEAR LINEAR LINEAR LINEAR LINEAR LINEAR LINEAR
LINEAR LINEAR LINEAR LINEAR LINEAR LINEAR LINEAR LINEAR LINEAR LINEAR LINEAR LINEAR
LINEAR LINEAR</Name_array>
        <technique_common>
          <accessor source="#mixamorig_Head-Interpolations-array" count="25">
            <param type="name"/>
          </accessor>
        </technique_common>
      </source>
      <sampler id="mixamorig_Head-Matrix-animation-transform">
        <input semantic="INPUT" source="#mixamorig_Head-Matrix-animation-input"/>
        <input semantic="OUTPUT" source="#mixamorig_Head-Matrix-animation-output-transform"/>
        <input semantic="INTERPOLATION" source="#mixamorig_Head-Interpolations"/>
      </sampler>
      <channel source="#mixamorig_Head-Matrix-animation-transform" target="mixamorig_Head/matrix"/>
    </animation>
    <animation id="mixamorig_LeftShoulder-anim" name="mixamorig_LeftShoulder">
      <source id="mixamorig_LeftShoulder-Matrix-animation-input">
        <float_array id="mixamorig_LeftShoulder-Matrix-animation-input-array" count="25">

0.000000 0.033333 0.066667 0.100000 0.133333 0.166667 0.200000 0.233333 0.266667 0.300000 0.333333 0.366667 0.400000 0.433333 0.466667 0.500000
0.533333 0.566667 0.600000 0.633333 0.666667 0.700000 0.733333 0.766667 0.800000</float_array>
        <technique_common>
          <accessor source="#mixamorig_LeftShoulder-Matrix-animation-input-array" count="25">
            <param name="TIME" type="float"/>
          </accessor>
        </technique_common>
      </source>
      <source id="mixamorig_LeftShoulder-Matrix-animation-output-transform">
        <float_array id="mixamorig_LeftShoulder-Matrix-animation-output-transform-array" count="400">

-0.105767 0.925596 -0.363436 11.646600 0.021971 -0.363222 -0.931444 18.688601 -0.994148 -0.106501 0.018081 -0.394200 0.000000 0.000000 0.000000 1.000000
-0.091577 0.932569 -0.349183 11.646600 0.018765 -0.348978 -0.936943 18.688601 -0.995621 -0.092354 0.014459 -0.394200 0.000000 0.000000 0.000000 1.000000
-0.059721 0.936790 -0.344757 11.646600 0.020246 -0.344166 -0.938690 18.688601 -0.998010 -0.063039 0.001588 -0.394200 0.000000 0.000000 0.000000 1.000000
-0.029939 0.935140 -0.353012 11.646600 0.025191 -0.352352 -0.935528 18.688601 -0.999234 -0.036901 -0.013008 -0.394200 0.000000 0.000000 0.000000 1.000000
-0.015199 0.928785 -0.370306 11.646600 0.031035 -0.369732 -0.928620 18.688601 -0.999403 -0.025606 -0.023205 -0.394200 0.000000 0.000000 0.000000 1.000000
-0.017457 0.921420 -0.388176 11.646600 0.035531 -0.387418 -0.921219 18.688601 -0.999216 -0.029874 -0.025976 -0.394200 0.000000 0.000000 0.000000 1.000000
-0.028620 0.915552 -0.401179 11.646600 0.038218 -0.400048 -0.915697 18.688601 -0.998859 -0.041539 -0.023541 -0.394200 0.000000 0.000000 0.000000 1.000000
-0.037923 0.911326 -0.409934 11.646600 0.040022 -0.408515 -0.911874 18.688601 -0.998479 -0.050988 -0.020981 -0.394200 0.000000 0.000000 0.000000 1.000000
-0.037673 0.909221 -0.414606 11.646600 0.041385 -0.413125 -0.909734 18.688601 -0.998433 -0.051431 -0.022064 -0.394200 0.000000 0.000000 0.000000 1.000000
-0.027357 0.909397 -0.415028 11.646600 0.042226 -0.413762 -0.909406 18.688601 -0.998733 -0.042404 -0.027081 -0.394200 0.000000 0.000000 0.000000 1.000000
-0.015082 0.908726 -0.417120 11.646600 0.043674 -0.416170 -0.908237 18.688601 -0.998932 -0.031915 -0.033411 -0.394200 0.000000 0.000000 0.000000 1.000000
-0.011457 0.903811 -0.427778 11.646600 0.046854 -0.426851 -0.903108 18.688601 -0.998836 -0.030390 -0.037457 -0.394200 0.000000 0.000000 0.000000 1.000000
-0.020796 0.893983 -0.447619 11.646600 0.051825 -0.446150 -0.893456 18.688601 -0.998440 -0.041778 -0.037052 -0.394200 0.000000 0.000000 0.000000 1.000000
-0.042808 0.882015 -0.469273 11.646600 0.057100 -0.466776 -0.882530 18.688601 -0.997450 -0.064575 -0.030381 -0.394200 0.000000 0.000000 0.000000 1.000000
-0.073179 0.870719 -0.486305 11.646600 0.061421 -0.482752 -0.873600 18.688601 -0.995426 -0.093799 -0.018153 -0.394200 0.000000 0.000000 0.000000 1.000000
-0.102784 0.858910 -0.501706 11.646600 0.065980 -0.497379 -0.865020 18.688601 -0.992513 -0.122013 -0.005548 -0.394200 0.000000 0.000000 0.000000 1.000000
-0.126198 0.847058 -0.516301 11.646600 0.070962 -0.511420 -0.856396 18.688601 -0.989464 -0.144713 0.004432 -0.394200 0.000000 0.000000 0.000000 1.000000
-0.141914 0.839757 -0.524088 11.646600 0.073943 -0.518974 -0.851586 18.688601 -0.987113 -0.159604 0.011556 -0.394200 0.000000 0.000000 0.000000 1.000000
-0.148219 0.840426 -0.521263 11.646600 0.073127 -0.516328 -0.853263 18.688601 -0.986247 -0.164588 0.015072 -0.394200 0.000000 0.000000 0.000000 1.000000
-0.141287 0.848516 -0.509958 11.646600 0.069166 -0.505406 -0.860105 18.688601 -0.987549 -0.156794 0.012719 -0.394200 0.000000 0.000000 0.000000 1.000000
-0.119776 0.860879 -0.494511 11.646600 0.064041 -0.490360 -0.869164 18.688601 -0.990733 -0.135774 0.003602 -0.394200 0.000000 0.000000 0.000000 1.000000
-0.093342 0.874068 -0.476752 11.646600 0.058820 -0.473165 -0.879008 18.688601 -0.993895 -0.110091 -0.007246 -0.394200 0.000000 0.000000 0.000000 1.000000
-0.078665 0.886214 -0.456548 11.646600 0.053019 -0.453599 -0.889627 18.688601 -0.995490 -0.094189 -0.011304 -0.394200 0.000000 0.000000 0.000000 1.000000
-0.083525 0.896797 -0.434487 11.646600 0.045945 -0.432081 -0.900664 18.688601 -0.995446 -0.095190 -0.005113 -0.394200 0.000000 0.000000 0.000000 1.000000
-0.099336 0.906831 -0.409621 11.646600 0.037192 -0.407986 -0.912230 18.688601 -0.994359 -0.105852 0.006801 -0.394200 0.000000 0.000000 0.000000 1.000000</float_array>
        <technique_common>
