<?xml version="1.0" encoding="utf-8"?>
<COLLADA xmlns="http://www.collada.org/2005/11/COLLADASchema" version="1.4.1">
  <asset>
    <contributor>
      <author>Mixamo</author>
      <authoring_tool>COLLADA Mixamo exporter</authoring_tool>
      <comments/>
    </contributor>
    <created>2025-01-28T08:02:38Z</created>
    <modified>2025-01-28T08:02:38Z</modified>
    <revision/>
    <title/>
    <unit meter="0.010000"/>
    <up_axis>Y_UP</up_axis>
  </asset>
  <library_animations>
    <animation id="mixamorig_Hips-anim" name="mixamorig_Hips">
      <source id="mixamorig_Hips-Matrix-animation-input">
        <float_array id="mixamorig_Hips-Matrix-animation-input-array" count="278">

0.000000 0.033333 0.066667 0.100000 0.133333 0.166667 0.200000 0.233333 0.266667 0.300000 0.333333 0.366667 0.400000 0.433333 0.466667 0.500000
0.533333 0.566667 0.600000 0.633333 0.666667 0.700000 0.733333 0.766667 0.800000 0.833333 0.866667 0.900000 0.933333 0.966667 1.000000 1.033333
1.066667 1.100000 1.133333 1.166667 1.200000 1.233333 1.266667 1.300000 1.333333 1.366667 1.400000 1.433333 1.466667 1.500000 1.533333 1.566667
1.600000 1.633333 1.666667 1.700000 1.733333 1.766667 1.800000 1.833333 1.866667 1.900000 1.933333 1.966667 2.000000 2.033333 2.066667 2.100000
2.133333 2.166667 2.200000 2.233333 2.266667 2.300000 2.333333 2.366667 2.400000 2.433333 2.466667 2.500000 2.533333 2.566667 2.600000 2.633333
2.666667 2.700000 2.733333 2.766667 2.800000 2.833333 2.866667 2.900000 2.933333 2.966667 3.000000 3.033333 3.066667 3.100000 3.133333 3.166667
3.200000 3.233333 3.266667 3.300000 3.333333 3.366667 3.400000 3.433333 3.466667 3.500000 3.533333 3.566667 3.600000 3.633333 3.666667 3.700000
3.733333 3.766667 3.800000 3.833333 3.866667 3.900000 3.933333 3.966667 4.000000 4.033333 4.066667 4.100000 4.133333 4.166667 4.200000 4.233333
4.266667 4.300000 4.333333 4.366667 4.400000 4.433333 4.466667 4.500000 4.533333 4.566667 4.600000 4.633333 4.666667 4.700000 4.733333 4.766667
4.800000 4.833333 4.866667 4.900000 4.933333 4.966667 5.000000 5.033333 5.066667 5.100000 5.133333 5.166667 5.200000 5.233333 5.266667 5.300000
5.333333 5.366667 5.400000 5.433333 5.466667 5.500000 5.533333 5.566667 5.600000 5.633333 5.666667 5.700000 5.733333 5.766667 5.800000 5.833333
5.866667 5.900000 5.933333 5.966667 6.000000 6.033333 6.066667 6.100000 6.133333 6.166667 6.200000 6.233333 6.266667 6.300000 6.333333 6.366667
6.400000 6.433333 6.466667 6.500000 6.533333 6.566667 6.600000 6.633333 6.666667 6.700000 6.733333 6.766667 6.800000 6.833333 6.866667 6.900000
6.933333 6.966667 7.000000 7.033333 7.066667 7.100000 7.133333 7.166667 7.200000 7.233333 7.266667 7.300000 7.333333 7.366667 7.400000 7.433333
7.466667 7.500000 7.533333 7.566667 7.600000 7.633333 7.666667 7.700000 7.733333 7.766667 7.800000 7.833333 7.866667 7.900000 7.933333 7.966667
8.000000 8.033333 8.066667 8.100000 8.133333 8.166667 8.200000 8.233333 8.266667 8.300000 8.333333 8.366667 8.400000 8.433333 8.466667 8.500000
8.533333 8.566667 8.600000 8.633333 8.666667 8.700000 8.733333 8.766667 8.800000 8.833333 8.866667 8.900000 8.933333 8.966667 9.000000 9.033333
9.066667 9.100000 9.133333 9.166667 9.200000 9.233333</float_array>
        <technique_common>
          <accessor source="#mixamorig_Hips-Matrix-animation-input-array" count="278">
            <param name="TIME" type="float"/>
          </accessor>
        </technique_common>
      </source>
      <source id="mixamorig_Hips-Matrix-animation-output-transform">
        <float_array id="mixamorig_Hips-Matrix-animation-output-transform-array" count="4448">

0.999168 0.025637 -0.031720 0.318882 -0.023443 0.997430 0.067705 74.278275 0.033374 -0.066905 0.997201 4.252659 0.000000 0.000000 0.000000 1.000000
0.999152 0.025558 -0.032293 0.320658 -0.023344 0.997470 0.067144 74.275383 0.033928 -0.066333 0.997221 4.254952 0.000000 0.000000 0.000000 1.000000
0.999131 0.025638 -0.032870 0.321617 -0.023411 0.997517 0.066416 74.271637 0.034491 -0.065589 0.997250 4.255413 0.000000 0.000000 0.000000 1.000000
0.999100 0.025772 -0.033687 0.325247 -0.023520 0.997567 0.065621 74.271294 0.035297 -0.064770 0.997276 4.256044 0.000000 0.000000 0.000000 1.000000
0.999072 0.025797 -0.034492 0.329507 -0.023521 0.997619 0.064834 74.270844 0.036083 -0.063963 0.997300 4.252997 0.000000 0.000000 0.000000 1.000000
0.999030 0.025789 -0.035683 0.335067 -0.023469 0.997677 0.063953 74.269485 0.037250 -0.063053 0.997315 4.252335 0.000000 0.000000 0.000000 1.000000
0.998978 0.025872 -0.037051 0.340133 -0.023501 0.997734 0.063044 74.266335 0.038598 -0.062109 0.997323 4.252515 0.000000 0.000000 0.000000 1.000000
0.998918 0.025969 -0.038568 0.346275 -0.023538 0.997786 0.062199 74.268234 0.040098 -0.061224 0.997318 4.251925 0.000000 0.000000 0.000000 1.000000
0.998850 0.025942 -0.040330 0.353858 -0.023428 0.997825 0.061613 74.269028 0.041841 -0.060598 0.997285 4.246734 0.000000 0.000000 0.000000 1.000000
0.998761 0.025875 -0.042498 0.361364 -0.023238 0.997842 0.061407 74.269363 0.043996 -0.060343 0.997208 4.235539 0.000000 0.000000 0.000000 1.000000
0.998622 0.025812 -0.045699 0.368623 -0.022985 0.997852 0.061338 74.269257 0.047184 -0.060203 0.997070 4.228374 0.000000 0.000000 0.000000 1.000000
0.998384 0.026073 -0.050485 0.373357 -0.022941 0.997834 0.061651 74.268600 0.051983 -0.060393 0.996820 4.225789 0.000000 0.000000 0.000000 1.000000
0.997982 0.026800 -0.057564 0.380598 -0.023199 0.997785 0.062350 74.268578 0.059107 -0.060888 0.996393 4.221949 0.000000 0.000000 0.000000 1.000000
0.997224 0.028498 -0.068787 0.396197 -0.024188 0.997739 0.062704 74.277542 0.070419 -0.060866 0.995659 4.203207 0.000000 0.000000 0.000000 1.000000
0.995874 0.031283 -0.085189 0.417336 -0.026015 0.997721 0.062262 74.295715 0.086943 -0.059789 0.994418 4.165025 0.000000 0.000000 0.000000 1.000000
0.993557 0.034421 -0.107977 0.439165 -0.027835 0.997693 0.061921 74.303818 0.109859 -0.058516 0.992223 4.115816 0.000000 0.000000 0.000000 1.000000
0.989939 0.038367 -0.136195 0.441128 -0.030190 0.997644 0.061606 74.286308 0.138238 -0.056875 0.988765 4.030368 0.000000 0.000000 0.000000 1.000000
0.984764 0.042792 -0.168550 0.416044 -0.032751 0.997544 0.061910 74.262924 0.170786 -0.055447 0.983747 3.909677 0.000000 0.000000 0.000000 1.000000
0.978361 0.046874 -0.201526 0.377826 -0.034861 0.997420 0.062753 74.234612 0.203947 -0.054369 0.977471 3.764129 0.000000 0.000000 0.000000 1.000000
0.970921 0.050767 -0.233957 0.343652 -0.036986 0.997333 0.062925 74.189896 0.236528 -0.052442 0.970208 3.582696 0.000000 0.000000 0.000000 1.000000
0.961296 0.055288 -0.269914 0.306504 -0.040292 0.997337 0.060792 74.117661 0.272556 -0.047564 0.960963 3.402440 0.000000 0.000000 0.000000 1.000000
0.948799 0.059150 -0.310294 0.284597 -0.043083 0.997364 0.058385 74.006577 0.312930 -0.042027 0.948846 3.212195 0.000000 0.000000 0.000000 1.000000
0.933450 0.062906 -0.353149 0.274149 -0.045488 0.997314 0.057416 73.847366 0.355812 -0.037531 0.933804 3.028275 0.000000 0.000000 0.000000 1.000000
0.916087 0.067134 -0.395320 0.266614 -0.048233 0.997176 0.057570 73.655403 0.398068 -0.033672 0.916738 2.827734 0.000000 0.000000 0.000000 1.000000
0.897756 0.071691 -0.434619 0.256757 -0.051594 0.996989 0.057881 73.439934 0.437460 -0.029539 0.898752 2.588224 0.000000 0.000000 0.000000 1.000000
0.878495 0.075518 -0.471745 0.232406 -0.054855 0.996842 0.057426 73.155670 0.474592 -0.024571 0.879863 2.315656 0.000000 0.000000 0.000000 1.000000
0.858530 0.077678 -0.506845 0.197431 -0.056833 0.996784 0.056496 72.792839 0.509604 -0.019698 0.860184 2.034296 0.000000 0.000000 0.000000 1.000000
0.837310 0.076993 -0.541281 0.171055 -0.056499 0.996919 0.054405 72.387650 0.543802 -0.014972 0.839080 1.769872 0.000000 0.000000 0.000000 1.000000
0.813825 0.075007 -0.576248 0.113973 -0.055477 0.997134 0.051442 71.951378 0.578455 -0.009896 0.815654 1.542919 0.000000 0.000000 0.000000 1.000000
0.787159 0.072310 -0.612496 0.013753 -0.054483 0.997373 0.047728 71.465897 0.614338 -0.004199 0.789032 1.331548 0.000000 0.000000 0.000000 1.000000
0.756349 0.069887 -0.650424 -0.150846 -0.052258 0.997554 0.046417 70.994522 0.652078 -0.001118 0.758151 1.162809 0.000000 0.000000 0.000000 1.000000
0.722949 0.068120 -0.687535 -0.367170 -0.049016 0.997677 0.047307 70.556137 0.689160 -0.000500 0.724609 1.011526 0.000000 0.000000 0.000000 1.000000
0.688668 0.067451 -0.721932 -0.625223 -0.047917 0.997721 0.047509 70.140083 0.723491 0.001875 0.690331 0.908340 0.000000 0.000000 0.000000 1.000000
0.658821 0.067781 -0.749240 -0.891412 -0.049131 0.997683 0.047056 69.802643 0.750694 0.005810 0.660625 0.843104 0.000000 0.000000 0.000000 1.000000
0.636126 0.070588 -0.768350 -1.139295 -0.052787 0.997455 0.047933 69.544914 0.769777 0.010068 0.638233 0.805811 0.000000 0.000000 0.000000 1.000000
0.615413 0.075009 -0.784628 -1.338342 -0.057527 0.997081 0.050199 69.262192 0.786103 0.014244 0.617932 0.792980 0.000000 0.000000 0.000000 1.000000
0.596881 0.077653 -0.798563 -1.492483 -0.060584 0.996826 0.051650 69.000374 0.800039 0.017551 0.599691 0.788627 0.000000 0.000000 0.000000 1.000000
0.582458 0.076299 -0.809272 -1.612706 -0.060102 0.996902 0.050732 68.776138 0.810636 0.019090 0.585239 0.755121 0.000000 0.000000 0.000000 1.000000
0.572267 0.071134 -0.816976 -1.771124 -0.058176 0.997242 0.046079 68.588638 0.818001 0.021159 0.574827 0.708203 0.000000 0.000000 0.000000 1.000000
0.565476 0.064411 -0.822246 -1.954013 -0.057949 0.997585 0.038293 68.425110 0.822727 0.025995 0.567842 0.692905 0.000000 0.000000 0.000000 1.000000
0.563498 0.057579 -0.824108 -2.126122 -0.058413 0.997848 0.029777 68.315430 0.824050 0.031359 0.565649 0.701308 0.000000 0.000000 0.000000 1.000000
0.567168 0.049738 -0.822099 -2.280541 -0.057995 0.998109 0.020375 68.265556 0.821558 0.036122 0.568980 0.730254 0.000000 0.000000 0.000000 1.000000
0.575996 0.041131 -0.816417 -2.429711 -0.057488 0.998299 0.009736 68.284454 0.815429 0.041326 0.577381 0.762019 0.000000 0.000000 0.000000 1.000000
0.588586 0.033147 -0.807755 -2.573688 -0.057197 0.998363 -0.000709 68.387970 0.806409 0.046618 0.589518 0.800808 0.000000 0.000000 0.000000 1.000000
0.602556 0.027387 -0.797607 -2.690613 -0.057492 0.998304 -0.009155 68.528374 0.796003 0.051372 0.603109 0.859807 0.000000 0.000000 0.000000 1.000000
0.615990 0.024217 -0.787382 -2.793113 -0.058902 0.998145 -0.015381 68.660110 0.785549 0.055853 0.616274 0.933882 0.000000 0.000000 0.000000 1.000000
0.630162 0.023238 -0.776116 -2.887099 -0.060971 0.997947 -0.019625 68.758240 0.774066 0.059687 0.630284 1.007942 0.000000 0.000000 0.000000 1.000000
0.645265 0.023619 -0.763594 -2.984783 -0.062437 0.997809 -0.021899 68.834824 0.761403 0.061807 0.645325 1.076312 0.000000 0.000000 0.000000 1.000000
0.660444 0.025222 -0.750452 -3.092989 -0.063919 0.997696 -0.022721 68.881683 0.748150 0.062974 0.660535 1.140335 0.000000 0.000000 0.000000 1.000000
0.675954 0.027668 -0.736424 -3.197173 -0.065322 0.997611 -0.022477 68.883316 0.734043 0.063298 0.676147 1.197579 0.000000 0.000000 0.000000 1.000000
0.693092 0.029898 -0.720229 -3.293711 -0.065038 0.997658 -0.021173 68.871132 0.717909 0.061517 0.693414 1.248874 0.000000 0.000000 0.000000 1.000000
0.713663 0.031801 -0.699767 -3.392133 -0.063222 0.997816 -0.019131 68.896751 0.697631 0.057894 0.714115 1.322318 0.000000 0.000000 0.000000 1.000000
0.741649 0.033694 -0.669941 -3.509094 -0.061788 0.997923 -0.018212 69.011642 0.667936 0.054901 0.742191 1.420278 0.000000 0.000000 0.000000 1.000000
0.779442 0.035437 -0.625471 -3.608690 -0.058251 0.998173 -0.016037 69.256569 0.623760 0.048934 0.780083 1.561772 0.000000 0.000000 0.000000 1.000000
0.823925 0.034076 -0.565673 -3.679868 -0.048864 0.998745 -0.011008 69.642380 0.564588 0.036711 0.824556 1.741381 0.000000 0.000000 0.000000 1.000000
0.869707 0.029773 -0.492670 -3.701256 -0.035649 0.999361 -0.002538 70.105949 0.492280 0.019770 0.870213 1.958440 0.000000 0.000000 0.000000 1.000000
0.911310 0.022106 -0.411128 -3.644741 -0.020419 0.999755 0.008494 70.583534 0.411215 0.000654 0.911538 2.172694 0.000000 0.000000 0.000000 1.000000
0.944409 0.013080 -0.328513 -3.532042 -0.006928 0.999778 0.019888 70.985916 0.328700 -0.016506 0.944290 2.345668 0.000000 0.000000 0.000000 1.000000
0.969094 0.003914 -0.246660 -3.371291 0.002908 0.999623 0.027287 71.206894 0.246674 -0.027161 0.968718 2.455957 0.000000 0.000000 0.000000 1.000000
0.986614 -0.005836 -0.162969 -3.157413 0.011102 0.999445 0.031419 71.263489 0.162695 -0.032808 0.986131 2.488486 0.000000 0.000000 0.000000 1.000000
0.996836 -0.015204 -0.078017 -2.889396 0.017874 0.999274 0.033640 71.177444 0.077449 -0.034928 0.996384 2.433512 0.000000 0.000000 0.000000 1.000000
0.999669 -0.024148 0.008914 -2.581755 0.023841 0.999168 0.033079 70.970535 -0.009705 -0.032856 0.999413 2.329123 0.000000 0.000000 0.000000 1.000000
0.994910 -0.031999 0.095555 -2.227528 0.029161 0.999096 0.030945 70.786720 -0.096459 -0.028001 0.994943 2.194808 0.000000 0.000000 0.000000 1.000000
0.983628 -0.038220 0.176109 -1.824679 0.033755 0.999030 0.028285 70.692627 -0.177019 -0.021877 0.983964 2.027574 0.000000 0.000000 0.000000 1.000000
0.967424 -0.043710 0.249358 -1.407703 0.038973 0.998954 0.023907 70.664734 -0.250142 -0.013410 0.968116 1.875914 0.000000 0.000000 0.000000 1.000000
0.947885 -0.048152 0.314952 -0.999668 0.044783 0.998836 0.017930 70.651398 -0.315448 -0.002891 0.948938 1.753556 0.000000 0.000000 0.000000 1.000000
0.925365 -0.050549 0.375693 -0.574169 0.049995 0.998686 0.011229 70.599205 -0.375767 0.008392 0.926676 1.675483 0.000000 0.000000 0.000000 1.000000
0.899270 -0.049073 0.434633 -0.149738 0.052557 0.998610 0.004009 70.494919 -0.434225 0.019238 0.900599 1.642072 0.000000 0.000000 0.000000 1.000000
0.869420 -0.044893 0.492029 0.264235 0.052862 0.998599 -0.002295 70.338318 -0.491237 0.028005 0.870576 1.653552 0.000000 0.000000 0.000000 1.000000
0.837454 -0.039875 0.545052 0.678604 0.052011 0.998623 -0.006857 70.169518 -0.544028 0.034091 0.838374 1.670652 0.000000 0.000000 0.000000 1.000000
0.804331 -0.034931 0.593154 1.059414 0.051714 0.998598 -0.011318 70.026932 -0.591927 0.039778 0.805009 1.699687 0.000000 0.000000 0.000000 1.000000
0.769782 -0.030542 0.637576 1.394594 0.052432 0.998505 -0.015473 69.888245 -0.636150 0.045340 0.770232 1.747755 0.000000 0.000000 0.000000 1.000000
0.734189 -0.024771 0.678493 1.709781 0.052628 0.998404 -0.020497 69.751617 -0.676902 0.050757 0.734321 1.763672 0.000000 0.000000 0.000000 1.000000
0.697365 -0.015751 0.716544 2.020358 0.051577 0.998269 -0.028253 69.566559 -0.714858 0.056660 0.696970 1.750570 0.000000 0.000000 0.000000 1.000000
0.661124 -0.004044 0.750265 2.329599 0.049079 0.998077 -0.037869 69.440460 -0.748669 0.061858 0.660051 1.727851 0.000000 0.000000 0.000000 1.000000
0.629317 0.007173 0.777116 2.648477 0.047506 0.997732 -0.047680 69.414482 -0.775696 0.066923 0.627549 1.725464 0.000000 0.000000 0.000000 1.000000
0.604704 0.018527 0.796235 2.950550 0.046828 0.997173 -0.058766 69.395660 -0.795073 0.072821 0.602127 1.716295 0.000000 0.000000 0.000000 1.000000
0.585877 0.028751 0.809890 3.240836 0.046865 0.996496 -0.069278 69.325180 -0.809044 0.078544 0.582477 1.674097 0.000000 0.000000 0.000000 1.000000
0.571296 0.035786 0.819964 3.526900 0.047212 0.995962 -0.076361 69.208168 -0.819385 0.082337 0.567299 1.627051 0.000000 0.000000 0.000000 1.000000
0.559897 0.040832 0.827555 3.788239 0.046470 0.995665 -0.080568 69.073013 -0.827258 0.083566 0.555573 1.570702 0.000000 0.000000 0.000000 1.000000
0.551378 0.045887 0.832993 4.021368 0.044018 0.995495 -0.083975 68.969589 -0.833094 0.082968 0.546874 1.501750 0.000000 0.000000 0.000000 1.000000
0.545673 0.050076 0.836500 4.254964 0.042610 0.995264 -0.087376 68.906052 -0.836914 0.083323 0.540955 1.450939 0.000000 0.000000 0.000000 1.000000
0.543093 0.053198 0.837986 4.478580 0.043558 0.994862 -0.091386 68.884758 -0.838542 0.086132 0.537986 1.402067 0.000000 0.000000 0.000000 1.000000
0.543424 0.058093 0.837446 4.667249 0.043875 0.994274 -0.097443 68.863480 -0.838311 0.089695 0.537763 1.320569 0.000000 0.000000 0.000000 1.000000
0.546998 0.066744 0.834469 4.811300 0.039909 0.993604 -0.105632 68.813614 -0.836182 0.091083 0.540836 1.193308 0.000000 0.000000 0.000000 1.000000
0.554704 0.071878 0.828937 4.999923 0.037797 0.993056 -0.111402 68.742798 -0.831189 0.093127 0.548136 1.040110 0.000000 0.000000 0.000000 1.000000
0.566722 0.074316 0.820550 5.201799 0.037679 0.992544 -0.115917 68.647568 -0.823047 0.096611 0.559696 0.885442 0.000000 0.000000 0.000000 1.000000
0.583084 0.079006 0.808561 5.334499 0.035845 0.991789 -0.122759 68.485344 -0.811621 0.100562 0.575464 0.734823 0.000000 0.000000 0.000000 1.000000
0.604886 0.078128 0.792470 5.460605 0.037013 0.991341 -0.125985 68.330841 -0.795452 0.105538 0.596757 0.607126 0.000000 0.000000 0.000000 1.000000
0.632110 0.074278 0.771310 5.558382 0.037207 0.991337 -0.125959 68.227081 -0.773985 0.108318 0.623871 0.483194 0.000000 0.000000 0.000000 1.000000
0.662938 0.073602 0.745047 5.589376 0.030852 0.991625 -0.125414 68.146271 -0.748038 0.106128 0.655115 0.349708 0.000000 0.000000 0.000000 1.000000
0.698306 0.076819 0.711665 5.549521 0.018419 0.991967 -0.125148 68.101341 -0.715562 0.100500 0.691282 0.227426 0.000000 0.000000 0.000000 1.000000
0.738918 0.081063 0.668902 5.442306 0.003689 0.992235 -0.124322 68.076714 -0.673785 0.094331 0.732881 0.109292 0.000000 0.000000 0.000000 1.000000
0.781490 0.085976 0.617965 5.285690 -0.013848 0.992606 -0.120585 68.021164 -0.623763 0.085679 0.776903 0.000474 0.000000 0.000000 0.000000 1.000000
0.825212 0.088994 0.557768 5.127956 -0.030496 0.993089 -0.113333 67.893257 -0.564000 0.076515 0.822223 -0.134872 0.000000 0.000000 0.000000 1.000000
0.868927 0.088119 0.487032 4.943990 -0.044546 0.993953 -0.100361 67.736305 -0.492931 0.065511 0.867598 -0.272462 0.000000 0.000000 0.000000 1.000000
0.910242 0.086480 0.404946 4.690756 -0.058053 0.994941 -0.081987 67.622353 -0.409988 0.051119 0.910657 -0.407667 0.000000 0.000000 0.000000 1.000000
0.945812 0.084813 0.313443 4.373938 -0.068903 0.995725 -0.061515 67.593674 -0.317320 0.036584 0.947612 -0.550799 0.000000 0.000000 0.000000 1.000000
0.972752 0.084760 0.215800 3.983151 -0.077084 0.996064 -0.043755 67.623337 -0.218659 0.025928 0.975457 -0.699102 0.000000 0.000000 0.000000 1.000000
0.989527 0.087255 0.114991 3.513511 -0.084277 0.995975 -0.030513 67.695435 -0.117191 0.020502 0.992898 -0.882666 0.000000 0.000000 0.000000 1.000000
0.995721 0.091217 0.014805 2.987177 -0.090919 0.995663 -0.019706 67.766556 -0.016539 0.018275 0.999696 -1.051470 0.000000 0.000000 0.000000 1.000000
0.992462 0.092723 -0.080130 2.454778 -0.093901 0.995520 -0.011057 67.832443 0.078746 0.018498 0.996723 -1.160093 0.000000 0.000000 0.000000 1.000000
0.981466 0.091104 -0.168594 1.983475 -0.092658 0.995697 -0.001357 67.916275 0.167745 0.016954 0.985685 -1.161011 0.000000 0.000000 0.000000 1.000000
0.964249 0.086407 -0.250517 1.497989 -0.087036 0.996168 0.008589 67.952087 0.250299 0.013522 0.968074 -1.009551 0.000000 0.000000 0.000000 1.000000
0.941132 0.077500 -0.329034 0.959143 -0.076769 0.996932 0.015234 67.985085 0.329206 0.010922 0.944195 -0.770828 0.000000 0.000000 0.000000 1.000000
0.911242 0.065326 -0.406658 0.406806 -0.062918 0.997832 0.019307 68.089180 0.407037 0.007993 0.913377 -0.492418 0.000000 0.000000 0.000000 1.000000
0.875368 0.053508 -0.480487 -0.151913 -0.050304 0.998543 0.019554 68.173645 0.480833 0.007053 0.876784 -0.198453 0.000000 0.000000 0.000000 1.000000
0.838353 0.037973 -0.543804 -0.710328 -0.036717 0.999239 0.013171 68.240875 0.543890 0.008925 0.839109 0.092657 0.000000 0.000000 0.000000 1.000000
0.802665 0.016886 -0.596191 -1.269941 -0.020410 0.999791 0.000840 68.300987 0.596080 0.011494 0.802843 0.312434 0.000000 0.000000 0.000000 1.000000
0.764560 -0.001674 -0.644550 -1.832909 -0.005495 0.999943 -0.009114 68.300186 0.644529 0.010510 0.764508 0.527968 0.000000 0.000000 0.000000 1.000000
0.727695 -0.015831 -0.685718 -2.342918 0.007150 0.999854 -0.015496 68.211586 0.685864 0.006373 0.727702 0.774797 0.000000 0.000000 0.000000 1.000000
0.694808 -0.026137 -0.718720 -2.797536 0.014777 0.999647 -0.022068 68.134552 0.719043 0.004712 0.694949 1.066533 0.000000 0.000000 0.000000 1.000000
0.662787 -0.033900 -0.748040 -3.245645 0.015953 0.999387 -0.031156 68.049240 0.748638 0.008716 0.662922 1.356703 0.000000 0.000000 0.000000 1.000000
0.630840 -0.038887 -0.774938 -3.696163 0.012995 0.999133 -0.039559 67.964462 0.775805 0.014885 0.630798 1.595914 0.000000 0.000000 0.000000 1.000000
0.602099 -0.040941 -0.797371 -4.142435 0.007557 0.998932 -0.045584 67.859497 0.798386 0.021420 0.601765 1.790536 0.000000 0.000000 0.000000 1.000000
0.578953 -0.040747 -0.814342 -4.568450 0.000360 0.998763 -0.049719 67.712616 0.815361 0.028492 0.578252 1.956244 0.000000 0.000000 0.000000 1.000000
0.561446 -0.041388 -0.826478 -4.973823 -0.006308 0.998505 -0.054287 67.555740 0.827490 0.035692 0.560346 2.098423 0.000000 0.000000 0.000000 1.000000
0.548573 -0.042979 -0.834997 -5.351079 -0.010288 0.998255 -0.058141 67.422287 0.836039 0.040485 0.547174 2.231044 0.000000 0.000000 0.000000 1.000000
0.539793 -0.043386 -0.840679 -5.716268 -0.013732 0.998084 -0.060327 67.330215 0.841686 0.044109 0.538163 2.380695 0.000000 0.000000 0.000000 1.000000
0.535624 -0.043854 -0.843317 -6.066614 -0.016544 0.997914 -0.062401 67.283066 0.844294 0.047376 0.533782 2.531399 0.000000 0.000000 0.000000 1.000000
0.535816 -0.044230 -0.843176 -6.383865 -0.018879 0.997750 -0.064335 67.284042 0.844124 0.050391 0.533775 2.669556 0.000000 0.000000 0.000000 1.000000
0.539078 -0.043701 -0.841121 -6.652929 -0.022460 0.997552 -0.066223 67.287491 0.841956 0.054591 0.536777 2.776306 0.000000 0.000000 0.000000 1.000000
0.543725 -0.043030 -0.838159 -6.876182 -0.026909 0.997278 -0.068655 67.257980 0.838832 0.059883 0.541087 2.849692 0.000000 0.000000 0.000000 1.000000
0.548534 -0.042289 -0.835058 -7.059602 -0.031009 0.997004 -0.070860 67.220024 0.835553 0.064763 0.545580 2.906106 0.000000 0.000000 0.000000 1.000000
0.552547 -0.042012 -0.832422 -7.228046 -0.034060 0.996756 -0.072914 67.200851 0.832786 0.068640 0.549324 2.953504 0.000000 0.000000 0.000000 1.000000
0.556634 -0.043015 -0.829643 -7.377915 -0.035276 0.996534 -0.075335 67.199173 0.830008 0.071201 0.553187 2.995354 0.000000 0.000000 0.000000 1.000000
0.562466 -0.045701 -0.825557 -7.504551 -0.034508 0.996304 -0.078664 67.202789 0.826100 0.072734 0.558810 3.029515 0.000000 0.000000 0.000000 1.000000
0.570642 -0.048945 -0.819739 -7.609032 -0.033432 0.996010 -0.082743 67.195404 0.820518 0.074622 0.566729 3.051629 0.000000 0.000000 0.000000 1.000000
0.581683 -0.051295 -0.811797 -7.702015 -0.033461 0.995656 -0.086888 67.173431 0.812727 0.077705 0.577440 3.065058 0.000000 0.000000 0.000000 1.000000
0.596602 -0.053127 -0.800777 -7.764217 -0.033696 0.995268 -0.091135 67.126938 0.801830 0.081354 0.591989 3.064794 0.000000 0.000000 0.000000 1.000000
0.615325 -0.054392 -0.786395 -7.798867 -0.034136 0.994842 -0.095519 67.072601 0.787534 0.085620 0.610294 3.036376 0.000000 0.000000 0.000000 1.000000
0.636049 -0.054551 -0.769718 -7.787137 -0.035418 0.994383 -0.099741 66.985168 0.770835 0.090701 0.630544 2.981728 0.000000 0.000000 0.000000 1.000000
0.659212 -0.054203 -0.750001 -7.713181 -0.036250 0.993948 -0.103695 66.901337 0.751083 0.095544 0.653258 2.901620 0.000000 0.000000 0.000000 1.000000
0.685508 -0.052560 -0.726166 -7.565475 -0.036277 0.993686 -0.106169 66.871658 0.727161 0.099123 0.679273 2.800724 0.000000 0.000000 0.000000 1.000000
0.713790 -0.048528 -0.698677 -7.349408 -0.035534 0.993802 -0.105329 66.914215 0.699458 0.100010 0.707642 2.676375 0.000000 0.000000 0.000000 1.000000
0.743223 -0.043598 -0.667622 -7.083061 -0.031809 0.994443 -0.100351 67.001694 0.668287 0.095820 0.737706 2.514459 0.000000 0.000000 0.000000 1.000000
0.772073 -0.039304 -0.634317 -6.774153 -0.025616 0.995350 -0.092854 67.135643 0.635017 0.087939 0.767476 2.319966 0.000000 0.000000 0.000000 1.000000
0.799892 -0.035507 -0.599093 -6.461648 -0.018966 0.996254 -0.084369 67.317665 0.599845 0.078848 0.796222 2.111594 0.000000 0.000000 0.000000 1.000000
0.826004 -0.031969 -0.562757 -6.162552 -0.012232 0.997139 -0.074599 67.548347 0.563532 0.068502 0.823249 1.916095 0.000000 0.000000 0.000000 1.000000
0.850483 -0.028189 -0.525246 -5.853492 -0.006654 0.997906 -0.064330 67.843842 0.525960 0.058207 0.848515 1.732452 0.000000 0.000000 0.000000 1.000000
0.874212 -0.025769 -0.484861 -5.512360 -0.000287 0.998563 -0.053589 68.206116 0.485545 0.046987 0.872948 1.558766 0.000000 0.000000 0.000000 1.000000
0.895710 -0.024770 -0.443948 -5.182131 0.006492 0.999069 -0.042644 68.579956 0.444591 0.035315 0.895037 1.411364 0.000000 0.000000 0.000000 1.000000
0.914721 -0.023956 -0.403376 -4.935801 0.012008 0.999412 -0.032124 69.001839 0.403908 0.024541 0.914470 1.296076 0.000000 0.000000 0.000000 1.000000
0.931593 -0.022934 -0.362778 -4.747854 0.016168 0.999634 -0.021676 69.477303 0.363142 0.014328 0.931624 1.231123 0.000000 0.000000 0.000000 1.000000
0.947385 -0.021564 -0.319370 -4.569828 0.018626 0.999751 -0.012252 70.009468 0.319555 0.005659 0.947551 1.209521 0.000000 0.000000 0.000000 1.000000
0.962248 -0.020666 -0.271388 -4.381569 0.019632 0.999786 -0.006524 70.581879 0.271465 0.000949 0.962448 1.270251 0.000000 0.000000 0.000000 1.000000
0.974129 -0.019108 -0.225185 -4.183995 0.018576 0.999817 -0.004480 71.142677 0.225229 0.000181 0.974306 1.402157 0.000000 0.000000 0.000000 1.000000
0.982771 -0.018133 -0.183936 -3.935315 0.017968 0.999835 -0.002566 71.653992 0.183952 -0.000784 0.982935 1.578006 0.000000 0.000000 0.000000 1.000000
0.989148 -0.017361 -0.145895 -3.615808 0.017526 0.999846 -0.000157 72.125404 0.145876 -0.002402 0.989300 1.788183 0.000000 0.000000 0.000000 1.000000
0.993756 -0.016939 -0.110278 -3.230020 0.017302 0.999848 0.002332 72.559669 0.110222 -0.004226 0.993898 1.983374 0.000000 0.000000 0.000000 1.000000
0.996797 -0.015896 -0.078384 -2.809896 0.016462 0.999843 0.006582 72.914612 0.078267 -0.007852 0.996902 2.201431 0.000000 0.000000 0.000000 1.000000
0.998466 -0.014066 -0.053554 -2.361067 0.014744 0.999816 0.012284 73.209106 0.053372 -0.013055 0.998489 2.451153 0.000000 0.000000 0.000000 1.000000
0.999337 -0.011081 -0.034694 -1.879065 0.011711 0.999769 0.018011 73.430954 0.034486 -0.018405 0.999236 2.673136 0.000000 0.000000 0.000000 1.000000
0.999736 -0.007121 -0.021853 -1.381990 0.007634 0.999695 0.023478 73.584579 0.021679 -0.023639 0.999485 2.873444 0.000000 0.000000 0.000000 1.000000
0.999881 -0.002348 -0.015257 -0.887004 0.002773 0.999606 0.027924 73.648598 0.015186 -0.027963 0.999494 3.024780 0.000000 0.000000 0.000000 1.000000
0.999915 0.002485 -0.012837 -0.401901 -0.002072 0.999482 0.032117 73.585541 0.012910 -0.032088 0.999402 3.107372 0.000000 0.000000 0.000000 1.000000
0.999898 0.007809 -0.011987 0.054301 -0.007369 0.999313 0.036324 73.409882 0.012262 -0.036232 0.999268 3.107315 0.000000 0.000000 0.000000 1.000000
0.999824 0.014931 -0.011329 0.456988 -0.014466 0.999090 0.040132 73.173065 0.011918 -0.039962 0.999130 3.037076 0.000000 0.000000 0.000000 1.000000
0.999694 0.022906 -0.009364 0.791712 -0.022475 0.998788 0.043781 72.979492 0.010356 -0.043557 0.998997 2.944579 0.000000 0.000000 0.000000 1.000000
0.999549 0.029704 -0.004516 1.126325 -0.029447 0.998363 0.049040 72.878372 0.005965 -0.048885 0.998787 2.878466 0.000000 0.000000 0.000000 1.000000
0.999424 0.033926 0.000880 1.391817 -0.033926 0.998072 0.051969 72.973961 0.000885 -0.051969 0.998648 2.848050 0.000000 0.000000 0.000000 1.000000
0.999293 0.037267 0.005024 1.542887 -0.037482 0.997869 0.053409 73.245911 -0.003023 -0.053559 0.998560 2.843864 0.000000 0.000000 0.000000 1.000000
0.999147 0.040589 0.007544 1.598567 -0.040941 0.997672 0.054539 73.609520 -0.005312 -0.054802 0.998483 2.917956 0.000000 0.000000 0.000000 1.000000
0.999043 0.042511 0.010301 1.601428 -0.043013 0.997571 0.054788 73.945801 -0.007947 -0.055179 0.998445 3.021346 0.000000 0.000000 0.000000 1.000000
0.999012 0.042839 0.011861 1.566573 -0.043422 0.997584 0.054222 74.216827 -0.009509 -0.054684 0.998458 3.113684 0.000000 0.000000 0.000000 1.000000
0.999081 0.041889 0.009096 1.470203 -0.042323 0.997622 0.054397 74.353638 -0.006796 -0.054732 0.998478 3.195090 0.000000 0.000000 0.000000 1.000000
0.999192 0.040195 -0.000101 1.311186 -0.040128 0.997661 0.055335 74.371132 0.002325 -0.055286 0.998468 3.237378 0.000000 0.000000 0.000000 1.000000
0.999154 0.039283 -0.012170 1.118305 -0.038513 0.997568 0.058091 74.340324 0.014422 -0.057573 0.998237 3.242913 0.000000 0.000000 0.000000 1.000000
0.998979 0.039306 -0.022256 0.910674 -0.037843 0.997312 0.062736 74.310913 0.024662 -0.061830 0.997782 3.245342 0.000000 0.000000 0.000000 1.000000
0.998798 0.040151 -0.028119 0.704281 -0.038196 0.997027 0.066915 74.331421 0.030722 -0.065760 0.997362 3.262984 0.000000 0.000000 0.000000 1.000000
0.998737 0.040298 -0.029998 0.526067 -0.038186 0.996958 0.067944 74.391350 0.032645 -0.066712 0.997238 3.306553 0.000000 0.000000 0.000000 1.000000
0.998663 0.040438 -0.032198 0.369378 -0.038255 0.997103 0.065746 74.416580 0.034764 -0.064427 0.997317 3.358137 0.000000 0.000000 0.000000 1.000000
0.998591 0.040098 -0.034772 0.261199 -0.037842 0.997279 0.063268 74.433319 0.037214 -0.061863 0.997391 3.433990 0.000000 0.000000 0.000000 1.000000
0.998511 0.040060 -0.037036 0.194695 -0.037717 0.997367 0.061942 74.442566 0.039420 -0.060452 0.997392 3.525385 0.000000 0.000000 0.000000 1.000000
0.998425 0.039995 -0.039350 0.155705 -0.037511 0.997373 0.061969 74.418045 0.041725 -0.060395 0.997302 3.610750 0.000000 0.000000 0.000000 1.000000
0.998318 0.039619 -0.042328 0.149035 -0.036913 0.997336 0.062911 74.406654 0.044708 -0.061243 0.997121 3.695723 0.000000 0.000000 0.000000 1.000000
0.998183 0.038948 -0.045986 0.162453 -0.035966 0.997302 0.063995 74.397003 0.048354 -0.062225 0.996890 3.790179 0.000000 0.000000 0.000000 1.000000
0.998147 0.037198 -0.048155 0.198861 -0.034086 0.997374 0.063905 74.401047 0.050406 -0.062145 0.996793 3.882915 0.000000 0.000000 0.000000 1.000000
0.998195 0.035635 -0.048344 0.262867 -0.032571 0.997497 0.062761 74.400513 0.050459 -0.061073 0.996857 3.967722 0.000000 0.000000 0.000000 1.000000
0.998281 0.034270 -0.047555 0.344745 -0.031245 0.997526 0.062967 74.381866 0.049596 -0.061373 0.996882 4.036217 0.000000 0.000000 0.000000 1.000000
0.998368 0.033498 -0.046262 0.432664 -0.030438 0.997399 0.065341 74.355392 0.048330 -0.063826 0.996790 4.094112 0.000000 0.000000 0.000000 1.000000
0.998417 0.033306 -0.045322 0.518859 -0.030113 0.997134 0.069405 74.325836 0.047504 -0.067930 0.996559 4.137040 0.000000 0.000000 0.000000 1.000000
0.998454 0.032949 -0.044759 0.607484 -0.029544 0.996767 0.074723 74.303230 0.047076 -0.073285 0.996199 4.193904 0.000000 0.000000 0.000000 1.000000
0.998467 0.032568 -0.044748 0.703431 -0.028921 0.996387 0.079857 74.313553 0.047187 -0.078440 0.995801 4.254960 0.000000 0.000000 0.000000 1.000000
0.998431 0.032173 -0.045830 0.794100 -0.028284 0.996138 0.083118 74.347397 0.048327 -0.081691 0.995485 4.309587 0.000000 0.000000 0.000000 1.000000
0.998364 0.031239 -0.047899 0.879869 -0.027124 0.996075 0.084260 74.386131 0.050343 -0.082823 0.995292 4.348911 0.000000 0.000000 0.000000 1.000000
0.998286 0.030374 -0.050018 0.964374 -0.026121 0.996158 0.083586 74.388290 0.052364 -0.082136 0.995245 4.344539 0.000000 0.000000 0.000000 1.000000
0.998198 0.029759 -0.052105 1.040459 -0.025384 0.996251 0.082706 74.343254 0.054371 -0.081234 0.995211 4.308622 0.000000 0.000000 0.000000 1.000000
0.998138 0.029394 -0.053438 1.098951 -0.024906 0.996255 0.082794 74.284927 0.055672 -0.081309 0.995133 4.252501 0.000000 0.000000 0.000000 1.000000
0.998106 0.029181 -0.054159 1.122757 -0.024561 0.996156 0.084081 74.259552 0.056404 -0.082591 0.994986 4.219460 0.000000 0.000000 0.000000 1.000000
0.998161 0.029257 -0.053086 1.129332 -0.024676 0.996075 0.085001 74.291275 0.055365 -0.083535 0.994966 4.193175 0.000000 0.000000 0.000000 1.000000
0.998293 0.029712 -0.050282 1.120207 -0.025427 0.996158 0.083805 74.343559 0.052579 -0.082384 0.995213 4.157036 0.000000 0.000000 0.000000 1.000000
0.998466 0.030171 -0.046432 1.107702 -0.026308 0.996312 0.081674 74.360580 0.048725 -0.080328 0.995577 4.116714 0.000000 0.000000 0.000000 1.000000
0.998606 0.030964 -0.042743 1.085419 -0.027453 0.996383 0.080425 74.336288 0.045079 -0.079140 0.995844 4.052474 0.000000 0.000000 0.000000 1.000000
0.998684 0.031788 -0.040246 1.061478 -0.028445 0.996301 0.081088 74.270248 0.042675 -0.079837 0.995894 3.977550 0.000000 0.000000 0.000000 1.000000
0.998718 0.032239 -0.039018 1.025098 -0.028865 0.996037 0.084128 74.200302 0.041576 -0.082894 0.995691 3.912973 0.000000 0.000000 0.000000 1.000000
0.998745 0.031937 -0.038589 0.975124 -0.028397 0.995624 0.089028 74.189796 0.041263 -0.087820 0.995281 3.873282 0.000000 0.000000 0.000000 1.000000
0.998794 0.032160 -0.037087 0.920902 -0.028569 0.995199 0.093606 74.229736 0.039920 -0.092434 0.994918 3.859798 0.000000 0.000000 0.000000 1.000000
0.998895 0.031588 -0.034796 0.861245 -0.028100 0.994932 0.096543 74.294800 0.037669 -0.095459 0.994720 3.860168 0.000000 0.000000 0.000000 1.000000
0.998990 0.029711 -0.033712 0.802370 -0.026247 0.994750 0.098909 74.325439 0.036474 -0.097924 0.994525 3.859527 0.000000 0.000000 0.000000 1.000000
0.999053 0.028161 -0.033166 0.743850 -0.024654 0.994503 0.101766 74.292297 0.035849 -0.100852 0.994255 3.852567 0.000000 0.000000 0.000000 1.000000
0.999141 0.027648 -0.030874 0.695533 -0.024275 0.994204 0.104735 74.241486 0.033591 -0.103895 0.994021 3.812828 0.000000 0.000000 0.000000 1.000000
0.999141 0.027816 -0.030702 0.645947 -0.024336 0.993808 0.108412 74.206963 0.033527 -0.107572 0.993632 3.789725 0.000000 0.000000 0.000000 1.000000
0.999178 0.026540 -0.030651 0.581817 -0.023020 0.993667 0.109981 74.216537 0.033376 -0.109185 0.993461 3.747115 0.000000 0.000000 0.000000 1.000000
0.999192 0.025557 -0.031017 0.539765 -0.022072 0.993916 0.107906 74.248505 0.033586 -0.107135 0.993677 3.712517 0.000000 0.000000 0.000000 1.000000
0.999207 0.024903 -0.031079 0.520017 -0.021536 0.994310 0.104327 74.281357 0.033500 -0.103575 0.994057 3.694738 0.000000 0.000000 0.000000 1.000000
0.999197 0.024946 -0.031363 0.510837 -0.021674 0.994684 0.100665 74.301125 0.033707 -0.099904 0.994426 3.699103 0.000000 0.000000 0.000000 1.000000
0.999190 0.024758 -0.031727 0.509055 -0.021568 0.995031 0.097205 74.300323 0.033976 -0.096442 0.994759 3.700196 0.000000 0.000000 0.000000 1.000000
0.999136 0.025046 -0.033159 0.496963 -0.021823 0.995312 0.094222 74.293243 0.035364 -0.093417 0.994999 3.706808 0.000000 0.000000 0.000000 1.000000
0.999065 0.025155 -0.035157 0.494040 -0.021828 0.995520 0.091997 74.308945 0.037314 -0.091144 0.995138 3.725814 0.000000 0.000000 0.000000 1.000000
0.999074 0.024298 -0.035513 0.512501 -0.021014 0.995712 0.090087 74.330765 0.037549 -0.089257 0.995301 3.718101 0.000000 0.000000 0.000000 1.000000
0.999019 0.024867 -0.036635 0.520021 -0.021535 0.995826 0.088695 74.346794 0.038688 -0.087819 0.995385 3.733129 0.000000 0.000000 0.000000 1.000000
0.998988 0.024823 -0.037512 0.537233 -0.021432 0.995869 0.088236 74.361053 0.039547 -0.087342 0.995393 3.743450 0.000000 0.000000 0.000000 1.000000
0.998945 0.025128 -0.038437 0.550297 -0.021670 0.995896 0.087873 74.360466 0.040488 -0.086947 0.995390 3.750077 0.000000 0.000000 0.000000 1.000000
0.998882 0.026058 -0.039446 0.557921 -0.022514 0.995885 0.087780 74.359253 0.041571 -0.086794 0.995359 3.763227 0.000000 0.000000 0.000000 1.000000
0.998868 0.026138 -0.039734 0.574720 -0.022535 0.995816 0.088563 74.359146 0.041882 -0.087568 0.995278 3.765611 0.000000 0.000000 0.000000 1.000000
0.998840 0.026348 -0.040315 0.587685 -0.022618 0.995654 0.090342 74.359985 0.042520 -0.089325 0.995094 3.778784 0.000000 0.000000 0.000000 1.000000
0.998838 0.025977 -0.040589 0.602215 -0.022109 0.995421 0.092993 74.359993 0.042819 -0.091988 0.994839 3.795481 0.000000 0.000000 0.000000 1.000000
0.998842 0.025717 -0.040665 0.612479 -0.021736 0.995194 0.095484 74.351501 0.042925 -0.094489 0.994600 3.810299 0.000000 0.000000 0.000000 1.000000
0.998845 0.025929 -0.040444 0.619560 -0.021899 0.995036 0.097081 74.342834 0.042760 -0.096083 0.994454 3.819244 0.000000 0.000000 0.000000 1.000000
0.998858 0.025482 -0.040409 0.625066 -0.021396 0.994906 0.098512 74.335091 0.042713 -0.097534 0.994315 3.830692 0.000000 0.000000 0.000000 1.000000
0.998865 0.024899 -0.040600 0.625429 -0.020767 0.994850 0.099208 74.333694 0.042861 -0.098252 0.994238 3.843460 0.000000 0.000000 0.000000 1.000000
0.998868 0.024521 -0.040762 0.624495 -0.020379 0.994869 0.099099 74.335777 0.042983 -0.098157 0.994242 3.860712 0.000000 0.000000 0.000000 1.000000
0.998895 0.024024 -0.040384 0.617843 -0.019965 0.994981 0.098050 74.335747 0.042537 -0.097135 0.994362 3.871180 0.000000 0.000000 0.000000 1.000000
0.998903 0.024292 -0.040024 0.598055 -0.020337 0.995133 0.096422 74.335968 0.042172 -0.095502 0.994536 3.890847 0.000000 0.000000 0.000000 1.000000
0.998945 0.024137 -0.039067 0.578254 -0.020348 0.995304 0.094635 74.341309 0.041168 -0.093741 0.994745 3.906049 0.000000 0.000000 0.000000 1.000000
0.998984 0.023923 -0.038194 0.558347 -0.020284 0.995461 0.092979 74.340240 0.040245 -0.092109 0.994935 3.919861 0.000000 0.000000 0.000000 1.000000
0.998991 0.024271 -0.037791 0.529065 -0.020729 0.995594 0.091448 74.342529 0.039844 -0.090573 0.995092 3.946663 0.000000 0.000000 0.000000 1.000000
0.998974 0.024642 -0.038004 0.507951 -0.021136 0.995715 0.090025 74.341080 0.040059 -0.089129 0.995214 3.966944 0.000000 0.000000 0.000000 1.000000
0.998969 0.024780 -0.038040 0.485359 -0.021335 0.995853 0.088444 74.336899 0.040074 -0.087541 0.995355 3.977193 0.000000 0.000000 0.000000 1.000000
0.998940 0.025083 -0.038602 0.467327 -0.021659 0.995999 0.086700 74.339462 0.040622 -0.085772 0.995486 3.986583 0.000000 0.000000 0.000000 1.000000
0.998909 0.025295 -0.039248 0.449859 -0.021904 0.996180 0.084530 74.336212 0.041237 -0.083578 0.995648 3.984551 0.000000 0.000000 0.000000 1.000000
0.998877 0.025306 -0.040059 0.438077 -0.021945 0.996372 0.082233 74.341110 0.041995 -0.081261 0.995808 3.982424 0.000000 0.000000 0.000000 1.000000
0.998836 0.025195 -0.041137 0.429236 -0.021848 0.996565 0.079876 74.342606 0.043008 -0.078884 0.995956 3.977896 0.000000 0.000000 0.000000 1.000000
0.998766 0.025601 -0.042561 0.414928 -0.022270 0.996784 0.076976 74.337006 0.044395 -0.075934 0.996124 3.962806 0.000000 0.000000 0.000000 1.000000
0.998698 0.025755 -0.044041 0.406958 -0.022426 0.996971 0.074468 74.342453 0.045825 -0.073384 0.996250 3.943590 0.000000 0.000000 0.000000 1.000000
0.998637 0.025612 -0.045486 0.402858 -0.022285 0.997141 0.072205 74.341690 0.047205 -0.071093 0.996352 3.911371 0.000000 0.000000 0.000000 1.000000
0.998520 0.026261 -0.047632 0.390397 -0.022887 0.997281 0.070045 74.341339 0.049342 -0.068851 0.996406 3.887994 0.000000 0.000000 0.000000 1.000000
0.998426 0.026533 -0.049415 0.387447 -0.023128 0.997400 0.068249 74.345558 0.051098 -0.066998 0.996444 3.854954 0.000000 0.000000 0.000000 1.000000
0.998376 0.026528 -0.050420 0.383514 -0.023142 0.997512 0.066583 74.343254 0.052061 -0.065308 0.996506 3.813865 0.000000 0.000000 0.000000 1.000000
0.998343 0.026615 -0.051012 0.380666 -0.023273 0.997613 0.065015 74.336899 0.052621 -0.063720 0.996580 3.771826 0.000000 0.000000 0.000000 1.000000
0.998305 0.026796 -0.051658 0.377985 -0.023497 0.997708 0.063453 74.338196 0.053240 -0.062131 0.996647 3.733223 0.000000 0.000000 0.000000 1.000000
0.998269 0.026934 -0.052282 0.373731 -0.023680 0.997802 0.061891 74.348724 0.053834 -0.060546 0.996713 3.697333 0.000000 0.000000 0.000000 1.000000
0.998244 0.026863 -0.052803 0.381085 -0.023637 0.997871 0.060784 74.352631 0.054324 -0.059429 0.996753 3.659808 0.000000 0.000000 0.000000 1.000000
0.998232 0.026828 -0.053048 0.386293 -0.023639 0.997927 0.059856 74.350632 0.054544 -0.058496 0.996796 3.626948 0.000000 0.000000 0.000000 1.000000
