<?xml version="1.0" encoding="utf-8"?>
<COLLADA xmlns="http://www.collada.org/2005/11/COLLADASchema" version="1.4.1">
  <asset>
    <contributor>
      <author>Mixamo</author>
      <authoring_tool>COLLADA Mixamo exporter</authoring_tool>
      <comments/>
    </contributor>
    <created>2025-01-11T14:42:50Z</created>
    <modified>2025-01-11T14:42:50Z</modified>
    <revision/>
    <title/>
    <unit meter="0.010000"/>
    <up_axis>Y_UP</up_axis>
  </asset>
  <library_animations>
    <animation id="mixamorig_Hips-anim" name="mixamorig_Hips">
      <source id="mixamorig_Hips-Matrix-animation-input">
        <float_array id="mixamorig_Hips-Matrix-animation-input-array" count="16">

0.000000 0.033333 0.066667 0.100000 0.133333 0.166667 0.200000 0.233333 0.266667 0.300000 0.333333 0.366667 0.400000 0.433333 0.466667 0.500000</float_array>
        <technique_common>
          <accessor source="#mixamorig_Hips-Matrix-animation-input-array" count="16">
            <param name="TIME" type="float"/>
          </accessor>
        </technique_common>
      </source>
      <source id="mixamorig_Hips-Matrix-animation-output-transform">
        <float_array id="mixamorig_Hips-Matrix-animation-output-transform-array" count="256">

0.788371 -0.031388 0.614399 -2.777247 0.102202 0.991502 -0.080489 72.492294 -0.606652 0.126249 0.784879 0.799950 0.000000 0.000000 0.000000 1.000000
0.772753 -0.029986 0.633999 -3.510834 0.126367 0.986154 -0.107382 72.636086 -0.622001 0.163096 0.765843 1.434881 0.000000 0.000000 0.000000 1.000000
0.778439 -0.036446 0.626661 -4.035873 0.136821 0.984161 -0.112723 72.817871 -0.612628 0.173488 0.771096 1.949189 0.000000 0.000000 0.000000 1.000000
0.798694 -0.040210 0.600392 -4.399663 0.132420 0.985050 -0.110185 72.716141 -0.586986 0.167507 0.792079 2.387708 0.000000 0.000000 0.000000 1.000000
0.821407 -0.039788 0.568954 -4.427098 0.113305 0.989064 -0.094414 71.602348 -0.558975 0.142018 0.816932 2.648144 0.000000 0.000000 0.000000 1.000000
0.840351 -0.041759 0.540432 -4.128215 0.083401 0.995117 -0.052792 69.310471 -0.535588 0.089436 0.839730 2.683861 0.000000 0.000000 0.000000 1.000000
0.848198 -0.040587 0.528121 -3.420749 0.046052 0.998935 0.002806 66.324432 -0.527673 0.021941 0.849164 2.415829 0.000000 0.000000 0.000000 1.000000
0.843777 -0.022494 0.536222 -2.435397 0.006241 0.999465 0.032107 63.675285 -0.536658 -0.023744 0.843466 1.736565 0.000000 0.000000 0.000000 1.000000
0.844307 -0.009634 0.535774 -1.671284 -0.007851 0.999509 0.030345 62.488419 -0.535803 -0.029827 0.843816 1.049357 0.000000 0.000000 0.000000 1.000000
0.860186 -0.014198 0.509784 -1.422039 0.000739 0.999646 0.026595 63.001724 -0.509981 -0.022500 0.859892 0.737605 0.000000 0.000000 0.000000 1.000000
0.881899 -0.009582 0.471342 -1.313824 -0.003931 0.999609 0.027675 65.039581 -0.471423 -0.026259 0.881516 0.265798 0.000000 0.000000 0.000000 1.000000
0.894842 -0.000853 0.446381 -1.174794 -0.012714 0.999544 0.027398 68.472343 -0.446201 -0.030192 0.894423 -0.887582 0.000000 0.000000 0.000000 1.000000
0.885148 -0.001033 0.465308 -1.383452 -0.005832 0.999894 0.013315 71.179482 -0.465273 -0.014499 0.885049 -1.493640 0.000000 0.000000 0.000000 1.000000
0.851476 -0.014507 0.524192 -1.685276 0.024932 0.999607 -0.012835 72.540024 -0.523800 0.023998 0.851503 -1.188161 0.000000 0.000000 0.000000 1.000000
0.812119 -0.031757 0.582626 -2.183903 0.070461 0.996548 -0.043897 72.646446 -0.579221 0.076702 0.811554 -0.157829 0.000000 0.000000 0.000000 1.000000
0.787967 -0.032722 0.614847 -2.783720 0.103001 0.991520 -0.079234 72.491959 -0.607041 0.125763 0.784656 0.807908 0.000000 0.000000 0.000000 1.000000</float_array>
        <technique_common>
          <accessor source="#mixamorig_Hips-Matrix-animation-output-transform-array" count="16" stride="16">
            <param type="float4x4"/>
          </accessor>
        </technique_common>
      </source>
      <source id="mixamorig_Hips-Interpolations">
        <Name_array id="mixamorig_Hips-Interpolations-array" count="16">
 LINEAR LINEAR LINEAR LINEAR LINEAR LINEAR LINEAR LINEAR LINEAR LINEAR LINEAR
LINEAR LINEAR LINEAR LINEAR LINEAR</Name_array>
        <technique_common>
          <accessor source="#mixamorig_Hips-Interpolations-array" count="16">
            <param type="name"/>
          </accessor>
        </technique_common>
      </source>
      <sampler id="mixamorig_Hips-Matrix-animation-transform">
        <input semantic="INPUT" source="#mixamorig_Hips-Matrix-animation-input"/>
        <input semantic="OUTPUT" source="#mixamorig_Hips-Matrix-animation-output-transform"/>
        <input semantic="INTERPOLATION" source="#mixamorig_Hips-Interpolations"/>
      </sampler>
      <channel source="#mixamorig_Hips-Matrix-animation-transform" target="mixamorig_Hips/matrix"/>
    </animation>
    <animation id="mixamorig_Spine-anim" name="mixamorig_Spine">
      <source id="mixamorig_Spine-Matrix-animation-input">
        <float_array id="mixamorig_Spine-Matrix-animation-input-array" count="16">

0.000000 0.033333 0.066667 0.100000 0.133333 0.166667 0.200000 0.233333 0.266667 0.300000 0.333333 0.366667 0.400000 0.433333 0.466667 0.500000</float_array>
        <technique_common>
          <accessor source="#mixamorig_Spine-Matrix-animation-input-array" count="16">
            <param name="TIME" type="float"/>
          </accessor>
        </technique_common>
      </source>
      <source id="mixamorig_Spine-Matrix-animation-output-transform">
        <float_array id="mixamorig_Spine-Matrix-animation-output-transform-array" count="256">

0.998841 -0.016202 -0.045320 -0.000000 0.012368 0.996418 -0.083652 14.685700 0.046513 0.082994 0.995464 -1.734700 0.000000 0.000000 0.000000 1.000000
0.997968 -0.055006 -0.032170 0.000000 0.051942 0.994643 -0.089372 14.685700 0.036914 0.087520 0.995479 -1.734700 0.000000 0.000000 0.000000 1.000000
0.998283 -0.050232 -0.030134 0.000000 0.047037 0.994002 -0.098729 14.685700 0.034912 0.097142 0.994658 -1.734700 0.000000 0.000000 0.000000 1.000000
0.998456 -0.030623 -0.046339 0.000000 0.026009 0.994936 -0.097085 14.685700 0.049077 0.095730 0.994197 -1.734700 0.000000 0.000000 0.000000 1.000000
0.996860 -0.020643 -0.076447 -0.000000 0.013807 0.995946 -0.088890 14.685700 0.077972 0.087555 0.993103 -1.734700 0.000000 0.000000 0.000000 1.000000
0.994323 -0.024691 -0.103497 -0.000000 0.014162 0.994759 -0.101262 14.685700 0.105455 0.099222 0.989462 -1.734700 0.000000 0.000000 0.000000 1.000000
0.990215 -0.044357 -0.132312 0.000000 0.027543 0.991610 -0.126298 14.685700 0.136804 0.121418 0.983129 -1.734700 0.000000 0.000000 0.000000 1.000000
0.985067 -0.060957 -0.161018 0.000000 0.040368 0.990929 -0.128177 14.685700 0.167370 0.119763 0.978593 -1.734700 0.000000 0.000000 0.000000 1.000000
0.985223 -0.016047 -0.170521 0.000000 -0.001276 0.994886 -0.100997 14.685700 0.171270 0.099722 0.980164 -1.734700 0.000000 0.000000 0.000000 1.000000
0.986320 0.070020 -0.149232 0.000000 -0.081198 0.994225 -0.070170 14.685700 0.143457 0.081327 0.986309 -1.734700 0.000000 0.000000 0.000000 1.000000
0.988972 0.101092 -0.108238 -0.000000 -0.107265 0.992827 -0.052802 14.685700 0.102124 0.063830 0.992722 -1.734700 0.000000 0.000000 0.000000 1.000000
0.994874 0.065689 -0.076879 0.000000 -0.072644 0.993154 -0.091475 14.685700 0.070344 0.096591 0.992835 -1.734700 0.000000 0.000000 0.000000 1.000000
0.997205 0.035348 -0.065821 0.000000 -0.042685 0.992605 -0.113634 14.685700 0.061318 0.116126 0.991340 -1.734700 0.000000 0.000000 0.000000 1.000000
0.997239 0.021663 -0.071026 0.000000 -0.029111 0.993986 -0.105564 14.685700 0.068312 0.107340 0.991873 -1.734700 0.000000 0.000000 0.000000 1.000000
0.997714 0.019523 -0.064700 0.000000 -0.025202 0.995789 -0.088144 14.685700 0.062707 0.089573 0.994004 -1.734700 0.000000 0.000000 0.000000 1.000000
0.998775 -0.017076 -0.046450 -0.000000 0.013052 0.996243 -0.085614 14.685700 0.047738 0.084902 0.995245 -1.734700 0.000000 0.000000 0.000000 1.000000</float_array>
        <technique_common>
          <accessor source="#mixamorig_Spine-Matrix-animation-output-transform-array" count="16" stride="16">
            <param type="float4x4"/>
          </accessor>
        </technique_common>
      </source>
      <source id="mixamorig_Spine-Interpolations">
        <Name_array id="mixamorig_Spine-Interpolations-array" count="16">
 LINEAR LINEAR LINEAR LINEAR LINEAR LINEAR LINEAR LINEAR LINEAR LINEAR LINEAR
LINEAR LINEAR LINEAR LINEAR LINEAR</Name_array>
        <technique_common>
          <accessor source="#mixamorig_Spine-Interpolations-array" count="16">
            <param type="name"/>
          </accessor>
        </technique_common>
      </source>
      <sampler id="mixamorig_Spine-Matrix-animation-transform">
        <input semantic="INPUT" source="#mixamorig_Spine-Matrix-animation-input"/>
        <input semantic="OUTPUT" source="#mixamorig_Spine-Matrix-animation-output-transform"/>
        <input semantic="INTERPOLATION" source="#mixamorig_Spine-Interpolations"/>
      </sampler>
      <channel source="#mixamorig_Spine-Matrix-animation-transform" target="mixamorig_Spine/matrix"/>
    </animation>
    <animation id="mixamorig_Spine1-anim" name="mixamorig_Spine1">
      <source id="mixamorig_Spine1-Matrix-animation-input">
        <float_array id="mixamorig_Spine1-Matrix-animation-input-array" count="16">

0.000000 0.033333 0.066667 0.100000 0.133333 0.166667 0.200000 0.233333 0.266667 0.300000 0.333333 0.366667 0.400000 0.433333 0.466667 0.500000</float_array>
        <technique_common>
          <accessor source="#mixamorig_Spine1-Matrix-animation-input-array" count="16">
            <param name="TIME" type="float"/>
          </accessor>
        </technique_common>
      </source>
      <source id="mixamorig_Spine1-Matrix-animation-output-transform">
        <float_array id="mixamorig_Spine1-Matrix-animation-output-transform-array" count="256">

0.999590 0.028565 -0.002168 0.000000 -0.028603 0.999390 -0.020032 17.252399 0.001595 0.020086 0.999797 0.000000 0.000000 0.000000 0.000000 1.000000
0.999396 0.034746 0.000647 0.000000 -0.034720 0.999105 -0.024152 17.252399 -0.001485 0.024115 0.999708 0.000000 0.000000 0.000000 0.000000 1.000000
0.999592 0.028549 -0.000112 -0.000000 -0.028542 0.999252 -0.026106 17.252399 -0.000633 0.026099 0.999659 0.000000 0.000000 0.000000 0.000000 1.000000
0.999720 0.023430 -0.003224 -0.000000 -0.023505 0.999400 -0.025430 17.252399 0.002626 0.025499 0.999671 -0.000000 0.000000 0.000000 0.000000 1.000000
0.999695 0.023582 -0.007384 0.000000 -0.023750 0.999441 -0.023524 17.252399 0.006825 0.023692 0.999696 0.000000 0.000000 0.000000 0.000000 1.000000
0.999594 0.026472 -0.010531 0.000000 -0.026616 0.999550 -0.013830 17.252399 0.010160 0.014105 0.999849 0.000000 0.000000 0.000000 0.000000 1.000000
0.999427 0.031021 -0.013565 -0.000000 -0.031047 0.999516 -0.001697 17.252399 0.013506 0.002117 0.999907 0.000000 0.000000 0.000000 0.000000 1.000000
0.999428 0.028748 -0.017827 -0.000000 -0.028726 0.999586 0.001457 17.252399 0.017862 -0.000944 0.999840 0.000000 0.000000 0.000000 0.000000 1.000000
0.999709 0.009044 -0.022378 0.000000 -0.009285 0.999900 -0.010705 17.252399 0.022279 0.010910 0.999692 0.000000 0.000000 0.000000 0.000000 1.000000
0.999597 -0.015562 -0.023756 0.000000 0.014776 0.999349 -0.032910 17.252399 0.024253 0.032546 0.999176 0.000000 0.000000 0.000000 0.000000 1.000000
0.999533 -0.023316 -0.019730 0.000000 0.022282 0.998444 -0.051128 17.252399 0.020891 0.050664 0.998497 -0.000000 0.000000 0.000000 0.000000 1.000000
0.999835 -0.012181 -0.013511 0.000000 0.011654 0.999195 -0.038394 17.252399 0.013968 0.038231 0.999171 0.000000 0.000000 0.000000 0.000000 1.000000
0.999952 0.003124 -0.009303 0.000000 -0.003338 0.999727 -0.023105 17.252399 0.009228 0.023135 0.999690 0.000000 0.000000 0.000000 0.000000 1.000000
0.999854 0.015116 -0.007921 -0.000000 -0.015249 0.999738 -0.017091 17.252399 0.007660 0.017209 0.999823 0.000000 0.000000 0.000000 0.000000 1.000000
0.999790 0.019465 -0.006374 -0.000000 -0.019581 0.999635 -0.018597 17.252399 0.006010 0.018718 0.999807 0.000000 0.000000 0.000000 0.000000 1.000000
0.999594 0.028390 -0.002360 0.000000 -0.028432 0.999384 -0.020579 17.252399 0.001774 0.020638 0.999785 0.000000 0.000000 0.000000 0.000000 1.000000</float_array>
        <technique_common>
          <accessor source="#mixamorig_Spine1-Matrix-animation-output-transform-array" count="16" stride="16">
            <param type="float4x4"/>
          </accessor>
        </technique_common>
      </source>
      <source id="mixamorig_Spine1-Interpolations">
        <Name_array id="mixamorig_Spine1-Interpolations-array" count="16">
 LINEAR LINEAR LINEAR LINEAR LINEAR LINEAR LINEAR LINEAR LINEAR LINEAR LINEAR
LINEAR LINEAR LINEAR LINEAR LINEAR</Name_array>
        <technique_common>
          <accessor source="#mixamorig_Spine1-Interpolations-array" count="16">
            <param type="name"/>
          </accessor>
        </technique_common>
      </source>
      <sampler id="mixamorig_Spine1-Matrix-animation-transform">
        <input semantic="INPUT" source="#mixamorig_Spine1-Matrix-animation-input"/>
        <input semantic="OUTPUT" source="#mixamorig_Spine1-Matrix-animation-output-transform"/>
        <input semantic="INTERPOLATION" source="#mixamorig_Spine1-Interpolations"/>
      </sampler>
      <channel source="#mixamorig_Spine1-Matrix-animation-transform" target="mixamorig_Spine1/matrix"/>
    </animation>
    <animation id="mixamorig_Spine2-anim" name="mixamorig_Spine2">
      <source id="mixamorig_Spine2-Matrix-animation-input">
        <float_array id="mixamorig_Spine2-Matrix-animation-input-array" count="16">

0.000000 0.033333 0.066667 0.100000 0.133333 0.166667 0.200000 0.233333 0.266667 0.300000 0.333333 0.366667 0.400000 0.433333 0.466667 0.500000</float_array>
        <technique_common>
          <accessor source="#mixamorig_Spine2-Matrix-animation-input-array" count="16">
            <param name="TIME" type="float"/>
          </accessor>
        </technique_common>
      </source>
      <source id="mixamorig_Spine2-Matrix-animation-output-transform">
        <float_array id="mixamorig_Spine2-Matrix-animation-output-transform-array" count="256">

0.999587 0.028584 -0.002786 -0.000000 -0.028634 0.999392 -0.019900 19.717100 0.002216 0.019971 0.999798 0.000000 0.000000 0.000000 0.000000 1.000000
0.999394 0.034816 -0.000241 0.000000 -0.034812 0.999105 -0.024031 19.717100 -0.000596 0.024024 0.999711 0.000000 0.000000 0.000000 0.000000 1.000000
0.999590 0.028612 -0.000876 0.000000 -0.028625 0.999252 -0.026010 19.717100 0.000131 0.026025 0.999661 0.000000 0.000000 0.000000 0.000000 1.000000
0.999717 0.023463 -0.003805 0.000000 -0.023552 0.999402 -0.025312 19.717100 0.003209 0.025394 0.999672 0.000000 0.000000 0.000000 0.000000 1.000000
0.999690 0.023588 -0.007921 0.000000 -0.023767 0.999445 -0.023330 19.717100 0.007366 0.023511 0.999696 0.000000 0.000000 0.000000 0.000000 1.000000
0.999591 0.026342 -0.011147 -0.000000 -0.026492 0.999558 -0.013522 19.717100 0.010786 0.013812 0.999846 0.000000 0.000000 0.000000 0.000000 1.000000
0.999428 0.030632 -0.014347 -0.000000 -0.030653 0.999529 -0.001216 19.717100 0.014303 0.001655 0.999896 0.000000 0.000000 0.000000 0.000000 1.000000
0.999431 0.028194 -0.018539 -0.000000 -0.028162 0.999601 0.002004 19.717100 0.018588 -0.001481 0.999826 0.000000 0.000000 0.000000 0.000000 1.000000
0.999709 0.008668 -0.022518 0.000000 -0.008909 0.999904 -0.010594 19.717100 0.022424 0.010791 0.999690 0.000000 0.000000 0.000000 0.000000 1.000000
0.999612 -0.015556 -0.023092 0.000000 0.014781 0.999333 -0.033385 19.717100 0.023596 0.033031 0.999176 0.000000 0.000000 0.000000 0.000000 1.000000
0.999559 -0.023070 -0.018721 -0.000000 0.022076 0.998422 -0.051641 19.717100 0.019883 0.051205 0.998490 0.000000 0.000000 0.000000 0.000000 1.000000
0.999844 -0.012166 -0.012802 0.000000 0.011664 0.999187 -0.038600 19.717100 0.013261 0.038445 0.999173 0.000000 0.000000 0.000000 0.000000 1.000000
0.999954 0.003035 -0.009126 0.000000 -0.003246 0.999728 -0.023112 19.717100 0.009053 0.023141 0.999691 0.000000 0.000000 0.000000 0.000000 1.000000
0.999854 0.015023 -0.008120 0.000000 -0.015159 0.999741 -0.017003 19.717100 0.007863 0.017123 0.999822 0.000000 0.000000 0.000000 0.000000 1.000000
0.999789 0.019418 -0.006673 0.000000 -0.019539 0.999638 -0.018493 19.717100 0.006311 0.018619 0.999807 0.000000 0.000000 0.000000 0.000000 1.000000
0.999592 0.028406 -0.002974 -0.000000 -0.028461 0.999385 -0.020460 19.717100 0.002391 0.020536 0.999786 0.000000 0.000000 0.000000 0.000000 1.000000</float_array>
        <technique_common>
          <accessor source="#mixamorig_Spine2-Matrix-animation-output-transform-array" count="16" stride="16">
            <param type="float4x4"/>
          </accessor>
        </technique_common>
      </source>
      <source id="mixamorig_Spine2-Interpolations">
        <Name_array id="mixamorig_Spine2-Interpolations-array" count="16">
 LINEAR LINEAR LINEAR LINEAR LINEAR LINEAR LINEAR LINEAR LINEAR LINEAR LINEAR
LINEAR LINEAR LINEAR LINEAR LINEAR</Name_array>
        <technique_common>
          <accessor source="#mixamorig_Spine2-Interpolations-array" count="16">
            <param type="name"/>
          </accessor>
        </technique_common>
      </source>
      <sampler id="mixamorig_Spine2-Matrix-animation-transform">
        <input semantic="INPUT" source="#mixamorig_Spine2-Matrix-animation-input"/>
        <input semantic="OUTPUT" source="#mixamorig_Spine2-Matrix-animation-output-transform"/>
        <input semantic="INTERPOLATION" source="#mixamorig_Spine2-Interpolations"/>
      </sampler>
      <channel source="#mixamorig_Spine2-Matrix-animation-transform" target="mixamorig_Spine2/matrix"/>
    </animation>
    <animation id="mixamorig_Neck-anim" name="mixamorig_Neck">
      <source id="mixamorig_Neck-Matrix-animation-input">
        <float_array id="mixamorig_Neck-Matrix-animation-input-array" count="16">

0.000000 0.033333 0.066667 0.100000 0.133333 0.166667 0.200000 0.233333 0.266667 0.300000 0.333333 0.366667 0.400000 0.433333 0.466667 0.500000</float_array>
        <technique_common>
          <accessor source="#mixamorig_Neck-Matrix-animation-input-array" count="16">
            <param name="TIME" type="float"/>
          </accessor>
        </technique_common>
      </source>
      <source id="mixamorig_Neck-Matrix-animation-output-transform">
        <float_array id="mixamorig_Neck-Matrix-animation-output-transform-array" count="256">

0.988152 -0.149130 -0.036267 -0.000000 0.136072 0.960582 -0.242416 22.181700 0.070989 0.234609 0.969494 0.000000 0.000000 0.000000 0.000000 1.000000
0.989323 -0.140915 -0.037183 0.000000 0.128972 0.965343 -0.226891 22.181700 0.067866 0.219673 0.973210 -0.000000 0.000000 0.000000 0.000000 1.000000
0.987787 -0.151425 -0.036699 0.000000 0.138690 0.961857 -0.235787 22.181700 0.071003 0.227817 0.971112 0.000000 0.000000 0.000000 0.000000 1.000000
0.986646 -0.159508 -0.032972 0.000000 0.146379 0.957116 -0.250005 22.181700 0.071436 0.241840 0.967683 -0.000000 0.000000 0.000000 0.000000 1.000000
0.986731 -0.160049 -0.027329 -0.000000 0.147456 0.953793 -0.261792 22.181700 0.067965 0.254289 0.964737 0.000000 0.000000 0.000000 0.000000 1.000000
0.987731 -0.154605 -0.022032 -0.000000 0.142889 0.951637 -0.271975 22.181700 0.063015 0.265490 0.962052 0.000000 0.000000 0.000000 0.000000 1.000000
0.988431 -0.150486 -0.018926 0.000000 0.139332 0.950217 -0.278703 22.181700 0.059925 0.272841 0.960191 -0.000000 0.000000 0.000000 0.000000 1.000000
0.987046 -0.158927 -0.021977 0.000000 0.146607 0.949085 -0.278825 22.181700 0.065171 0.271991 0.960090 0.000000 0.000000 0.000000 0.000000 1.000000
0.983826 -0.176963 -0.027740 -0.000000 0.162489 0.946868 -0.277559 22.181700 0.075384 0.268562 0.960308 0.000000 0.000000 0.000000 0.000000 1.000000
0.980834 -0.192347 -0.031092 0.000000 0.176160 0.943607 -0.280311 22.181700 0.083256 0.269461 0.959406 -0.000000 0.000000 0.000000 0.000000 1.000000
0.980078 -0.196286 -0.030309 0.000000 0.179409 0.940412 -0.288855 22.181700 0.085201 0.277663 0.956893 0.000000 0.000000 0.000000 0.000000 1.000000
0.981178 -0.191317 -0.026205 0.000000 0.175017 0.938397 -0.297961 22.181700 0.081596 0.287767 0.954218 0.000000 0.000000 0.000000 0.000000 1.000000
0.981108 -0.191788 -0.025384 -0.000000 0.175561 0.937760 -0.299642 22.181700 0.081272 0.289525 0.953714 -0.000000 0.000000 0.000000 0.000000 1.000000
0.981696 -0.188202 -0.029220 0.000000 0.171844 0.941421 -0.290164 22.181700 0.082118 0.279832 0.956531 -0.000000 0.000000 0.000000 0.000000 1.000000
0.984952 -0.169530 -0.033608 0.000000 0.154476 0.950759 -0.268692 22.181700 0.077504 0.259457 0.962640 -0.000000 0.000000 0.000000 0.000000 1.000000
0.988097 -0.149573 -0.035947 -0.000000 0.136533 0.960362 -0.243029 22.181700 0.070872 0.235228 0.969353 0.000000 0.000000 0.000000 0.000000 1.000000</float_array>
        <technique_common>
          <accessor source="#mixamorig_Neck-Matrix-animation-output-transform-array" count="16" stride="16">
            <param type="float4x4"/>
          </accessor>
        </technique_common>
      </source>
      <source id="mixamorig_Neck-Interpolations">
        <Name_array id="mixamorig_Neck-Interpolations-array" count="16">
 LINEAR LINEAR LINEAR LINEAR LINEAR LINEAR LINEAR LINEAR LINEAR LINEAR LINEAR
LINEAR LINEAR LINEAR LINEAR LINEAR</Name_array>
        <technique_common>
          <accessor source="#mixamorig_Neck-Interpolations-array" count="16">
            <param type="name"/>
          </accessor>
        </technique_common>
      </source>
      <sampler id="mixamorig_Neck-Matrix-animation-transform">
        <input semantic="INPUT" source="#mixamorig_Neck-Matrix-animation-input"/>
        <input semantic="OUTPUT" source="#mixamorig_Neck-Matrix-animation-output-transform"/>
        <input semantic="INTERPOLATION" source="#mixamorig_Neck-Interpolations"/>
      </sampler>
      <channel source="#mixamorig_Neck-Matrix-animation-transform" target="mixamorig_Neck/matrix"/>
    </animation>
    <animation id="mixamorig_Head-anim" name="mixamorig_Head">
      <source id="mixamorig_Head-Matrix-animation-input">
        <float_array id="mixamorig_Head-Matrix-animation-input-array" count="16">

0.000000 0.033333 0.066667 0.100000 0.133333 0.166667 0.200000 0.233333 0.266667 0.300000 0.333333 0.366667 0.400000 0.433333 0.466667 0.500000</float_array>
        <technique_common>
          <accessor source="#mixamorig_Head-Matrix-animation-input-array" count="16">
            <param name="TIME" type="float"/>
          </accessor>
        </technique_common>
      </source>
      <source id="mixamorig_Head-Matrix-animation-output-transform">
        <float_array id="mixamorig_Head-Matrix-animation-output-transform-array" count="256">

0.989812 -0.118502 -0.078922 0.000000 0.116942 0.992846 -0.024114 7.772300 0.081215 0.014639 0.996589 1.167700 0.000000 0.000000 0.000000 1.000000
0.992384 -0.090073 -0.084026 0.000000 0.090221 0.995920 -0.002041 7.772300 0.083867 -0.005556 0.996461 1.167700 0.000000 0.000000 0.000000 1.000000
0.993972 -0.084427 -0.069948 0.000000 0.083217 0.996330 -0.020045 7.772300 0.071384 0.014104 0.997349 1.167700 0.000000 0.000000 0.000000 1.000000
0.995114 -0.087565 -0.045608 0.000000 0.085482 0.995287 -0.045794 7.772300 0.049403 0.041672 0.997909 1.167700 0.000000 0.000000 0.000000 1.000000
0.997132 -0.073328 -0.018756 0.000000 0.072079 0.995574 -0.060301 7.772300 0.023095 0.058776 0.998004 1.167700 0.000000 0.000000 0.000000 1.000000
0.997839 -0.065697 0.001033 0.000000 0.065574 0.994736 -0.078738 7.772300 0.004145 0.078636 0.996895 1.167700 0.000000 0.000000 0.000000 1.000000
0.997342 -0.071901 0.011786 0.000000 0.072747 0.991708 -0.105936 7.772300 -0.004071 0.106512 0.994303 1.167700 0.000000 0.000000 0.000000 1.000000
0.996817 -0.079415 0.007077 0.000000 0.079663 0.988394 -0.129353 7.772300 0.003278 0.129505 0.991573 1.167700 0.000000 0.000000 0.000000 1.000000
0.995975 -0.089616 -0.001446 -0.000000 0.088533 0.986197 -0.139920 7.772300 0.013965 0.139229 0.990162 1.167700 0.000000 0.000000 0.000000 1.000000
0.994191 -0.107591 -0.002942 0.000000 0.105934 0.982986 -0.150054 7.772300 0.019037 0.148871 0.988673 1.167700 0.000000 0.000000 0.000000 1.000000
0.993408 -0.114594 0.002913 0.000000 0.113535 0.980083 -0.162931 7.772300 0.015816 0.162188 0.986633 1.167700 0.000000 0.000000 0.000000 1.000000
0.994382 -0.105048 0.013007 0.000000 0.105796 0.982406 -0.153904 7.772300 0.003389 0.154416 0.988000 1.167700 0.000000 0.000000 0.000000 1.000000
0.994027 -0.108751 0.009146 -0.000000 0.109044 0.986273 -0.123994 7.772300 0.004464 0.124251 0.992241 1.167700 0.000000 0.000000 0.000000 1.000000
0.992775 -0.118685 -0.017662 0.000000 0.116627 0.989039 -0.090555 7.772300 0.028216 0.087841 0.995735 1.167700 0.000000 0.000000 0.000000 1.000000
0.990146 -0.128914 -0.054698 0.000000 0.125814 0.990428 -0.056780 7.772300 0.061494 0.049338 0.996887 1.167700 0.000000 0.000000 0.000000 1.000000
0.990372 -0.114983 -0.077088 0.000000 0.113453 0.993255 -0.023952 7.772300 0.079322 0.014975 0.996737 1.167700 0.000000 0.000000 0.000000 1.000000</float_array>
        <technique_common>
          <accessor source="#mixamorig_Head-Matrix-animation-output-transform-array" count="16" stride="16">
            <param type="float4x4"/>
          </accessor>
        </technique_common>
      </source>
      <source id="mixamorig_Head-Interpolations">
        <Name_array id="mixamorig_Head-Interpolations-array" count="16">
 LINEAR LINEAR LINEAR LINEAR LINEAR LINEAR LINEAR LINEAR LINEAR LINEAR LINEAR
LINEAR LINEAR LINEAR LINEAR LINEAR</Name_array>
        <technique_common>
          <accessor source="#mixamorig_Head-Interpolations-array" count="16">
            <param type="name"/>
          </accessor>
        </technique_common>
      </source>
      <sampler id="mixamorig_Head-Matrix-animation-transform">
        <input semantic="INPUT" source="#mixamorig_Head-Matrix-animation-input"/>
        <input semantic="OUTPUT" source="#mixamorig_Head-Matrix-animation-output-transform"/>
        <input semantic="INTERPOLATION" source="#mixamorig_Head-Interpolations"/>
      </sampler>
      <channel source="#mixamorig_Head-Matrix-animation-transform" target="mixamorig_Head/matrix"/>
    </animation>
    <animation id="mixamorig_LeftShoulder-anim" name="mixamorig_LeftShoulder">
      <source id="mixamorig_LeftShoulder-Matrix-animation-input">
        <float_array id="mixamorig_LeftShoulder-Matrix-animation-input-array" count="16">

0.000000 0.033333 0.066667 0.100000 0.133333 0.166667 0.200000 0.233333 0.266667 0.300000 0.333333 0.366667 0.400000 0.433333 0.466667 0.500000</float_array>
        <technique_common>
          <accessor source="#mixamorig_LeftShoulder-Matrix-animation-input-array" count="16">
            <param name="TIME" type="float"/>
          </accessor>
        </technique_common>
      </source>
      <source id="mixamorig_LeftShoulder-Matrix-animation-output-transform">
        <float_array id="mixamorig_LeftShoulder-Matrix-animation-output-transform-array" count="256">

0.187477 0.898885 -0.396053 11.646600 0.156588 -0.425396 -0.891358 18.688601 -0.969707 0.105092 -0.220506 -0.394200 0.000000 0.000000 0.000000 1.000000
0.174368 0.904254 -0.389769 11.646600 0.153576 -0.415963 -0.896320 18.688601 -0.972631 0.096431 -0.211402 -0.394200 0.000000 0.000000 0.000000 1.000000
0.184289 0.910642 -0.369822 11.646600 0.150111 -0.397930 -0.905052 18.688601 -0.971342 0.111276 -0.210031 -0.394200 0.000000 0.000000 0.000000 1.000000
0.192126 0.911088 -0.364699 11.646600 0.148742 -0.394364 -0.906837 18.688601 -0.970033 0.119981 -0.211285 -0.394200 0.000000 0.000000 0.000000 1.000000
0.199681 0.907939 -0.368476 11.646600 0.149357 -0.399857 -0.904327 18.688601 -0.968411 0.125542 -0.215450 -0.394200 0.000000 0.000000 0.000000 1.000000
0.210879 0.899839 -0.381863 11.646600 0.154877 -0.416470 -0.895860 18.688601 -0.965165 0.129776 -0.227189 -0.394200 0.000000 0.000000 0.000000 1.000000
0.219830 0.891739 -0.395571 11.646600 0.161642 -0.433180 -0.886694 18.688601 -0.962053 0.130981 -0.239369 -0.394200 0.000000 0.000000 0.000000 1.000000
0.236705 0.883470 -0.404292 11.646600 0.169746 -0.447322 -0.878117 18.688601 -0.956638 0.139228 -0.255849 -0.394200 0.000000 0.000000 0.000000 1.000000
0.254665 0.879289 -0.402489 11.646600 0.177020 -0.451567 -0.874501 18.688601 -0.950689 0.151456 -0.270650 -0.394200 0.000000 0.000000 0.000000 1.000000
0.247311 0.891343 -0.379927 11.646600 0.171643 -0.426208 -0.888192 18.688601 -0.953612 0.154447 -0.258399 -0.394200 0.000000 0.000000 0.000000 1.000000
0.220186 0.908635 -0.354825 11.646600 0.156045 -0.391878 -0.906687 18.688601 -0.962896 0.144271 -0.228074 -0.394200 0.000000 0.000000 0.000000 1.000000
0.205650 0.917682 -0.339954 11.646600 0.145914 -0.372249 -0.916591 18.688601 -0.967687 0.138893 -0.210455 -0.394200 0.000000 0.000000 0.000000 1.000000
0.217565 0.921643 -0.321309 11.646600 0.141558 -0.355510 -0.923891 18.688601 -0.965726 0.155523 -0.207812 -0.394200 0.000000 0.000000 0.000000 1.000000
0.221674 0.915779 -0.334976 11.646600 0.144816 -0.370631 -0.917421 18.688601 -0.964307 0.154859 -0.214779 -0.394200 0.000000 0.000000 0.000000 1.000000
0.207007 0.903821 -0.374508 11.646600 0.152811 -0.407972 -0.900116 18.688601 -0.966332 0.129101 -0.222567 -0.394200 0.000000 0.000000 0.000000 1.000000
0.187146 0.899586 -0.394616 11.646600 0.156023 -0.423835 -0.892200 18.688601 -0.969862 0.105402 -0.219675 -0.394200 0.000000 0.000000 0.000000 1.000000</float_array>
        <technique_common>
          <accessor source="#mixamorig_LeftShoulder-Matrix-animation-output-transform-array" count="16" stride="16">
            <param type="float4x4"/>
          </accessor>
        </technique_common>
      </source>
      <source id="mixamorig_LeftShoulder-Interpolations">
        <Name_array id="mixamorig_LeftShoulder-Interpolations-array" count="16">
 LINEAR LINEAR LINEAR LINEAR LINEAR LINEAR LINEAR LINEAR LINEAR LINEAR LINEAR
LINEAR LINEAR LINEAR LINEAR LINEAR</Name_array>
        <technique_common>
          <accessor source="#mixamorig_LeftShoulder-Interpolations-array" count="16">
            <param type="name"/>
          </accessor>
        </technique_common>
      </source>
      <sampler id="mixamorig_LeftShoulder-Matrix-animation-transform">
        <input semantic="INPUT" source="#mixamorig_LeftShoulder-Matrix-animation-input"/>
        <input semantic="OUTPUT" source="#mixamorig_LeftShoulder-Matrix-animation-output-transform"/>
        <input semantic="INTERPOLATION" source="#mixamorig_LeftShoulder-Interpolations"/>
      </sampler>
      <channel source="#mixamorig_LeftShoulder-Matrix-animation-transform" target="mixamorig_LeftShoulder/matrix"/>
    </animation>
    <animation id="mixamorig_LeftArm-anim" name="mixamorig_LeftArm">
      <source id="mixamorig_LeftArm-Matrix-animation-input">
        <float_array id="mixamorig_LeftArm-Matrix-animation-input-array" count="16">

0.000000 0.033333 0.066667 0.100000 0.133333 0.166667 0.200000 0.233333 0.266667 0.300000 0.333333 0.366667 0.400000 0.433333 0.466667 0.500000</float_array>
        <technique_common>
          <accessor source="#mixamorig_LeftArm-Matrix-animation-input-array" count="16">
            <param name="TIME" type="float"/>
          </accessor>
        </technique_common>
      </source>
      <source id="mixamorig_LeftArm-Matrix-animation-output-transform">
        <float_array id="mixamorig_LeftArm-Matrix-animation-output-transform-array" count="256">

0.641956 -0.745985 0.177198 -0.000000 0.719820 0.506750 -0.474408 24.455700 0.264106 0.432100 0.862286 0.000000 0.000000 0.000000 0.000000 1.000000
0.639190 -0.744164 0.194052 0.000000 0.714653 0.481549 -0.507327 24.455700 0.284090 0.462958 0.839621 -0.000000 0.000000 0.000000 0.000000 1.000000
0.657797 -0.725782 0.201356 -0.000000 0.693939 0.480052 -0.536655 24.455700 0.292833 0.492739 0.819425 0.000000 0.000000 0.000000 0.000000 1.000000
0.671800 -0.719410 0.176448 -0.000000 0.681002 0.506136 -0.529209 24.455700 0.291412 0.475684 0.829942 0.000000 0.000000 0.000000 0.000000 1.000000
0.680307 -0.722402 0.123766 0.000000 0.668982 0.543052 -0.507501 24.455700 0.299408 0.428054 0.852716 0.000000 0.000000 0.000000 0.000000 1.000000
0.682818 -0.726548 0.076730 0.000000 0.659998 0.568392 -0.491257 24.455700 0.313309 0.386081 0.867628 0.000000 0.000000 0.000000 0.000000 1.000000
0.683943 -0.726482 0.066677 0.000000 0.653949 0.570002 -0.497443 24.455700 0.323377 0.383826 0.864931 0.000000 0.000000 0.000000 0.000000 1.000000
0.689819 -0.718556 0.088471 0.000000 0.646750 0.556696 -0.521349 24.455700 0.325367 0.416855 0.848745 0.000000 0.000000 0.000000 0.000000 1.000000
0.696432 -0.708198 0.115924 0.000000 0.643314 0.544533 -0.538174 24.455700 0.318009 0.449377 0.834824 0.000000 0.000000 0.000000 0.000000 1.000000
0.697821 -0.702574 0.139411 0.000000 0.648698 0.537375 -0.538904 24.455700 0.303704 0.466495 0.830751 0.000000 0.000000 0.000000 0.000000 1.000000
0.698738 -0.697481 0.159014 -0.000000 0.656867 0.537494 -0.528796 24.455700 0.283356 0.473940 0.833720 0.000000 0.000000 0.000000 0.000000 1.000000
0.707984 -0.684177 0.175103 0.000000 0.657549 0.548142 -0.516885 24.455700 0.257659 0.481085 0.837955 0.000000 0.000000 0.000000 0.000000 1.000000
0.718365 -0.672304 0.178769 0.000000 0.650252 0.557594 -0.516004 24.455700 0.247231 0.486925 0.837724 0.000000 0.000000 0.000000 0.000000 1.000000
0.702190 -0.689158 0.178859 0.000000 0.669010 0.552685 -0.496956 24.455700 0.243628 0.468616 0.849143 -0.000000 0.000000 0.000000 0.000000 1.000000
0.666133 -0.724917 0.175394 0.000000 0.703633 0.532836 -0.470091 24.455700 0.247321 0.436556 0.865015 0.000000 0.000000 0.000000 0.000000 1.000000
0.643401 -0.744307 0.179004 0.000000 0.718556 0.506530 -0.476555 24.455700 0.264033 0.435240 0.860728 0.000000 0.000000 0.000000 0.000000 1.000000</float_array>
        <technique_common>
          <accessor source="#mixamorig_LeftArm-Matrix-animation-output-transform-array" count="16" stride="16">
            <param type="float4x4"/>
          </accessor>
        </technique_common>
      </source>
      <source id="mixamorig_LeftArm-Interpolations">
        <Name_array id="mixamorig_LeftArm-Interpolations-array" count="16">
 LINEAR LINEAR LINEAR LINEAR LINEAR LINEAR LINEAR LINEAR LINEAR LINEAR LINEAR
LINEAR LINEAR LINEAR LINEAR LINEAR</Name_array>
        <technique_common>
          <accessor source="#mixamorig_LeftArm-Interpolations-array" count="16">
            <param type="name"/>
          </accessor>
        </technique_common>
      </source>
      <sampler id="mixamorig_LeftArm-Matrix-animation-transform">
        <input semantic="INPUT" source="#mixamorig_LeftArm-Matrix-animation-input"/>
        <input semantic="OUTPUT" source="#mixamorig_LeftArm-Matrix-animation-output-transform"/>
        <input semantic="INTERPOLATION" source="#mixamorig_LeftArm-Interpolations"/>
      </sampler>
      <channel source="#mixamorig_LeftArm-Matrix-animation-transform" target="mixamorig_LeftArm/matrix"/>
    </animation>
    <animation id="mixamorig_LeftForeArm-anim" name="mixamorig_LeftForeArm">
      <source id="mixamorig_LeftForeArm-Matrix-animation-input">
        <float_array id="mixamorig_LeftForeArm-Matrix-animation-input-array" count="16">

0.000000 0.033333 0.066667 0.100000 0.133333 0.166667 0.200000 0.233333 0.266667 0.300000 0.333333 0.366667 0.400000 0.433333 0.466667 0.500000</float_array>
        <technique_common>
          <accessor source="#mixamorig_LeftForeArm-Matrix-animation-input-array" count="16">
            <param name="TIME" type="float"/>
          </accessor>
        </technique_common>
      </source>
      <source id="mixamorig_LeftForeArm-Matrix-animation-output-transform">
        <float_array id="mixamorig_LeftForeArm-Matrix-animation-output-transform-array" count="256">

-0.304275 -0.936493 0.174347 -0.000000 0.936592 -0.327510 -0.124631 22.756701 0.173817 0.125369 0.976765 0.000000 0.000000 0.000000 0.000000 1.000000
-0.295122 -0.939643 0.173129 0.000000 0.939742 -0.318193 -0.125050 22.756701 0.172591 0.125791 0.976928 -0.000000 0.000000 0.000000 0.000000 1.000000
-0.284612 -0.943135 0.171731 0.000000 0.943235 -0.307496 -0.125515 22.756701 0.171184 0.126259 0.977115 -0.000000 0.000000 0.000000 0.000000 1.000000
-0.295794 -0.939415 0.173218 0.000000 0.939514 -0.318877 -0.125021 22.756701 0.172682 0.125761 0.976916 -0.000000 0.000000 0.000000 0.000000 1.000000
-0.317889 -0.931619 0.176159 0.000000 0.931717 -0.341366 -0.123983 22.756701 0.175639 0.124717 0.976523 0.000000 0.000000 0.000000 0.000000 1.000000
-0.328581 -0.927631 0.177582 0.000000 0.927729 -0.352248 -0.123452 22.756701 0.177070 0.124184 0.976332 0.000000 0.000000 0.000000 0.000000 1.000000
-0.327269 -0.928128 0.177407 0.000000 0.928226 -0.350914 -0.123518 22.756701 0.176895 0.124250 0.976356 0.000000 0.000000 0.000000 0.000000 1.000000
-0.329347 -0.927340 0.177683 0.000000 0.927437 -0.353029 -0.123414 22.756701 0.177174 0.124144 0.976318 -0.000000 0.000000 0.000000 0.000000 1.000000
-0.327524 -0.928032 0.177440 0.000000 0.928129 -0.351172 -0.123506 22.756701 0.176929 0.124237 0.976351 0.000000 0.000000 0.000000 0.000000 1.000000
-0.311385 -0.933976 0.175293 0.000000 0.934074 -0.334746 -0.124297 22.756701 0.174769 0.125033 0.976638 0.000000 0.000000 0.000000 0.000000 1.000000
-0.301544 -0.937444 0.173984 0.000000 0.937542 -0.324730 -0.124757 22.756701 0.173451 0.125497 0.976814 0.000000 0.000000 0.000000 0.000000 1.000000
-0.311101 -0.934078 0.175255 0.000000 0.934176 -0.334457 -0.124310 22.756701 0.174730 0.125046 0.976644 0.000000 0.000000 0.000000 0.000000 1.000000
-0.330208 -0.927012 0.177798 0.000000 0.927109 -0.353905 -0.123369 22.756701 0.177288 0.124101 0.976303 0.000000 0.000000 0.000000 0.000000 1.000000
-0.327465 -0.928054 0.177433 0.000000 0.928152 -0.351112 -0.123508 22.756701 0.176921 0.124240 0.976352 0.000000 0.000000 0.000000 0.000000 1.000000
-0.313674 -0.933153 0.175598 -0.000000 0.933251 -0.337076 -0.124187 22.756701 0.175075 0.124922 0.976598 0.000000 0.000000 0.000000 0.000000 1.000000
-0.305932 -0.935913 0.174567 0.000000 0.936011 -0.329196 -0.124554 22.756701 0.174039 0.125292 0.976736 0.000000 0.000000 0.000000 0.000000 1.000000</float_array>
        <technique_common>
          <accessor source="#mixamorig_LeftForeArm-Matrix-animation-output-transform-array" count="16" stride="16">
            <param type="float4x4"/>
          </accessor>
        </technique_common>
      </source>
      <source id="mixamorig_LeftForeArm-Interpolations">
        <Name_array id="mixamorig_LeftForeArm-Interpolations-array" count="16">
 LINEAR LINEAR LINEAR LINEAR LINEAR LINEAR LINEAR LINEAR LINEAR LINEAR LINEAR
LINEAR LINEAR LINEAR LINEAR LINEAR</Name_array>
        <technique_common>
          <accessor source="#mixamorig_LeftForeArm-Interpolations-array" count="16">
            <param type="name"/>
          </accessor>
        </technique_common>
      </source>
      <sampler id="mixamorig_LeftForeArm-Matrix-animation-transform">
        <input semantic="INPUT" source="#mixamorig_LeftForeArm-Matrix-animation-input"/>
        <input semantic="OUTPUT" source="#mixamorig_LeftForeArm-Matrix-animation-output-transform"/>
        <input semantic="INTERPOLATION" source="#mixamorig_LeftForeArm-Interpolations"/>
      </sampler>
      <channel source="#mixamorig_LeftForeArm-Matrix-animation-transform" target="mixamorig_LeftForeArm/matrix"/>
    </animation>
    <animation id="mixamorig_LeftHand-anim" name="mixamorig_LeftHand">
      <source id="mixamorig_LeftHand-Matrix-animation-input">
        <float_array id="mixamorig_LeftHand-Matrix-animation-input-array" count="16">

0.000000 0.033333 0.066667 0.100000 0.133333 0.166667 0.200000 0.233333 0.266667 0.300000 0.333333 0.366667 0.400000 0.433333 0.466667 0.500000</float_array>
        <technique_common>
