<?xml version="1.0" encoding="utf-8"?>
<COLLADA xmlns="http://www.collada.org/2005/11/COLLADASchema" version="1.4.1">
  <asset>
    <contributor>
      <author>Mixamo</author>
      <authoring_tool>COLLADA Mixamo exporter</authoring_tool>
      <comments/>
    </contributor>
    <created>2025-01-11T14:56:16Z</created>
    <modified>2025-01-11T14:56:16Z</modified>
    <revision/>
    <title/>
    <unit meter="0.010000"/>
    <up_axis>Y_UP</up_axis>
  </asset>
  <library_animations>
    <animation id="mixamorig_Hips-anim" name="mixamorig_Hips">
      <source id="mixamorig_Hips-Matrix-animation-input">
        <float_array id="mixamorig_Hips-Matrix-animation-input-array" count="15">

0.000000 0.033333 0.066667 0.100000 0.133333 0.166667 0.200000 0.233333 0.266667 0.300000 0.333333 0.366667 0.400000 0.433333 0.466667</float_array>
        <technique_common>
          <accessor source="#mixamorig_Hips-Matrix-animation-input-array" count="15">
            <param name="TIME" type="float"/>
          </accessor>
        </technique_common>
      </source>
      <source id="mixamorig_Hips-Matrix-animation-output-transform">
        <float_array id="mixamorig_Hips-Matrix-animation-output-transform-array" count="240">

0.856882 -0.014313 0.515314 -1.181554 0.023623 0.999655 -0.011515 71.559074 -0.514971 0.022040 0.856924 3.023674 0.000000 0.000000 0.000000 1.000000
0.878686 -0.031029 0.476391 -0.408528 0.008087 0.998710 0.050134 70.674362 -0.477332 -0.040199 0.877803 1.756314 0.000000 0.000000 0.000000 1.000000
0.886457 -0.022273 0.462275 0.119090 -0.017113 0.996581 0.080832 70.795807 -0.462495 -0.079564 0.883045 0.796914 0.000000 0.000000 0.000000 1.000000
0.884796 -0.001370 0.465977 0.458969 -0.040074 0.996067 0.079022 71.191833 -0.464253 -0.088592 0.881261 0.451000 0.000000 0.000000 0.000000 1.000000
0.892483 0.019894 0.450643 0.616313 -0.052206 0.996869 0.059384 70.966431 -0.448051 -0.076525 0.890727 0.914943 0.000000 0.000000 0.000000 1.000000
0.905466 0.034900 0.422981 0.455387 -0.054787 0.997886 0.034947 68.723434 -0.420867 -0.054818 0.905464 2.292902 0.000000 0.000000 0.000000 1.000000
0.900159 0.032828 0.434323 0.257064 -0.041627 0.999075 0.010759 65.224457 -0.433568 -0.027765 0.900693 3.571290 0.000000 0.000000 0.000000 1.000000
0.890395 0.010022 0.455079 -0.307084 -0.019692 0.999670 0.016513 62.479034 -0.454763 -0.023664 0.890298 3.711783 0.000000 0.000000 0.000000 1.000000
0.892647 0.006997 0.450703 -0.868310 -0.022223 0.999347 0.028500 61.420559 -0.450209 -0.035456 0.892219 3.781320 0.000000 0.000000 0.000000 1.000000
0.895270 0.033353 0.444274 -1.467263 -0.052443 0.998151 0.030745 62.707382 -0.442427 -0.050824 0.895363 4.301858 0.000000 0.000000 0.000000 1.000000
0.877133 0.033339 0.479088 -2.423548 -0.043336 0.999012 0.009821 65.870094 -0.478288 -0.029377 0.877712 4.688948 0.000000 0.000000 0.000000 1.000000
0.872032 0.018092 0.489114 -3.098444 -0.018093 0.999825 -0.004725 68.966240 -0.489114 -0.004729 0.872207 4.326490 0.000000 0.000000 0.000000 1.000000
0.860693 -0.000833 0.509124 -3.161140 0.013631 0.999678 -0.021408 71.181297 -0.508943 0.025365 0.860427 3.895040 0.000000 0.000000 0.000000 1.000000
0.853678 -0.011765 0.520669 -2.370481 0.033381 0.998925 -0.032158 72.118874 -0.519731 0.044833 0.853153 3.537507 0.000000 0.000000 0.000000 1.000000
0.856882 -0.014311 0.515314 -1.180199 0.023620 0.999655 -0.011515 71.559586 -0.514971 0.022039 0.856924 3.023519 0.000000 0.000000 0.000000 1.000000</float_array>
        <technique_common>
          <accessor source="#mixamorig_Hips-Matrix-animation-output-transform-array" count="15" stride="16">
            <param type="float4x4"/>
          </accessor>
        </technique_common>
      </source>
      <source id="mixamorig_Hips-Interpolations">
        <Name_array id="mixamorig_Hips-Interpolations-array" count="15">
 LINEAR LINEAR LINEAR LINEAR LINEAR LINEAR LINEAR LINEAR LINEAR LINEAR LINEAR
LINEAR LINEAR LINEAR LINEAR</Name_array>
        <technique_common>
          <accessor source="#mixamorig_Hips-Interpolations-array" count="15">
            <param type="name"/>
          </accessor>
        </technique_common>
      </source>
      <sampler id="mixamorig_Hips-Matrix-animation-transform">
        <input semantic="INPUT" source="#mixamorig_Hips-Matrix-animation-input"/>
        <input semantic="OUTPUT" source="#mixamorig_Hips-Matrix-animation-output-transform"/>
        <input semantic="INTERPOLATION" source="#mixamorig_Hips-Interpolations"/>
      </sampler>
      <channel source="#mixamorig_Hips-Matrix-animation-transform" target="mixamorig_Hips/matrix"/>
    </animation>
    <animation id="mixamorig_Spine-anim" name="mixamorig_Spine">
      <source id="mixamorig_Spine-Matrix-animation-input">
        <float_array id="mixamorig_Spine-Matrix-animation-input-array" count="15">

0.000000 0.033333 0.066667 0.100000 0.133333 0.166667 0.200000 0.233333 0.266667 0.300000 0.333333 0.366667 0.400000 0.433333 0.466667</float_array>
        <technique_common>
          <accessor source="#mixamorig_Spine-Matrix-animation-input-array" count="15">
            <param name="TIME" type="float"/>
          </accessor>
        </technique_common>
      </source>
      <source id="mixamorig_Spine-Matrix-animation-output-transform">
        <float_array id="mixamorig_Spine-Matrix-animation-output-transform-array" count="240">

0.977712 0.009137 -0.209754 -0.000000 -0.018517 0.998912 -0.042801 14.685700 0.209134 0.045731 0.976817 -1.734700 0.000000 0.000000 0.000000 1.000000
0.978666 0.021580 -0.204321 0.000000 -0.032903 0.998095 -0.052187 14.685700 0.202805 0.057797 0.977512 -1.734700 0.000000 0.000000 0.000000 1.000000
0.976001 0.037172 -0.214572 0.000000 -0.048270 0.997741 -0.046712 14.685700 0.212351 0.055949 0.975590 -1.734700 0.000000 0.000000 0.000000 1.000000
0.971702 0.039477 -0.232886 0.000000 -0.046984 0.998537 -0.026773 14.685700 0.231489 0.036957 0.972135 -1.734700 0.000000 0.000000 0.000000 1.000000
0.969631 0.037196 -0.241728 0.000000 -0.039241 0.999223 -0.003649 14.685700 0.241404 0.013024 0.970337 -1.734700 0.000000 0.000000 0.000000 1.000000
0.967787 0.039205 -0.248698 0.000000 -0.033166 0.999045 0.028431 14.685700 0.249575 -0.019267 0.968164 -1.734700 0.000000 0.000000 0.000000 1.000000
0.962705 0.044848 -0.266810 0.000000 -0.031113 0.997975 0.055487 14.685700 0.268758 -0.045117 0.962150 -1.734700 0.000000 0.000000 0.000000 1.000000
0.958080 0.039715 -0.283735 -0.000000 -0.028313 0.998623 0.044174 14.685700 0.285098 -0.034289 0.957885 -1.734700 0.000000 0.000000 0.000000 1.000000
0.956893 0.008498 -0.290315 0.000000 -0.005086 0.999909 0.012504 14.685700 0.290395 -0.010488 0.956849 -1.734700 0.000000 0.000000 0.000000 1.000000
0.957329 -0.023711 -0.288025 0.000000 0.022313 0.999718 -0.008136 14.685700 0.288136 0.001362 0.957588 -1.734700 0.000000 0.000000 0.000000 1.000000
0.960196 -0.028836 -0.277835 0.000000 0.025033 0.999538 -0.017227 14.685700 0.278203 0.009586 0.960474 -1.734700 0.000000 0.000000 0.000000 1.000000
0.966200 -0.015027 -0.257354 -0.000000 0.007782 0.999545 -0.029147 14.685700 0.257675 0.026160 0.965878 -1.734700 0.000000 0.000000 0.000000 1.000000
0.971040 0.000206 -0.238919 0.000000 -0.009607 0.999225 -0.038181 14.685700 0.238726 0.039371 0.970289 -1.734700 0.000000 0.000000 0.000000 1.000000
0.975086 0.006805 -0.221722 -0.000000 -0.015704 0.999139 -0.038394 14.685700 0.221270 0.040920 0.974354 -1.734700 0.000000 0.000000 0.000000 1.000000
0.977712 0.009135 -0.209752 0.000000 -0.018515 0.998912 -0.042801 14.685700 0.209133 0.045731 0.976817 -1.734700 0.000000 0.000000 0.000000 1.000000</float_array>
        <technique_common>
          <accessor source="#mixamorig_Spine-Matrix-animation-output-transform-array" count="15" stride="16">
            <param type="float4x4"/>
          </accessor>
        </technique_common>
      </source>
      <source id="mixamorig_Spine-Interpolations">
        <Name_array id="mixamorig_Spine-Interpolations-array" count="15">
 LINEAR LINEAR LINEAR LINEAR LINEAR LINEAR LINEAR LINEAR LINEAR LINEAR LINEAR
LINEAR LINEAR LINEAR LINEAR</Name_array>
        <technique_common>
          <accessor source="#mixamorig_Spine-Interpolations-array" count="15">
            <param type="name"/>
          </accessor>
        </technique_common>
      </source>
      <sampler id="mixamorig_Spine-Matrix-animation-transform">
        <input semantic="INPUT" source="#mixamorig_Spine-Matrix-animation-input"/>
        <input semantic="OUTPUT" source="#mixamorig_Spine-Matrix-animation-output-transform"/>
        <input semantic="INTERPOLATION" source="#mixamorig_Spine-Interpolations"/>
      </sampler>
      <channel source="#mixamorig_Spine-Matrix-animation-transform" target="mixamorig_Spine/matrix"/>
    </animation>
    <animation id="mixamorig_Spine1-anim" name="mixamorig_Spine1">
      <source id="mixamorig_Spine1-Matrix-animation-input">
        <float_array id="mixamorig_Spine1-Matrix-animation-input-array" count="15">

0.000000 0.033333 0.066667 0.100000 0.133333 0.166667 0.200000 0.233333 0.266667 0.300000 0.333333 0.366667 0.400000 0.433333 0.466667</float_array>
        <technique_common>
          <accessor source="#mixamorig_Spine1-Matrix-animation-input-array" count="15">
            <param name="TIME" type="float"/>
          </accessor>
        </technique_common>
      </source>
      <source id="mixamorig_Spine1-Matrix-animation-output-transform">
        <float_array id="mixamorig_Spine1-Matrix-animation-output-transform-array" count="240">

0.999602 0.019499 0.020373 -0.000000 -0.016489 0.990197 -0.138699 17.252399 -0.022878 0.138308 0.990125 -0.000000 0.000000 0.000000 0.000000 1.000000
0.999346 0.026497 0.024593 0.000000 -0.022557 0.988643 -0.148579 17.252399 -0.028251 0.147928 0.988595 0.000000 0.000000 0.000000 0.000000 1.000000
0.999111 0.040186 0.012716 -0.000000 -0.037877 0.988345 -0.147444 17.252399 -0.018493 0.146832 0.988989 -0.000000 0.000000 0.000000 0.000000 1.000000
0.998988 0.044420 -0.007087 0.000000 -0.044968 0.990073 -0.133165 17.252399 0.001102 0.133349 0.991069 0.000000 0.000000 0.000000 0.000000 1.000000
0.998933 0.042724 -0.017535 0.000000 -0.044473 0.992270 -0.115853 17.252399 0.012450 0.116509 0.993112 0.000000 0.000000 0.000000 0.000000 1.000000
0.998755 0.042220 -0.026584 0.000000 -0.044564 0.994493 -0.094861 17.252399 0.022433 0.095928 0.995135 0.000000 0.000000 0.000000 0.000000 1.000000
0.997880 0.046547 -0.045494 -0.000000 -0.049971 0.995757 -0.077273 17.252399 0.041704 0.079382 0.995972 0.000000 0.000000 0.000000 0.000000 1.000000
0.997154 0.045982 -0.059746 0.000000 -0.050581 0.995678 -0.077892 17.252399 0.055906 0.080693 0.995170 0.000000 0.000000 0.000000 0.000000 1.000000
0.997746 0.023947 -0.062680 0.000000 -0.029666 0.995320 -0.091965 17.252399 0.060185 0.093618 0.993787 0.000000 0.000000 0.000000 0.000000 1.000000
0.998089 -0.003129 -0.061718 0.000000 -0.003332 0.994541 -0.104296 17.252399 0.061707 0.104302 0.992630 0.000000 0.000000 0.000000 0.000000 1.000000
0.998508 -0.008508 -0.053945 0.000000 0.002428 0.993729 -0.111787 17.252399 0.054558 0.111489 0.992267 -0.000000 0.000000 0.000000 0.000000 1.000000
0.999432 0.000809 -0.033696 -0.000000 -0.004947 0.992410 -0.122875 17.252399 0.033341 0.122972 0.991850 -0.000000 0.000000 0.000000 0.000000 1.000000
0.999832 0.012539 -0.013361 0.000000 -0.014191 0.991180 -0.131762 17.252399 0.011591 0.131929 0.991191 0.000000 0.000000 0.000000 0.000000 1.000000
0.999789 0.019281 0.007083 0.000000 -0.018162 0.990863 -0.133642 17.252399 -0.009595 0.133486 0.991004 0.000000 0.000000 0.000000 0.000000 1.000000
0.999602 0.019499 0.020373 -0.000000 -0.016489 0.990197 -0.138699 17.252399 -0.022878 0.138308 0.990125 -0.000000 0.000000 0.000000 0.000000 1.000000</float_array>
        <technique_common>
          <accessor source="#mixamorig_Spine1-Matrix-animation-output-transform-array" count="15" stride="16">
            <param type="float4x4"/>
          </accessor>
        </technique_common>
      </source>
      <source id="mixamorig_Spine1-Interpolations">
        <Name_array id="mixamorig_Spine1-Interpolations-array" count="15">
 LINEAR LINEAR LINEAR LINEAR LINEAR LINEAR LINEAR LINEAR LINEAR LINEAR LINEAR
LINEAR LINEAR LINEAR LINEAR</Name_array>
        <technique_common>
          <accessor source="#mixamorig_Spine1-Interpolations-array" count="15">
            <param type="name"/>
          </accessor>
        </technique_common>
      </source>
      <sampler id="mixamorig_Spine1-Matrix-animation-transform">
        <input semantic="INPUT" source="#mixamorig_Spine1-Matrix-animation-input"/>
        <input semantic="OUTPUT" source="#mixamorig_Spine1-Matrix-animation-output-transform"/>
        <input semantic="INTERPOLATION" source="#mixamorig_Spine1-Interpolations"/>
      </sampler>
      <channel source="#mixamorig_Spine1-Matrix-animation-transform" target="mixamorig_Spine1/matrix"/>
    </animation>
    <animation id="mixamorig_Spine2-anim" name="mixamorig_Spine2">
      <source id="mixamorig_Spine2-Matrix-animation-input">
        <float_array id="mixamorig_Spine2-Matrix-animation-input-array" count="15">

0.000000 0.033333 0.066667 0.100000 0.133333 0.166667 0.200000 0.233333 0.266667 0.300000 0.333333 0.366667 0.400000 0.433333 0.466667</float_array>
        <technique_common>
          <accessor source="#mixamorig_Spine2-Matrix-animation-input-array" count="15">
            <param name="TIME" type="float"/>
          </accessor>
        </technique_common>
      </source>
      <source id="mixamorig_Spine2-Matrix-animation-output-transform">
        <float_array id="mixamorig_Spine2-Matrix-animation-output-transform-array" count="240">

0.999613 0.018879 0.020434 0.000000 -0.015864 0.990193 -0.138799 19.717100 -0.022854 0.138421 0.990110 0.000000 0.000000 0.000000 0.000000 1.000000
0.999376 0.025739 0.024175 0.000000 -0.021863 0.988629 -0.148777 19.717100 -0.027729 0.148156 0.988575 0.000000 0.000000 0.000000 0.000000 1.000000
0.999135 0.039840 0.011891 0.000000 -0.037652 0.988333 -0.147584 19.717100 -0.017632 0.147009 0.988978 -0.000000 0.000000 0.000000 0.000000 1.000000
0.998973 0.044639 -0.007816 0.000000 -0.045282 0.990074 -0.133051 19.717100 0.001799 0.133268 0.991078 0.000000 0.000000 0.000000 0.000000 1.000000
0.998902 0.043133 -0.018265 0.000000 -0.044962 0.992274 -0.115630 19.717100 0.013137 0.116325 0.993124 -0.000000 0.000000 0.000000 0.000000 1.000000
0.998711 0.042506 -0.027725 -0.000000 -0.044951 0.994508 -0.094515 19.717100 0.023555 0.095639 0.995137 0.000000 0.000000 0.000000 0.000000 1.000000
0.997804 0.046709 -0.046954 0.000000 -0.050220 0.995796 -0.076610 19.717100 0.043178 0.078800 0.995955 -0.000000 0.000000 0.000000 0.000000 1.000000
0.997063 0.046610 -0.060765 0.000000 -0.051248 0.995702 -0.077144 19.717100 0.056908 0.080031 0.995167 0.000000 0.000000 0.000000 0.000000 1.000000
0.997710 0.025136 -0.062790 0.000000 -0.030854 0.995297 -0.091822 19.717100 0.060187 0.093549 0.993794 0.000000 0.000000 0.000000 0.000000 1.000000
0.998108 -0.001938 -0.061452 0.000000 -0.004515 0.994493 -0.104702 19.717100 0.061316 0.104782 0.992603 0.000000 0.000000 0.000000 0.000000 1.000000
0.998521 -0.007488 -0.053852 -0.000000 0.001404 0.993692 -0.112135 19.717100 0.054352 0.111894 0.992233 -0.000000 0.000000 0.000000 0.000000 1.000000
0.999427 0.001557 -0.033814 0.000000 -0.005709 0.992384 -0.123050 19.717100 0.033364 0.123173 0.991824 0.000000 0.000000 0.000000 0.000000 1.000000
0.999827 0.012819 -0.013474 0.000000 -0.014485 0.991160 -0.131879 19.717100 0.011664 0.132052 0.991174 -0.000000 0.000000 0.000000 0.000000 1.000000
0.999793 0.019015 0.007220 0.000000 -0.017879 0.990856 -0.133733 19.717100 -0.009697 0.133576 0.990991 0.000000 0.000000 0.000000 0.000000 1.000000
0.999613 0.018879 0.020434 0.000000 -0.015864 0.990193 -0.138799 19.717100 -0.022854 0.138421 0.990110 -0.000000 0.000000 0.000000 0.000000 1.000000</float_array>
        <technique_common>
          <accessor source="#mixamorig_Spine2-Matrix-animation-output-transform-array" count="15" stride="16">
            <param type="float4x4"/>
          </accessor>
        </technique_common>
      </source>
      <source id="mixamorig_Spine2-Interpolations">
        <Name_array id="mixamorig_Spine2-Interpolations-array" count="15">
 LINEAR LINEAR LINEAR LINEAR LINEAR LINEAR LINEAR LINEAR LINEAR LINEAR LINEAR
LINEAR LINEAR LINEAR LINEAR</Name_array>
        <technique_common>
          <accessor source="#mixamorig_Spine2-Interpolations-array" count="15">
            <param type="name"/>
          </accessor>
        </technique_common>
      </source>
      <sampler id="mixamorig_Spine2-Matrix-animation-transform">
        <input semantic="INPUT" source="#mixamorig_Spine2-Matrix-animation-input"/>
        <input semantic="OUTPUT" source="#mixamorig_Spine2-Matrix-animation-output-transform"/>
        <input semantic="INTERPOLATION" source="#mixamorig_Spine2-Interpolations"/>
      </sampler>
      <channel source="#mixamorig_Spine2-Matrix-animation-transform" target="mixamorig_Spine2/matrix"/>
    </animation>
    <animation id="mixamorig_Neck-anim" name="mixamorig_Neck">
      <source id="mixamorig_Neck-Matrix-animation-input">
        <float_array id="mixamorig_Neck-Matrix-animation-input-array" count="15">

0.000000 0.033333 0.066667 0.100000 0.133333 0.166667 0.200000 0.233333 0.266667 0.300000 0.333333 0.366667 0.400000 0.433333 0.466667</float_array>
        <technique_common>
          <accessor source="#mixamorig_Neck-Matrix-animation-input-array" count="15">
            <param name="TIME" type="float"/>
          </accessor>
        </technique_common>
      </source>
      <source id="mixamorig_Neck-Matrix-animation-output-transform">
        <float_array id="mixamorig_Neck-Matrix-animation-output-transform-array" count="240">

0.997453 -0.057051 -0.042820 -0.000000 0.048436 0.982367 -0.180580 22.181700 0.052367 0.178046 0.982628 0.000000 0.000000 0.000000 0.000000 1.000000
0.997092 -0.063524 -0.042095 0.000000 0.054789 0.981513 -0.183388 22.181700 0.052967 0.180549 0.982139 0.000000 0.000000 0.000000 0.000000 1.000000
0.996427 -0.074703 -0.039415 0.000000 0.065922 0.979561 -0.190038 22.181700 0.052806 0.186761 0.980985 -0.000000 0.000000 0.000000 0.000000 1.000000
0.996320 -0.078293 -0.034877 0.000000 0.069846 0.977499 -0.199038 22.181700 0.049676 0.195870 0.979371 0.000000 0.000000 0.000000 0.000000 1.000000
0.996430 -0.078531 -0.030974 0.000000 0.070555 0.976171 -0.205212 22.181700 0.046352 0.202294 0.978227 0.000000 0.000000 0.000000 0.000000 1.000000
0.996463 -0.079501 -0.027241 0.000000 0.072043 0.975005 -0.210178 22.181700 0.043269 0.207472 0.977284 0.000000 0.000000 0.000000 0.000000 1.000000
0.996750 -0.076847 -0.024167 -0.000000 0.070161 0.975542 -0.208314 22.181700 0.039584 0.205941 0.977763 -0.000000 0.000000 0.000000 0.000000 1.000000
0.997814 -0.062481 -0.021526 0.000000 0.057172 0.979524 -0.193040 22.181700 0.033146 0.191387 0.980955 0.000000 0.000000 0.000000 0.000000 1.000000
0.998912 -0.043752 -0.016121 0.000000 0.040291 0.983951 -0.173830 22.181700 0.023468 0.172992 0.984644 -0.000000 0.000000 0.000000 0.000000 1.000000
0.999281 -0.035974 -0.011932 -0.000000 0.033495 0.985534 -0.166132 22.181700 0.017736 0.165613 0.986031 -0.000000 0.000000 0.000000 0.000000 1.000000
0.998997 -0.041844 -0.015952 -0.000000 0.038562 0.984928 -0.168613 22.181700 0.022767 0.167829 0.985553 0.000000 0.000000 0.000000 0.000000 1.000000
0.998271 -0.053416 -0.024515 0.000000 0.048291 0.983225 -0.175890 22.181700 0.033499 0.174402 0.984104 0.000000 0.000000 0.000000 0.000000 1.000000
0.997699 -0.059452 -0.032585 0.000000 0.052636 0.982187 -0.180384 22.181700 0.042729 0.178254 0.983056 0.000000 0.000000 0.000000 0.000000 1.000000
0.997524 -0.057869 -0.039965 0.000000 0.049778 0.982395 -0.180062 22.181700 0.049682 0.177627 0.982843 0.000000 0.000000 0.000000 0.000000 1.000000
0.997453 -0.057051 -0.042820 -0.000000 0.048436 0.982367 -0.180580 22.181700 0.052367 0.178046 0.982628 0.000000 0.000000 0.000000 0.000000 1.000000</float_array>
        <technique_common>
          <accessor source="#mixamorig_Neck-Matrix-animation-output-transform-array" count="15" stride="16">
            <param type="float4x4"/>
          </accessor>
        </technique_common>
      </source>
      <source id="mixamorig_Neck-Interpolations">
        <Name_array id="mixamorig_Neck-Interpolations-array" count="15">
 LINEAR LINEAR LINEAR LINEAR LINEAR LINEAR LINEAR LINEAR LINEAR LINEAR LINEAR
LINEAR LINEAR LINEAR LINEAR</Name_array>
        <technique_common>
          <accessor source="#mixamorig_Neck-Interpolations-array" count="15">
            <param type="name"/>
          </accessor>
        </technique_common>
      </source>
      <sampler id="mixamorig_Neck-Matrix-animation-transform">
        <input semantic="INPUT" source="#mixamorig_Neck-Matrix-animation-input"/>
        <input semantic="OUTPUT" source="#mixamorig_Neck-Matrix-animation-output-transform"/>
        <input semantic="INTERPOLATION" source="#mixamorig_Neck-Interpolations"/>
      </sampler>
      <channel source="#mixamorig_Neck-Matrix-animation-transform" target="mixamorig_Neck/matrix"/>
    </animation>
    <animation id="mixamorig_Head-anim" name="mixamorig_Head">
      <source id="mixamorig_Head-Matrix-animation-input">
        <float_array id="mixamorig_Head-Matrix-animation-input-array" count="15">

0.000000 0.033333 0.066667 0.100000 0.133333 0.166667 0.200000 0.233333 0.266667 0.300000 0.333333 0.366667 0.400000 0.433333 0.466667</float_array>
        <technique_common>
          <accessor source="#mixamorig_Head-Matrix-animation-input-array" count="15">
            <param name="TIME" type="float"/>
          </accessor>
        </technique_common>
      </source>
      <source id="mixamorig_Head-Matrix-animation-output-transform">
        <float_array id="mixamorig_Head-Matrix-animation-output-transform-array" count="240">

0.974353 -0.149524 -0.168162 -0.000000 0.142523 0.988370 -0.053026 7.772300 0.174135 0.027699 0.984332 1.167700 0.000000 0.000000 0.000000 1.000000
0.973988 -0.162166 -0.158272 0.000000 0.152113 0.985606 -0.073771 7.772300 0.167957 0.047777 0.984636 1.167700 0.000000 0.000000 0.000000 1.000000
0.975189 -0.175530 -0.134892 0.000000 0.163402 0.981844 -0.096340 7.772300 0.149354 0.071908 0.986166 1.167700 0.000000 0.000000 0.000000 1.000000
0.979563 -0.170522 -0.106673 0.000000 0.158058 0.980583 -0.116080 7.772300 0.124395 0.096847 0.987495 1.167700 0.000000 0.000000 0.000000 1.000000
0.984730 -0.153559 -0.082017 0.000000 0.142322 0.981416 -0.128711 7.772300 0.100257 0.115073 0.988285 1.167700 0.000000 0.000000 0.000000 1.000000
0.990531 -0.124687 -0.057452 -0.000000 0.116970 0.985576 -0.122300 7.772300 0.071873 0.114422 0.990829 1.167700 0.000000 0.000000 0.000000 1.000000
0.994786 -0.095542 -0.035677 -0.000000 0.090758 0.988902 -0.117629 7.772300 0.046519 0.113778 0.992416 1.167700 0.000000 0.000000 0.000000 1.000000
0.996421 -0.080869 -0.024611 -0.000000 0.076870 0.987973 -0.134164 7.772300 0.035165 0.131792 0.990654 1.167700 0.000000 0.000000 0.000000 1.000000
0.998161 -0.060372 -0.005467 -0.000000 0.058953 0.987769 -0.144350 7.772300 0.014115 0.143763 0.989512 1.167700 0.000000 0.000000 0.000000 1.000000
0.999120 -0.040105 0.012241 0.000000 0.041387 0.990080 -0.134270 7.772300 -0.006735 0.134659 0.990869 1.167700 0.000000 0.000000 0.000000 1.000000
0.998781 -0.049016 -0.005896 -0.000000 0.048006 0.992130 -0.115645 7.772300 0.011518 0.115221 0.993273 1.167700 0.000000 0.000000 0.000000 1.000000
0.995712 -0.078388 -0.049125 0.000000 0.073834 0.993336 -0.088504 7.772300 0.055735 0.084497 0.994864 1.167700 0.000000 0.000000 0.000000 1.000000
0.988882 -0.111632 -0.098237 0.000000 0.105307 0.992154 -0.067390 7.772300 0.104989 0.056295 0.992879 1.167700 0.000000 0.000000 0.000000 1.000000
0.979196 -0.137741 -0.149005 0.000000 0.131458 0.989995 -0.051270 7.772300 0.154576 0.030616 0.987506 1.167700 0.000000 0.000000 0.000000 1.000000
0.974353 -0.149524 -0.168162 -0.000000 0.142523 0.988370 -0.053025 7.772300 0.174135 0.027698 0.984332 1.167700 0.000000 0.000000 0.000000 1.000000</float_array>
        <technique_common>
          <accessor source="#mixamorig_Head-Matrix-animation-output-transform-array" count="15" stride="16">
            <param type="float4x4"/>
          </accessor>
        </technique_common>
      </source>
      <source id="mixamorig_Head-Interpolations">
        <Name_array id="mixamorig_Head-Interpolations-array" count="15">
 LINEAR LINEAR LINEAR LINEAR LINEAR LINEAR LINEAR LINEAR LINEAR LINEAR LINEAR
LINEAR LINEAR LINEAR LINEAR</Name_array>
        <technique_common>
          <accessor source="#mixamorig_Head-Interpolations-array" count="15">
            <param type="name"/>
          </accessor>
        </technique_common>
      </source>
      <sampler id="mixamorig_Head-Matrix-animation-transform">
        <input semantic="INPUT" source="#mixamorig_Head-Matrix-animation-input"/>
        <input semantic="OUTPUT" source="#mixamorig_Head-Matrix-animation-output-transform"/>
        <input semantic="INTERPOLATION" source="#mixamorig_Head-Interpolations"/>
      </sampler>
      <channel source="#mixamorig_Head-Matrix-animation-transform" target="mixamorig_Head/matrix"/>
    </animation>
    <animation id="mixamorig_LeftShoulder-anim" name="mixamorig_LeftShoulder">
      <source id="mixamorig_LeftShoulder-Matrix-animation-input">
        <float_array id="mixamorig_LeftShoulder-Matrix-animation-input-array" count="15">

0.000000 0.033333 0.066667 0.100000 0.133333 0.166667 0.200000 0.233333 0.266667 0.300000 0.333333 0.366667 0.400000 0.433333 0.466667</float_array>
        <technique_common>
          <accessor source="#mixamorig_LeftShoulder-Matrix-animation-input-array" count="15">
            <param name="TIME" type="float"/>
          </accessor>
        </technique_common>
      </source>
      <source id="mixamorig_LeftShoulder-Matrix-animation-output-transform">
        <float_array id="mixamorig_LeftShoulder-Matrix-animation-output-transform-array" count="240">

0.165773 0.937950 -0.304581 11.646600 0.102967 -0.323629 -0.940565 18.688601 -0.980774 0.124558 -0.150227 -0.394200 0.000000 0.000000 0.000000 1.000000
0.142410 0.944356 -0.296498 11.646600 0.095331 -0.311244 -0.945536 18.688601 -0.985206 0.106389 -0.134351 -0.394200 0.000000 0.000000 0.000000 1.000000
0.140438 0.943098 -0.301402 11.646600 0.096444 -0.316002 -0.943844 18.688601 -0.985381 0.103483 -0.135335 -0.394200 0.000000 0.000000 0.000000 1.000000
0.157232 0.936536 -0.313335 11.646600 0.102785 -0.331077 -0.937989 18.688601 -0.982198 0.115275 -0.148318 -0.394200 0.000000 0.000000 0.000000 1.000000
0.193327 0.920238 -0.340275 11.646600 0.118664 -0.366203 -0.922938 18.688601 -0.973932 0.138050 -0.179996 -0.394200 0.000000 0.000000 0.000000 1.000000
0.237259 0.903543 -0.356816 11.646600 0.131002 -0.393707 -0.909853 18.688601 -0.962573 0.169127 -0.211777 -0.394200 0.000000 0.000000 0.000000 1.000000
0.264713 0.897969 -0.351538 11.646600 0.133699 -0.395197 -0.908815 18.688601 -0.955014 0.193575 -0.224671 -0.394200 0.000000 0.000000 0.000000 1.000000
0.276985 0.893041 -0.354624 11.646600 0.136313 -0.401851 -0.905502 18.688601 -0.951156 0.202470 -0.233040 -0.394200 0.000000 0.000000 0.000000 1.000000
0.249913 0.902723 -0.350193 11.646600 0.131281 -0.389920 -0.911443 18.688601 -0.959327 0.181807 -0.215957 -0.394200 0.000000 0.000000 0.000000 1.000000
0.225625 0.910629 -0.346192 11.646600 0.125656 -0.379589 -0.916582 18.688601 -0.966077 0.163303 -0.200071 -0.394200 0.000000 0.000000 0.000000 1.000000
0.229390 0.906137 -0.355382 11.646600 0.128026 -0.390035 -0.911857 18.688601 -0.964878 0.163673 -0.205479 -0.394200 0.000000 0.000000 0.000000 1.000000
0.226794 0.909021 -0.349636 11.646600 0.126378 -0.383422 -0.914886 18.688601 -0.965709 0.163305 -0.201838 -0.394200 0.000000 0.000000 0.000000 1.000000
0.220731 0.917744 -0.330189 11.646600 0.121458 -0.361768 -0.924322 18.688601 -0.967743 0.163922 -0.191321 -0.394200 0.000000 0.000000 0.000000 1.000000
0.195912 0.927991 -0.316939 11.646600 0.112655 -0.342361 -0.932790 18.688601 -0.974129 0.147040 -0.171615 -0.394200 0.000000 0.000000 0.000000 1.000000
0.165773 0.937950 -0.304581 11.646600 0.102967 -0.323629 -0.940565 18.688601 -0.980774 0.124558 -0.150227 -0.394200 0.000000 0.000000 0.000000 1.000000</float_array>
        <technique_common>
          <accessor source="#mixamorig_LeftShoulder-Matrix-animation-output-transform-array" count="15" stride="16">
            <param type="float4x4"/>
          </accessor>
        </technique_common>
      </source>
      <source id="mixamorig_LeftShoulder-Interpolations">
        <Name_array id="mixamorig_LeftShoulder-Interpolations-array" count="15">
 LINEAR LINEAR LINEAR LINEAR LINEAR LINEAR LINEAR LINEAR LINEAR LINEAR LINEAR
LINEAR LINEAR LINEAR LINEAR</Name_array>
        <technique_common>
          <accessor source="#mixamorig_LeftShoulder-Interpolations-array" count="15">
            <param type="name"/>
          </accessor>
        </technique_common>
      </source>
      <sampler id="mixamorig_LeftShoulder-Matrix-animation-transform">
        <input semantic="INPUT" source="#mixamorig_LeftShoulder-Matrix-animation-input"/>
        <input semantic="OUTPUT" source="#mixamorig_LeftShoulder-Matrix-animation-output-transform"/>
        <input semantic="INTERPOLATION" source="#mixamorig_LeftShoulder-Interpolations"/>
      </sampler>
      <channel source="#mixamorig_LeftShoulder-Matrix-animation-transform" target="mixamorig_LeftShoulder/matrix"/>
    </animation>
    <animation id="mixamorig_LeftArm-anim" name="mixamorig_LeftArm">
      <source id="mixamorig_LeftArm-Matrix-animation-input">
        <float_array id="mixamorig_LeftArm-Matrix-animation-input-array" count="15">

0.000000 0.033333 0.066667 0.100000 0.133333 0.166667 0.200000 0.233333 0.266667 0.300000 0.333333 0.366667 0.400000 0.433333 0.466667</float_array>
        <technique_common>
          <accessor source="#mixamorig_LeftArm-Matrix-animation-input-array" count="15">
            <param name="TIME" type="float"/>
          </accessor>
        </technique_common>
      </source>
      <source id="mixamorig_LeftArm-Matrix-animation-output-transform">
        <float_array id="mixamorig_LeftArm-Matrix-animation-output-transform-array" count="240">

0.849420 -0.515850 0.111288 0.000000 0.477629 0.661832 -0.577796 24.455700 0.224402 0.543946 0.808558 0.000000 0.000000 0.000000 0.000000 1.000000
0.839471 -0.528668 0.125693 0.000000 0.502445 0.667045 -0.550092 24.455700 0.206973 0.524940 0.825591 0.000000 0.000000 0.000000 0.000000 1.000000
0.830358 -0.537077 0.148509 0.000000 0.530993 0.681823 -0.503154 24.455700 0.168976 0.496654 0.851341 0.000000 0.000000 0.000000 0.000000 1.000000
0.821717 -0.543195 0.172396 0.000000 0.550096 0.676962 -0.488995 24.455700 0.148914 0.496650 0.855081 0.000000 0.000000 0.000000 0.000000 1.000000
0.824645 -0.543049 0.158298 0.000000 0.543438 0.682954 -0.488107 24.455700 0.156956 0.488541 0.858308 -0.000000 0.000000 0.000000 0.000000 1.000000
0.826767 -0.551878 0.109033 -0.000000 0.525347 0.688145 -0.500468 24.455700 0.201166 0.471050 0.858862 0.000000 0.000000 0.000000 0.000000 1.000000
0.802154 -0.594318 0.057747 0.000000 0.532538 0.668302 -0.519399 24.455700 0.270095 0.447391 0.852578 0.000000 0.000000 0.000000 0.000000 1.000000
0.767130 -0.641273 0.016768 0.000000 0.556341 0.652061 -0.515075 24.455700 0.319370 0.404458 0.856981 0.000000 0.000000 0.000000 0.000000 1.000000
0.771382 -0.635246 0.037834 0.000000 0.556216 0.644144 -0.525073 24.455700 0.309181 0.426076 0.850216 0.000000 0.000000 0.000000 0.000000 1.000000
0.814574 -0.569194 0.111747 0.000000 0.530188 0.652444 -0.541496 24.455700 0.235308 0.500336 0.833243 0.000000 0.000000 0.000000 0.000000 1.000000
0.854045 -0.496942 0.153805 -0.000000 0.493519 0.680544 -0.541570 24.455700 0.164458 0.538431 0.826466 -0.000000 0.000000 0.000000 0.000000 1.000000
0.877752 -0.459149 0.136870 0.000000 0.451073 0.695641 -0.559122 24.455700 0.161508 0.552509 0.817710 -0.000000 0.000000 0.000000 0.000000 1.000000
0.885587 -0.452932 0.102896 0.000000 0.422826 0.694465 -0.582183 24.455700 0.192231 0.559081 0.806521 0.000000 0.000000 0.000000 0.000000 1.000000
0.867886 -0.487093 0.097545 0.000000 0.446058 0.677702 -0.584596 24.455700 0.218646 0.550873 0.805440 0.000000 0.000000 0.000000 0.000000 1.000000
0.849420 -0.515850 0.111289 -0.000000 0.477629 0.661832 -0.577797 24.455700 0.224402 0.543947 0.808558 -0.000000 0.000000 0.000000 0.000000 1.000000</float_array>
        <technique_common>
          <accessor source="#mixamorig_LeftArm-Matrix-animation-output-transform-array" count="15" stride="16">
            <param type="float4x4"/>
          </accessor>
        </technique_common>
      </source>
      <source id="mixamorig_LeftArm-Interpolations">
        <Name_array id="mixamorig_LeftArm-Interpolations-array" count="15">
 LINEAR LINEAR LINEAR LINEAR LINEAR LINEAR LINEAR LINEAR LINEAR LINEAR LINEAR
LINEAR LINEAR LINEAR LINEAR</Name_array>
        <technique_common>
          <accessor source="#mixamorig_LeftArm-Interpolations-array" count="15">
            <param type="name"/>
          </accessor>
        </technique_common>
      </source>
      <sampler id="mixamorig_LeftArm-Matrix-animation-transform">
        <input semantic="INPUT" source="#mixamorig_LeftArm-Matrix-animation-input"/>
        <input semantic="OUTPUT" source="#mixamorig_LeftArm-Matrix-animation-output-transform"/>
        <input semantic="INTERPOLATION" source="#mixamorig_LeftArm-Interpolations"/>
      </sampler>
      <channel source="#mixamorig_LeftArm-Matrix-animation-transform" target="mixamorig_LeftArm/matrix"/>
    </animation>
    <animation id="mixamorig_LeftForeArm-anim" name="mixamorig_LeftForeArm">
      <source id="mixamorig_LeftForeArm-Matrix-animation-input">
        <float_array id="mixamorig_LeftForeArm-Matrix-animation-input-array" count="15">

0.000000 0.033333 0.066667 0.100000 0.133333 0.166667 0.200000 0.233333 0.266667 0.300000 0.333333 0.366667 0.400000 0.433333 0.466667</float_array>
        <technique_common>
          <accessor source="#mixamorig_LeftForeArm-Matrix-animation-input-array" count="15">
            <param name="TIME" type="float"/>
          </accessor>
        </technique_common>
      </source>
      <source id="mixamorig_LeftForeArm-Matrix-animation-output-transform">
        <float_array id="mixamorig_LeftForeArm-Matrix-animation-output-transform-array" count="240">

-0.338738 -0.935586 0.099677 -0.000000 0.905623 -0.352939 -0.235121 22.756701 0.255156 0.010625 0.966842 -0.000000 0.000000 0.000000 0.000000 1.000000
-0.304144 -0.947975 0.094024 0.000000 0.918789 -0.317981 -0.233912 22.756701 0.251641 0.015245 0.967701 0.000000 0.000000 0.000000 0.000000 1.000000
-0.236130 -0.968147 0.083265 0.000000 0.940491 -0.249250 -0.230978 22.756701 0.244374 0.023769 0.969390 0.000000 0.000000 0.000000 0.000000 1.000000
-0.161679 -0.984214 0.071996 -0.000000 0.958231 -0.174014 -0.226965 22.756701 0.235910 0.032294 0.971238 0.000000 0.000000 0.000000 0.000000 1.000000
-0.182481 -0.980338 0.075093 0.000000 0.953887 -0.195035 -0.228168 22.756701 0.238327 0.029994 0.970722 0.000000 0.000000 0.000000 0.000000 1.000000
-0.285280 -0.954115 0.090994 -0.000000 0.925354 -0.298917 -0.233170 22.756701 0.249671 0.017683 0.968169 0.000000 0.000000 0.000000 0.000000 1.000000
-0.364979 -0.925183 0.104051 0.000000 0.894629 -0.379457 -0.235905 22.756701 0.257738 0.006986 0.966190 0.000000 0.000000 0.000000 0.000000 1.000000
-0.399905 -0.909933 0.109990 0.000000 0.878593 -0.414751 -0.236761 22.756701 0.261055 0.001954 0.965322 0.000000 0.000000 0.000000 0.000000 1.000000
-0.372263 -0.922137 0.105277 -0.000000 0.891419 -0.386817 -0.236102 22.756701 0.258441 0.005954 0.966009 -0.000000 0.000000 0.000000 0.000000 1.000000
-0.292215 -0.951907 0.092104 0.000000 0.922990 -0.305926 -0.233450 22.756701 0.250399 0.016793 0.967997 0.000000 0.000000 0.000000 0.000000 1.000000
-0.241093 -0.966857 0.084035 -0.000000 0.939089 -0.254265 -0.231217 22.756701 0.244921 0.023171 0.969266 0.000000 0.000000 0.000000 0.000000 1.000000
-0.266062 -0.959936 0.087944 0.000000 0.931607 -0.279498 -0.232358 22.756701 0.247629 0.020107 0.968646 0.000000 0.000000 0.000000 0.000000 1.000000
-0.320343 -0.942358 0.096656 -0.000000 0.912808 -0.334351 -0.234503 22.756701 0.253303 0.013107 0.967298 0.000000 0.000000 0.000000 0.000000 1.000000
-0.349147 -0.931565 0.101403 -0.000000 0.901368 -0.363457 -0.235446 22.756701 0.256189 0.009196 0.966583 -0.000000 0.000000 0.000000 0.000000 1.000000
-0.338737 -0.935586 0.099677 -0.000000 0.905622 -0.352939 -0.235122 22.756701 0.255156 0.010625 0.966841 0.000000 0.000000 0.000000 0.000000 1.000000</float_array>
        <technique_common>
          <accessor source="#mixamorig_LeftForeArm-Matrix-animation-output-transform-array" count="15" stride="16">
            <param type="float4x4"/>
          </accessor>
        </technique_common>
      </source>
      <source id="mixamorig_LeftForeArm-Interpolations">
        <Name_array id="mixamorig_LeftForeArm-Interpolations-array" count="15">
 LINEAR LINEAR LINEAR LINEAR LINEAR LINEAR LINEAR LINEAR LINEAR LINEAR LINEAR
LINEAR LINEAR LINEAR LINEAR</Name_array>
        <technique_common>
          <accessor source="#mixamorig_LeftForeArm-Interpolations-array" count="15">
            <param type="name"/>
          </accessor>
        </technique_common>
      </source>
      <sampler id="mixamorig_LeftForeArm-Matrix-animation-transform">
        <input semantic="INPUT" source="#mixamorig_LeftForeArm-Matrix-animation-input"/>
        <input semantic="OUTPUT" source="#mixamorig_LeftForeArm-Matrix-animation-output-transform"/>
        <input semantic="INTERPOLATION" source="#mixamorig_LeftForeArm-Interpolations"/>
      </sampler>
      <channel source="#mixamorig_LeftForeArm-Matrix-animation-transform" target="mixamorig_LeftForeArm/matrix"/>
    </animation>
    <animation id="mixamorig_LeftHand-anim" name="mixamorig_LeftHand">
      <source id="mixamorig_LeftHand-Matrix-animation-input">
        <float_array id="mixamorig_LeftHand-Matrix-animation-input-array" count="15">

0.000000 0.033333 0.066667 0.100000 0.133333 0.166667 0.200000 0.233333 0.266667 0.300000 0.333333 0.366667 0.400000 0.433333 0.466667</float_array>
        <technique_common>
          <accessor source="#mixamorig_LeftHand-Matrix-animation-input-array" count="15">
            <param name="TIME" type="float"/>
          </accessor>
        </technique_common>
      </source>
      <source id="mixamorig_LeftHand-Matrix-animation-output-transform">
        <float_array id="mixamorig_LeftHand-Matrix-animation-output-transform-array" count="240">

0.993039 -0.058897 0.102007 0.000000 0.035538 0.975468 0.217256 32.238300 -0.112300 -0.212118 0.970770 0.000000 0.000000 0.000000 0.000000 1.000000
0.991836 -0.087250 0.093002 0.000000 0.066011 0.975263 0.210960 32.238300 -0.109108 -0.203099 0.973060 0.000000 0.000000 0.000000 0.000000 1.000000
0.990617 -0.100634 0.092472 0.000000 0.079781 0.975170 0.206587 32.238300 -0.110965 -0.197271 0.974049 -0.000000 0.000000 0.000000 0.000000 1.000000
0.993116 -0.082778 0.082877 0.000000 0.064320 0.976693 0.204776 32.238300 -0.097896 -0.198036 0.975294 0.000000 0.000000 0.000000 0.000000 1.000000
0.996410 -0.009497 0.084130 0.000000 -0.007226 0.980523 0.196271 32.238300 -0.084355 -0.196175 0.976934 -0.000000 0.000000 0.000000 0.000000 1.000000
0.992484 0.079126 0.093353 0.000000 -0.095892 0.976786 0.191555 32.238300 -0.076029 -0.199067 0.977032 0.000000 0.000000 0.000000 0.000000 1.000000
0.987524 0.121552 0.100112 0.000000 -0.139797 0.969347 0.202047 32.238300 -0.072484 -0.213521 0.974246 0.000000 0.000000 0.000000 0.000000 1.000000
