<?xml version="1.0" encoding="utf-8"?>
<COLLADA xmlns="http://www.collada.org/2005/11/COLLADASchema" version="1.4.1">
  <asset>
    <contributor>
      <author>Mixamo</author>
      <authoring_tool>COLLADA Mixamo exporter</authoring_tool>
      <comments/>
    </contributor>
    <created>2025-01-03T02:46:34Z</created>
    <modified>2025-01-03T02:46:34Z</modified>
    <revision/>
    <title/>
    <unit meter="0.010000"/>
    <up_axis>Y_UP</up_axis>
  </asset>
  <library_animations>
    <animation id="mixamorig_Hips-anim" name="mixamorig_Hips">
      <source id="mixamorig_Hips-Matrix-animation-input">
        <float_array id="mixamorig_Hips-Matrix-animation-input-array" count="23">

0.000000 0.033333 0.066667 0.100000 0.133333 0.166667 0.200000 0.233333 0.266667 0.300000 0.333333 0.366667 0.400000 0.433333 0.466667 0.500000
0.533333 0.566667 0.600000 0.633333 0.666667 0.700000 0.733333</float_array>
        <technique_common>
          <accessor source="#mixamorig_Hips-Matrix-animation-input-array" count="23">
            <param name="TIME" type="float"/>
          </accessor>
        </technique_common>
      </source>
      <source id="mixamorig_Hips-Matrix-animation-output-transform">
        <float_array id="mixamorig_Hips-Matrix-animation-output-transform-array" count="368">

0.932570 0.029682 0.359766 4.071881 -0.026123 0.999550 -0.014752 79.444710 -0.360042 0.004359 0.932926 3.328833 0.000000 0.000000 0.000000 1.000000
0.933501 0.026374 0.357604 3.904927 -0.024315 0.999652 -0.010255 80.411728 -0.357750 0.000878 0.933817 3.490536 0.000000 0.000000 0.000000 1.000000
0.947388 0.017756 0.319594 3.333465 -0.018394 0.999830 -0.001025 82.299591 -0.319558 -0.004907 0.947554 3.972230 0.000000 0.000000 0.000000 1.000000
0.964550 0.015157 0.263465 2.630469 -0.017578 0.999822 0.006836 84.310455 -0.263315 -0.011225 0.964645 4.535968 0.000000 0.000000 0.000000 1.000000
0.972821 0.025191 0.230184 2.010434 -0.026205 0.999656 0.001351 85.918640 -0.230071 -0.007346 0.973146 5.044227 0.000000 0.000000 0.000000 1.000000
0.972722 0.040961 0.228328 1.504103 -0.038632 0.999146 -0.014661 86.928383 -0.228734 0.005440 0.973474 5.488599 0.000000 0.000000 0.000000 1.000000
0.970646 0.055696 0.233974 1.052107 -0.049359 0.998241 -0.032856 87.220963 -0.235392 0.020343 0.971688 5.813993 0.000000 0.000000 0.000000 1.000000
0.974366 0.063692 0.215763 0.534394 -0.055272 0.997464 -0.044839 86.852501 -0.218072 0.031764 0.975416 5.948536 0.000000 0.000000 0.000000 1.000000
0.984488 0.064369 0.163218 -0.041667 -0.058316 0.997430 -0.041617 86.383011 -0.165478 0.031453 0.985712 5.899374 0.000000 0.000000 0.000000 1.000000
0.993122 0.063993 0.098045 -0.605105 -0.061457 0.997698 -0.028674 85.930756 -0.099654 0.022451 0.994769 5.822402 0.000000 0.000000 0.000000 1.000000
0.997380 0.062654 0.036160 -1.047343 -0.062220 0.997978 -0.013009 85.650803 -0.036902 0.010725 0.999261 5.790379 0.000000 0.000000 0.000000 1.000000
0.998155 0.060508 -0.005013 -1.274754 -0.060538 0.998148 -0.006044 85.440872 0.004638 0.006337 0.999969 5.839067 0.000000 0.000000 0.000000 1.000000
0.997860 0.060401 -0.025022 -1.321170 -0.060519 0.998159 -0.003960 85.224617 0.024737 0.005466 0.999679 5.877829 0.000000 0.000000 0.000000 1.000000
0.997823 0.056313 -0.034312 -1.303691 -0.056481 0.998396 -0.003970 85.032822 0.034034 0.005899 0.999403 5.893467 0.000000 0.000000 0.000000 1.000000
0.998290 0.049035 -0.031815 -1.166845 -0.049251 0.998768 -0.006052 84.870743 0.031479 0.007609 0.999475 5.919196 0.000000 0.000000 0.000000 1.000000
0.998980 0.043448 -0.012306 -0.850683 -0.043525 0.999034 -0.006111 84.682678 0.012028 0.006640 0.999906 5.990577 0.000000 0.000000 0.000000 1.000000
0.999022 0.039034 0.020769 -0.413296 -0.038902 0.999220 -0.006742 84.446770 -0.021016 0.005928 0.999762 6.051542 0.000000 0.000000 0.000000 1.000000
0.997689 0.034393 0.058598 -0.013873 -0.034031 0.999395 -0.007164 84.066711 -0.058809 0.005153 0.998256 6.084867 0.000000 0.000000 0.000000 1.000000
0.995381 0.029518 0.091350 0.438769 -0.029187 0.999562 -0.004950 83.440758 -0.091457 0.002261 0.995806 6.035524 0.000000 0.000000 0.000000 1.000000
0.992962 0.027588 0.115173 0.893648 -0.027670 0.999617 -0.000885 82.731445 -0.115153 -0.002309 0.993345 5.937032 0.000000 0.000000 0.000000 1.000000
0.990895 0.027620 0.131777 1.270612 -0.027978 0.999608 0.000868 82.213852 -0.131701 -0.004547 0.991279 5.733821 0.000000 0.000000 0.000000 1.000000
0.989498 0.026752 0.142052 1.489289 -0.026798 0.999640 -0.001589 81.767174 -0.142044 -0.002235 0.989858 5.339416 0.000000 0.000000 0.000000 1.000000
0.987040 0.026967 0.158190 1.734513 -0.026642 0.999636 -0.004176 81.273491 -0.158245 -0.000092 0.987400 4.870144 0.000000 0.000000 0.000000 1.000000</float_array>
        <technique_common>
          <accessor source="#mixamorig_Hips-Matrix-animation-output-transform-array" count="23" stride="16">
            <param type="float4x4"/>
          </accessor>
        </technique_common>
      </source>
      <source id="mixamorig_Hips-Interpolations">
        <Name_array id="mixamorig_Hips-Interpolations-array" count="23">
 LINEAR LINEAR LINEAR LINEAR LINEAR LINEAR LINEAR LINEAR LINEAR LINEAR LINEAR
LINEAR LINEAR LINEAR LINEAR LINEAR LINEAR LINEAR LINEAR LINEAR LINEAR LINEAR LINEAR</Name_array>
        <technique_common>
          <accessor source="#mixamorig_Hips-Interpolations-array" count="23">
            <param type="name"/>
          </accessor>
        </technique_common>
      </source>
      <sampler id="mixamorig_Hips-Matrix-animation-transform">
        <input semantic="INPUT" source="#mixamorig_Hips-Matrix-animation-input"/>
        <input semantic="OUTPUT" source="#mixamorig_Hips-Matrix-animation-output-transform"/>
        <input semantic="INTERPOLATION" source="#mixamorig_Hips-Interpolations"/>
      </sampler>
      <channel source="#mixamorig_Hips-Matrix-animation-transform" target="mixamorig_Hips/matrix"/>
    </animation>
    <animation id="mixamorig_Spine-anim" name="mixamorig_Spine">
      <source id="mixamorig_Spine-Matrix-animation-input">
        <float_array id="mixamorig_Spine-Matrix-animation-input-array" count="23">

0.000000 0.033333 0.066667 0.100000 0.133333 0.166667 0.200000 0.233333 0.266667 0.300000 0.333333 0.366667 0.400000 0.433333 0.466667 0.500000
0.533333 0.566667 0.600000 0.633333 0.666667 0.700000 0.733333</float_array>
        <technique_common>
          <accessor source="#mixamorig_Spine-Matrix-animation-input-array" count="23">
            <param name="TIME" type="float"/>
          </accessor>
        </technique_common>
      </source>
      <source id="mixamorig_Spine-Matrix-animation-output-transform">
        <float_array id="mixamorig_Spine-Matrix-animation-output-transform-array" count="368">

0.998509 -0.009433 0.053758 0.000000 0.003728 0.994438 0.105255 10.528800 -0.054452 -0.104897 0.992991 -0.610600 0.000000 0.000000 0.000000 1.000000
0.997505 -0.005307 0.070397 0.000000 -0.002279 0.994229 0.107257 10.528800 -0.070560 -0.107150 0.991736 -0.610600 0.000000 0.000000 0.000000 1.000000
0.996706 0.007208 0.080778 0.000000 -0.015942 0.994023 0.107997 10.528800 -0.079516 -0.108929 0.990864 -0.610600 0.000000 0.000000 0.000000 1.000000
0.996337 0.023027 0.082360 0.000000 -0.031942 0.993569 0.108627 10.528800 -0.079329 -0.110860 0.990665 -0.610600 0.000000 0.000000 0.000000 1.000000
0.996405 0.037268 0.076082 -0.000000 -0.045509 0.992930 0.109634 10.528800 -0.071459 -0.112702 0.991056 -0.610600 0.000000 0.000000 0.000000 1.000000
0.996844 0.046484 0.064346 0.000000 -0.053380 0.992500 0.109977 10.528800 -0.058751 -0.113065 0.991849 -0.610600 0.000000 0.000000 0.000000 1.000000
0.997538 0.049867 0.049312 0.000000 -0.055017 0.992488 0.109271 10.528800 -0.043492 -0.111715 0.992788 -0.610600 0.000000 0.000000 0.000000 1.000000
0.998179 0.049454 0.034540 0.000000 -0.052927 0.992721 0.108180 10.528800 -0.028939 -0.109811 0.993531 -0.610600 0.000000 0.000000 0.000000 1.000000
0.998536 0.048304 0.024355 -0.000000 -0.050648 0.992945 0.107212 10.528800 -0.019004 -0.108288 0.993938 -0.610600 0.000000 0.000000 0.000000 1.000000
0.998653 0.048731 0.017838 0.000000 -0.050357 0.993054 0.106339 10.528800 -0.012532 -0.107094 0.994170 -0.610600 0.000000 0.000000 0.000000 1.000000
0.998684 0.049189 0.014532 0.000000 -0.050451 0.993147 0.105421 10.528800 -0.009247 -0.106015 0.994321 -0.610600 0.000000 0.000000 0.000000 1.000000
0.998808 0.047764 0.010023 0.000000 -0.048553 0.993308 0.104799 10.528800 -0.004950 -0.105161 0.994443 -0.610600 0.000000 0.000000 0.000000 1.000000
0.998987 0.044849 0.003742 0.000000 -0.044995 0.993479 0.104764 10.528800 0.000981 -0.104826 0.994490 -0.610600 0.000000 0.000000 0.000000 1.000000
0.999108 0.042167 -0.002416 -0.000000 -0.041680 0.993587 0.105103 10.528800 0.006832 -0.104909 0.994458 -0.610600 0.000000 0.000000 0.000000 1.000000
0.999200 0.039221 -0.007829 0.000000 -0.038178 0.993689 0.105474 10.528800 0.011916 -0.105090 0.994391 -0.610600 0.000000 0.000000 0.000000 1.000000
0.999357 0.033993 -0.011435 0.000000 -0.032602 0.993899 0.105361 10.528800 0.014947 -0.104920 0.994368 -0.610600 0.000000 0.000000 0.000000 1.000000
0.999573 0.026392 -0.012581 -0.000000 -0.024931 0.994179 0.104813 10.528800 0.015274 -0.104455 0.994412 -0.610600 0.000000 0.000000 0.000000 1.000000
0.999739 0.018977 -0.012701 -0.000000 -0.017555 0.994424 0.103982 10.528800 0.014603 -0.103732 0.994498 -0.610600 0.000000 0.000000 0.000000 1.000000
0.999821 0.013872 -0.012882 0.000000 -0.012474 0.994611 0.102922 10.528800 0.014241 -0.102743 0.994606 -0.610600 0.000000 0.000000 0.000000 1.000000
0.999860 0.010806 -0.012748 0.000000 -0.009450 0.994742 0.101973 10.528800 0.013783 -0.101839 0.994705 -0.610600 0.000000 0.000000 0.000000 1.000000
0.999883 0.009157 -0.012266 0.000000 -0.007870 0.994836 0.101185 10.528800 0.013129 -0.101077 0.994792 -0.610600 0.000000 0.000000 0.000000 1.000000
0.999903 0.007315 -0.011834 -0.000000 -0.006092 0.994937 0.100318 10.528800 0.012508 -0.100236 0.994885 -0.610600 0.000000 0.000000 0.000000 1.000000
0.999950 0.005066 -0.008626 -0.000000 -0.004181 0.995012 0.099665 10.528800 0.009087 -0.099624 0.994984 -0.610600 0.000000 0.000000 0.000000 1.000000</float_array>
        <technique_common>
          <accessor source="#mixamorig_Spine-Matrix-animation-output-transform-array" count="23" stride="16">
            <param type="float4x4"/>
          </accessor>
        </technique_common>
      </source>
      <source id="mixamorig_Spine-Interpolations">
        <Name_array id="mixamorig_Spine-Interpolations-array" count="23">
 LINEAR LINEAR LINEAR LINEAR LINEAR LINEAR LINEAR LINEAR LINEAR LINEAR LINEAR
LINEAR LINEAR LINEAR LINEAR LINEAR LINEAR LINEAR LINEAR LINEAR LINEAR LINEAR LINEAR</Name_array>
        <technique_common>
          <accessor source="#mixamorig_Spine-Interpolations-array" count="23">
            <param type="name"/>
          </accessor>
        </technique_common>
      </source>
      <sampler id="mixamorig_Spine-Matrix-animation-transform">
        <input semantic="INPUT" source="#mixamorig_Spine-Matrix-animation-input"/>
        <input semantic="OUTPUT" source="#mixamorig_Spine-Matrix-animation-output-transform"/>
        <input semantic="INTERPOLATION" source="#mixamorig_Spine-Interpolations"/>
      </sampler>
      <channel source="#mixamorig_Spine-Matrix-animation-transform" target="mixamorig_Spine/matrix"/>
    </animation>
    <animation id="mixamorig_Spine1-anim" name="mixamorig_Spine1">
      <source id="mixamorig_Spine1-Matrix-animation-input">
        <float_array id="mixamorig_Spine1-Matrix-animation-input-array" count="23">

0.000000 0.033333 0.066667 0.100000 0.133333 0.166667 0.200000 0.233333 0.266667 0.300000 0.333333 0.366667 0.400000 0.433333 0.466667 0.500000
0.533333 0.566667 0.600000 0.633333 0.666667 0.700000 0.733333</float_array>
        <technique_common>
          <accessor source="#mixamorig_Spine1-Matrix-animation-input-array" count="23">
            <param name="TIME" type="float"/>
          </accessor>
        </technique_common>
      </source>
      <source id="mixamorig_Spine1-Matrix-animation-output-transform">
        <float_array id="mixamorig_Spine1-Matrix-animation-output-transform-array" count="368">

0.994425 -0.032759 0.100227 -0.000000 0.028545 0.998659 0.043199 11.377000 -0.101508 -0.040097 0.994026 0.000000 0.000000 0.000000 0.000000 1.000000
0.990442 -0.023422 0.135926 -0.000000 0.017129 0.998735 0.047279 11.377000 -0.136861 -0.044499 0.989590 0.000000 0.000000 0.000000 0.000000 1.000000
0.987317 -0.011245 0.158363 0.000000 0.003385 0.998753 0.049814 11.377000 -0.158726 -0.048646 0.986124 0.000000 0.000000 0.000000 0.000000 1.000000
0.986857 0.000326 0.161595 -0.000000 -0.008942 0.998576 0.052592 11.377000 -0.161347 -0.053345 0.985455 0.000000 0.000000 0.000000 0.000000 1.000000
0.988765 0.011470 0.149038 0.000000 -0.019954 0.998256 0.055557 11.377000 -0.148140 -0.057907 0.987270 0.000000 0.000000 0.000000 0.000000 1.000000
0.991736 0.021822 0.126423 -0.000000 -0.029129 0.997992 0.056244 11.377000 -0.124941 -0.059461 0.990381 0.000000 0.000000 0.000000 0.000000 1.000000
0.994826 0.028691 0.097463 0.000000 -0.034089 0.997949 0.054178 11.377000 -0.095708 -0.057221 0.993763 -0.000000 0.000000 0.000000 0.000000 1.000000
0.997158 0.031398 0.068488 0.000000 -0.034939 0.998081 0.051125 11.377000 -0.066751 -0.053373 0.996341 -0.000000 0.000000 0.000000 0.000000 1.000000
0.998366 0.031742 0.047512 0.000000 -0.034047 0.998242 0.048512 11.377000 -0.045888 -0.050050 0.997692 -0.000000 0.000000 0.000000 0.000000 1.000000
0.998967 0.031435 0.032802 -0.000000 -0.032935 0.998387 0.046249 11.377000 -0.031295 -0.047281 0.998391 0.000000 0.000000 0.000000 0.000000 1.000000
0.999276 0.029518 0.024007 -0.000000 -0.030553 0.998567 0.043936 11.377000 -0.022676 -0.044638 0.998746 0.000000 0.000000 0.000000 0.000000 1.000000
0.999560 0.026352 0.013643 0.000000 -0.026907 0.998745 0.042246 11.377000 -0.012513 -0.042595 0.999014 -0.000000 0.000000 0.000000 0.000000 1.000000
0.999760 0.021921 0.000327 0.000000 -0.021915 0.998888 0.041732 11.377000 0.000588 -0.041729 0.999129 0.000000 0.000000 0.000000 0.000000 1.000000
0.999748 0.018850 -0.012188 0.000000 -0.018323 0.998948 0.042028 11.377000 0.012967 -0.041794 0.999042 0.000000 0.000000 0.000000 0.000000 1.000000
0.999603 0.016726 -0.022661 0.000000 -0.015751 0.998970 0.042555 11.377000 0.023349 -0.042181 0.998837 0.000000 0.000000 0.000000 0.000000 1.000000
0.999491 0.011725 -0.029669 0.000000 -0.010464 0.999050 0.042299 11.377000 0.030137 -0.041967 0.998664 0.000000 0.000000 0.000000 0.000000 1.000000
0.999485 0.003218 -0.031926 0.000000 -0.001897 0.999144 0.041323 11.377000 0.032032 -0.041241 0.998636 0.000000 0.000000 0.000000 0.000000 1.000000
0.999481 -0.004735 -0.031867 0.000000 0.006003 0.999188 0.039838 11.377000 0.031652 -0.040009 0.998698 -0.000000 0.000000 0.000000 0.000000 1.000000
0.999456 -0.009235 -0.031656 0.000000 0.010432 0.999229 0.037838 11.377000 0.031283 -0.038148 0.998782 0.000000 0.000000 0.000000 0.000000 1.000000
0.999448 -0.011933 -0.031012 0.000000 0.013045 0.999270 0.035915 11.377000 0.030560 -0.036300 0.998874 -0.000000 0.000000 0.000000 0.000000 1.000000
0.999464 -0.013828 -0.029657 0.000000 0.014841 0.999304 0.034218 11.377000 0.029163 -0.034640 0.998974 0.000000 0.000000 0.000000 0.000000 1.000000
0.999486 -0.015617 -0.027988 -0.000000 0.016521 0.999339 0.032379 11.377000 0.027464 -0.032824 0.999084 0.000000 0.000000 0.000000 0.000000 1.000000
0.999583 -0.019849 -0.020995 0.000000 0.020497 0.999305 0.031132 11.377000 0.020363 -0.031549 0.999295 0.000000 0.000000 0.000000 0.000000 1.000000</float_array>
        <technique_common>
          <accessor source="#mixamorig_Spine1-Matrix-animation-output-transform-array" count="23" stride="16">
            <param type="float4x4"/>
          </accessor>
        </technique_common>
      </source>
      <source id="mixamorig_Spine1-Interpolations">
        <Name_array id="mixamorig_Spine1-Interpolations-array" count="23">
 LINEAR LINEAR LINEAR LINEAR LINEAR LINEAR LINEAR LINEAR LINEAR LINEAR LINEAR
LINEAR LINEAR LINEAR LINEAR LINEAR LINEAR LINEAR LINEAR LINEAR LINEAR LINEAR LINEAR</Name_array>
        <technique_common>
          <accessor source="#mixamorig_Spine1-Interpolations-array" count="23">
            <param type="name"/>
          </accessor>
        </technique_common>
      </source>
      <sampler id="mixamorig_Spine1-Matrix-animation-transform">
        <input semantic="INPUT" source="#mixamorig_Spine1-Matrix-animation-input"/>
        <input semantic="OUTPUT" source="#mixamorig_Spine1-Matrix-animation-output-transform"/>
        <input semantic="INTERPOLATION" source="#mixamorig_Spine1-Interpolations"/>
      </sampler>
      <channel source="#mixamorig_Spine1-Matrix-animation-transform" target="mixamorig_Spine1/matrix"/>
    </animation>
    <animation id="mixamorig_Spine2-anim" name="mixamorig_Spine2">
      <source id="mixamorig_Spine2-Matrix-animation-input">
        <float_array id="mixamorig_Spine2-Matrix-animation-input-array" count="23">

0.000000 0.033333 0.066667 0.100000 0.133333 0.166667 0.200000 0.233333 0.266667 0.300000 0.333333 0.366667 0.400000 0.433333 0.466667 0.500000
0.533333 0.566667 0.600000 0.633333 0.666667 0.700000 0.733333</float_array>
        <technique_common>
          <accessor source="#mixamorig_Spine2-Matrix-animation-input-array" count="23">
            <param name="TIME" type="float"/>
          </accessor>
        </technique_common>
      </source>
      <source id="mixamorig_Spine2-Matrix-animation-output-transform">
        <float_array id="mixamorig_Spine2-Matrix-animation-output-transform-array" count="368">

0.994417 -0.040306 0.097522 0.000000 0.036732 0.998596 0.038170 14.062000 -0.098923 -0.034375 0.994501 0.000000 0.000000 0.000000 0.000000 1.000000
0.990419 -0.033727 0.133915 -0.000000 0.028238 0.998690 0.042683 14.062000 -0.135179 -0.038492 0.990073 0.000000 0.000000 0.000000 0.000000 1.000000
0.987298 -0.023382 0.157152 -0.000000 0.016453 0.998840 0.045246 14.062000 -0.158028 -0.042085 0.986537 0.000000 0.000000 0.000000 0.000000 1.000000
0.986856 -0.012182 0.161142 -0.000000 0.004543 0.998852 0.047689 14.062000 -0.161538 -0.046330 0.985778 -0.000000 0.000000 0.000000 0.000000 1.000000
0.988777 -0.000147 0.149398 0.000000 -0.007453 0.998706 0.050305 14.062000 -0.149212 -0.050854 0.987497 0.000000 0.000000 0.000000 0.000000 1.000000
0.991754 0.011905 0.127601 -0.000000 -0.018524 0.998536 0.050815 14.062000 -0.126809 -0.052760 0.990523 0.000000 0.000000 0.000000 0.000000 1.000000
0.994844 0.021003 0.099223 0.000000 -0.025936 0.998477 0.048693 14.062000 -0.098049 -0.051015 0.993873 0.000000 0.000000 0.000000 0.000000 1.000000
0.997171 0.025994 0.070526 0.000000 -0.029254 0.998532 0.045594 14.062000 -0.069237 -0.047528 0.996467 0.000000 0.000000 0.000000 0.000000 1.000000
0.998375 0.028016 0.049626 0.000000 -0.030157 0.998622 0.042942 14.062000 -0.048354 -0.044369 0.997844 0.000000 0.000000 0.000000 0.000000 1.000000
0.998974 0.028878 0.034892 -0.000000 -0.030292 0.998712 0.040705 14.062000 -0.033671 -0.041720 0.998562 0.000000 0.000000 0.000000 0.000000 1.000000
0.999281 0.027657 0.025917 0.000000 -0.028642 0.998850 0.038457 14.062000 -0.024824 -0.039172 0.998924 0.000000 0.000000 0.000000 0.000000 1.000000
0.999563 0.025303 0.015305 -0.000000 -0.025852 0.998986 0.036846 14.062000 -0.014357 -0.037226 0.999204 0.000000 0.000000 0.000000 0.000000 1.000000
0.999759 0.021904 0.001677 0.000000 -0.021951 0.999095 0.036428 14.062000 -0.000877 -0.036456 0.999335 -0.000000 0.000000 0.000000 0.000000 1.000000
0.999743 0.019794 -0.011038 0.000000 -0.019375 0.999134 0.036833 14.062000 0.011758 -0.036610 0.999260 0.000000 0.000000 0.000000 0.000000 1.000000
0.999595 0.018466 -0.021633 0.000000 -0.017647 0.999143 0.037454 14.062000 0.022306 -0.037057 0.999064 0.000000 0.000000 0.000000 0.000000 1.000000
0.999482 0.014007 -0.028978 -0.000000 -0.012924 0.999223 0.037243 14.062000 0.029477 -0.036849 0.998886 0.000000 0.000000 0.000000 0.000000 1.000000
0.999477 0.005692 -0.031835 0.000000 -0.004537 0.999333 0.036244 14.062000 0.032020 -0.036080 0.998836 0.000000 0.000000 0.000000 0.000000 1.000000
0.999474 -0.002241 -0.032346 0.000000 0.003364 0.999392 0.034705 14.062000 0.032249 -0.034796 0.998874 0.000000 0.000000 0.000000 0.000000 1.000000
0.999450 -0.006741 -0.032462 0.000000 0.007802 0.999436 0.032659 14.062000 0.032224 -0.032894 0.998939 -0.000000 0.000000 0.000000 0.000000 1.000000
0.999442 -0.009480 -0.032018 0.000000 0.010464 0.999474 0.030699 14.062000 0.031710 -0.031017 0.999016 0.000000 0.000000 0.000000 0.000000 1.000000
0.999459 -0.011474 -0.030812 0.000000 0.012367 0.999504 0.028967 14.062000 0.030465 -0.029332 0.999105 0.000000 0.000000 0.000000 0.000000 1.000000
0.999482 -0.013383 -0.029285 -0.000000 0.014177 0.999532 0.027091 14.062000 0.028909 -0.027492 0.999204 0.000000 0.000000 0.000000 0.000000 1.000000
0.999579 -0.018131 -0.022649 0.000000 0.018714 0.999492 0.025793 14.062000 0.022169 -0.026206 0.999411 0.000000 0.000000 0.000000 0.000000 1.000000</float_array>
        <technique_common>
          <accessor source="#mixamorig_Spine2-Matrix-animation-output-transform-array" count="23" stride="16">
            <param type="float4x4"/>
          </accessor>
        </technique_common>
      </source>
      <source id="mixamorig_Spine2-Interpolations">
        <Name_array id="mixamorig_Spine2-Interpolations-array" count="23">
 LINEAR LINEAR LINEAR LINEAR LINEAR LINEAR LINEAR LINEAR LINEAR LINEAR LINEAR
LINEAR LINEAR LINEAR LINEAR LINEAR LINEAR LINEAR LINEAR LINEAR LINEAR LINEAR LINEAR</Name_array>
        <technique_common>
          <accessor source="#mixamorig_Spine2-Interpolations-array" count="23">
            <param type="name"/>
          </accessor>
        </technique_common>
      </source>
      <sampler id="mixamorig_Spine2-Matrix-animation-transform">
        <input semantic="INPUT" source="#mixamorig_Spine2-Matrix-animation-input"/>
        <input semantic="OUTPUT" source="#mixamorig_Spine2-Matrix-animation-output-transform"/>
        <input semantic="INTERPOLATION" source="#mixamorig_Spine2-Interpolations"/>
      </sampler>
      <channel source="#mixamorig_Spine2-Matrix-animation-transform" target="mixamorig_Spine2/matrix"/>
    </animation>
    <animation id="mixamorig_Neck-anim" name="mixamorig_Neck">
      <source id="mixamorig_Neck-Matrix-animation-input">
        <float_array id="mixamorig_Neck-Matrix-animation-input-array" count="23">

0.000000 0.033333 0.066667 0.100000 0.133333 0.166667 0.200000 0.233333 0.266667 0.300000 0.333333 0.366667 0.400000 0.433333 0.466667 0.500000
0.533333 0.566667 0.600000 0.633333 0.666667 0.700000 0.733333</float_array>
        <technique_common>
          <accessor source="#mixamorig_Neck-Matrix-animation-input-array" count="23">
            <param name="TIME" type="float"/>
          </accessor>
        </technique_common>
      </source>
      <source id="mixamorig_Neck-Matrix-animation-output-transform">
        <float_array id="mixamorig_Neck-Matrix-animation-output-transform-array" count="368">

0.993171 -0.024901 -0.113976 0.000000 0.015658 0.996568 -0.081284 10.523900 0.115609 0.078945 0.990153 0.000000 0.000000 0.000000 0.000000 1.000000
0.991007 -0.031933 -0.129946 0.000000 0.021674 0.996591 -0.079606 10.523900 0.132045 0.076074 0.988320 0.000000 0.000000 0.000000 0.000000 1.000000
0.990392 -0.034344 -0.133952 0.000000 0.023734 0.996511 -0.080017 10.523900 0.136233 0.076069 0.987752 0.000000 0.000000 0.000000 0.000000 1.000000
0.990977 -0.036494 -0.128970 -0.000000 0.026115 0.996350 -0.081269 10.523900 0.131465 0.077168 0.988313 0.000000 0.000000 0.000000 0.000000 1.000000
0.990309 -0.048997 -0.129951 0.000000 0.039157 0.996244 -0.077227 10.523900 0.133247 0.071390 0.988508 0.000000 0.000000 0.000000 0.000000 1.000000
0.988097 -0.069079 -0.137451 0.000000 0.060070 0.995831 -0.068652 10.523900 0.141620 0.059578 0.988127 0.000000 0.000000 0.000000 0.000000 1.000000
0.986352 -0.086395 -0.140165 0.000000 0.077942 0.994854 -0.064728 10.523900 0.145036 0.052920 0.988010 0.000000 0.000000 0.000000 0.000000 1.000000
0.986729 -0.095422 -0.131379 0.000000 0.086891 0.993811 -0.069210 10.523900 0.137170 0.056876 0.988913 -0.000000 0.000000 0.000000 0.000000 1.000000
0.988578 -0.098187 -0.114338 -0.000000 0.089247 0.992722 -0.080858 10.523900 0.121445 0.069730 0.990146 0.000000 0.000000 0.000000 0.000000 1.000000
0.990637 -0.098007 -0.095042 0.000000 0.088958 0.991476 -0.095192 10.523900 0.103562 0.085846 0.990911 0.000000 0.000000 0.000000 0.000000 1.000000
0.992539 -0.093694 -0.078026 -0.000000 0.085492 0.991048 -0.102544 10.523900 0.086935 0.095108 0.991664 0.000000 0.000000 0.000000 0.000000 1.000000
0.994261 -0.085983 -0.063659 0.000000 0.079131 0.991500 -0.103277 10.523900 0.071998 0.097647 0.992613 0.000000 0.000000 0.000000 0.000000 1.000000
0.995975 -0.074787 -0.049402 0.000000 0.069427 0.992306 -0.102510 10.523900 0.056688 0.098668 0.993504 -0.000000 0.000000 0.000000 0.000000 1.000000
0.997197 -0.065381 -0.036369 -0.000000 0.061372 0.992873 -0.102161 10.523900 0.042789 0.099643 0.994103 0.000000 0.000000 0.000000 0.000000 1.000000
0.997864 -0.060063 -0.025707 -0.000000 0.057103 0.992990 -0.103487 10.523900 0.031743 0.101798 0.994298 0.000000 0.000000 0.000000 0.000000 1.000000
0.998226 -0.056788 -0.017904 0.000000 0.054575 0.992835 -0.106304 10.523900 0.023813 0.105138 0.994172 -0.000000 0.000000 0.000000 0.000000 1.000000
0.998371 -0.055222 -0.014359 -0.000000 0.053363 0.992754 -0.107666 10.523900 0.020201 0.106724 0.994083 -0.000000 0.000000 0.000000 0.000000 1.000000
0.998336 -0.055886 -0.014219 0.000000 0.054011 0.992575 -0.108984 10.523900 0.020204 0.108034 0.993942 -0.000000 0.000000 0.000000 0.000000 1.000000
0.998141 -0.058770 -0.016169 0.000000 0.056580 0.992000 -0.112851 10.523900 0.022672 0.111726 0.993480 0.000000 0.000000 0.000000 0.000000 1.000000
0.998045 -0.059680 -0.018565 0.000000 0.057084 0.991360 -0.118094 10.523900 0.025452 0.116804 0.992829 0.000000 0.000000 0.000000 0.000000 1.000000
0.998099 -0.058010 -0.020833 0.000000 0.055107 0.991243 -0.119999 10.523900 0.027612 0.118623 0.992555 0.000000 0.000000 0.000000 0.000000 1.000000
0.998236 -0.054363 -0.023879 0.000000 0.051255 0.991967 -0.115647 10.523900 0.029974 0.114219 0.993003 0.000000 0.000000 0.000000 0.000000 1.000000
0.998385 -0.048045 -0.030327 0.000000 0.044435 0.992917 -0.110185 10.523900 0.035406 0.108660 0.993448 0.000000 0.000000 0.000000 0.000000 1.000000</float_array>
        <technique_common>
          <accessor source="#mixamorig_Neck-Matrix-animation-output-transform-array" count="23" stride="16">
            <param type="float4x4"/>
          </accessor>
        </technique_common>
      </source>
      <source id="mixamorig_Neck-Interpolations">
        <Name_array id="mixamorig_Neck-Interpolations-array" count="23">
 LINEAR LINEAR LINEAR LINEAR LINEAR LINEAR LINEAR LINEAR LINEAR LINEAR LINEAR
LINEAR LINEAR LINEAR LINEAR LINEAR LINEAR LINEAR LINEAR LINEAR LINEAR LINEAR LINEAR</Name_array>
        <technique_common>
          <accessor source="#mixamorig_Neck-Interpolations-array" count="23">
            <param type="name"/>
          </accessor>
        </technique_common>
      </source>
      <sampler id="mixamorig_Neck-Matrix-animation-transform">
        <input semantic="INPUT" source="#mixamorig_Neck-Matrix-animation-input"/>
        <input semantic="OUTPUT" source="#mixamorig_Neck-Matrix-animation-output-transform"/>
        <input semantic="INTERPOLATION" source="#mixamorig_Neck-Interpolations"/>
      </sampler>
      <channel source="#mixamorig_Neck-Matrix-animation-transform" target="mixamorig_Neck/matrix"/>
    </animation>
    <animation id="mixamorig_Head-anim" name="mixamorig_Head">
      <source id="mixamorig_Head-Matrix-animation-input">
        <float_array id="mixamorig_Head-Matrix-animation-input-array" count="23">

0.000000 0.033333 0.066667 0.100000 0.133333 0.166667 0.200000 0.233333 0.266667 0.300000 0.333333 0.366667 0.400000 0.433333 0.466667 0.500000
0.533333 0.566667 0.600000 0.633333 0.666667 0.700000 0.733333</float_array>
        <technique_common>
          <accessor source="#mixamorig_Head-Matrix-animation-input-array" count="23">
            <param name="TIME" type="float"/>
          </accessor>
        </technique_common>
      </source>
      <source id="mixamorig_Head-Matrix-animation-output-transform">
        <float_array id="mixamorig_Head-Matrix-animation-output-transform-array" count="368">

0.888727 0.129867 -0.439658 0.000000 -0.209077 0.968310 -0.136608 13.606700 0.407985 0.213330 0.887716 1.762900 0.000000 0.000000 0.000000 1.000000
0.859719 0.110509 -0.498669 0.000000 -0.203804 0.969445 -0.136527 13.606700 0.468345 0.219005 0.855973 1.762900 0.000000 0.000000 0.000000 1.000000
0.852564 0.093421 -0.514205 0.000000 -0.200839 0.966908 -0.157329 13.606700 0.482491 0.237405 0.843114 1.762900 0.000000 0.000000 0.000000 1.000000
0.861218 0.073353 -0.502914 -0.000000 -0.192300 0.962994 -0.188846 13.606700 0.470451 0.259348 0.843454 1.762900 0.000000 0.000000 0.000000 1.000000
0.858781 0.050805 -0.509817 0.000000 -0.178915 0.962164 -0.205498 13.606700 0.480087 0.267692 0.835379 1.762900 0.000000 0.000000 0.000000 1.000000
0.841751 0.043943 -0.538075 -0.000000 -0.175668 0.964736 -0.196022 13.606700 0.510486 0.259524 0.819787 1.762900 0.000000 0.000000 0.000000 1.000000
0.834242 0.057459 -0.548396 0.000000 -0.180827 0.968063 -0.173652 13.606700 0.520904 0.244033 0.817989 1.762900 0.000000 0.000000 0.000000 1.000000
0.855322 0.073516 -0.512854 0.000000 -0.175940 0.972272 -0.154054 13.606700 0.487308 0.221998 0.844540 1.762900 0.000000 0.000000 0.000000 1.000000
0.892388 0.074269 -0.445116 0.000000 -0.153225 0.977633 -0.144072 13.606700 0.424460 0.196771 0.883807 1.762900 0.000000 0.000000 0.000000 1.000000
0.927091 0.064323 -0.369275 0.000000 -0.124292 0.982182 -0.140960 13.606700 0.353629 0.176581 0.918567 1.762900 0.000000 0.000000 0.000000 1.000000
0.950751 0.063436 -0.303396 -0.000000 -0.111229 0.983463 -0.142931 13.606700 0.289312 0.169639 0.942084 1.762900 0.000000 0.000000 0.000000 1.000000
0.966186 0.074369 -0.246890 0.000000 -0.110944 0.984242 -0.137693 13.606700 0.232760 0.160428 0.959211 1.762900 0.000000 0.000000 0.000000 1.000000
0.977706 0.091542 -0.188973 0.000000 -0.117417 0.984458 -0.130601 13.606700 0.174080 0.149878 0.973259 1.762900 0.000000 0.000000 0.000000 1.000000
0.985362 0.115888 -0.125025 0.000000 -0.132277 0.982396 -0.131916 13.606700 0.107536 0.146523 0.983345 1.762900 0.000000 0.000000 0.000000 1.000000
0.988326 0.140009 -0.060083 -0.000000 -0.147085 0.979643 -0.136620 13.606700 0.039732 0.143863 0.988800 1.762900 0.000000 0.000000 0.000000 1.000000
0.987150 0.159750 -0.003972 -0.000000 -0.158666 0.976891 -0.143207 13.606700 -0.018997 0.141997 0.989685 1.762900 0.000000 0.000000 0.000000 1.000000
0.983853 0.175633 0.034442 -0.000000 -0.168640 0.974152 -0.150292 13.606700 -0.059948 0.142057 0.988042 1.762900 0.000000 0.000000 0.000000 1.000000
0.980273 0.189951 0.054615 0.000000 -0.179413 0.971116 -0.157304 13.606700 -0.082917 0.144403 0.986039 1.762900 0.000000 0.000000 0.000000 1.000000
0.977610 0.202003 0.058930 0.000000 -0.190197 0.968085 -0.163208 13.606700 -0.090018 0.148346 0.984830 1.762900 0.000000 0.000000 0.000000 1.000000
0.977468 0.205069 0.050028 0.000000 -0.194174 0.966492 -0.167895 13.606700 -0.082782 0.154398 0.984535 1.762900 0.000000 0.000000 0.000000 1.000000
0.978217 0.203844 0.039239 0.000000 -0.194280 0.965596 -0.172856 13.606700 -0.073125 0.161467 0.984165 1.762900 0.000000 0.000000 0.000000 1.000000
0.977420 0.208882 0.031920 0.000000 -0.200215 0.963783 -0.176171 13.606700 -0.067563 0.165802 0.983842 1.762900 0.000000 0.000000 0.000000 1.000000
0.977101 0.212767 0.002129 0.000000 -0.209127 0.962134 -0.174824 13.606700 -0.039245 0.170376 0.984597 1.762900 0.000000 0.000000 0.000000 1.000000</float_array>
        <technique_common>
          <accessor source="#mixamorig_Head-Matrix-animation-output-transform-array" count="23" stride="16">
            <param type="float4x4"/>
          </accessor>
        </technique_common>
      </source>
      <source id="mixamorig_Head-Interpolations">
        <Name_array id="mixamorig_Head-Interpolations-array" count="23">
 LINEAR LINEAR LINEAR LINEAR LINEAR LINEAR LINEAR LINEAR LINEAR LINEAR LINEAR
LINEAR LINEAR LINEAR LINEAR LINEAR LINEAR LINEAR LINEAR LINEAR LINEAR LINEAR LINEAR</Name_array>
        <technique_common>
          <accessor source="#mixamorig_Head-Interpolations-array" count="23">
            <param type="name"/>
          </accessor>
        </technique_common>
      </source>
      <sampler id="mixamorig_Head-Matrix-animation-transform">
        <input semantic="INPUT" source="#mixamorig_Head-Matrix-animation-input"/>
        <input semantic="OUTPUT" source="#mixamorig_Head-Matrix-animation-output-transform"/>
        <input semantic="INTERPOLATION" source="#mixamorig_Head-Interpolations"/>
      </sampler>
      <channel source="#mixamorig_Head-Matrix-animation-transform" target="mixamorig_Head/matrix"/>
    </animation>
    <animation id="mixamorig_HeadTop_End-anim" name="mixamorig_HeadTop_End">
      <source id="mixamorig_HeadTop_End-Matrix-animation-input">
        <float_array id="mixamorig_HeadTop_End-Matrix-animation-input-array" count="23">

0.000000 0.033333 0.066667 0.100000 0.133333 0.166667 0.200000 0.233333 0.266667 0.300000 0.333333 0.366667 0.400000 0.433333 0.466667 0.500000
0.533333 0.566667 0.600000 0.633333 0.666667 0.700000 0.733333</float_array>
        <technique_common>
          <accessor source="#mixamorig_HeadTop_End-Matrix-animation-input-array" count="23">
            <param name="TIME" type="float"/>
          </accessor>
        </technique_common>
      </source>
      <source id="mixamorig_HeadTop_End-Matrix-animation-output-transform">
        <float_array id="mixamorig_HeadTop_End-Matrix-animation-output-transform-array" count="368">

1.000000 0.000000 0.000000 -0.000000 0.000000 0.948237 0.317563 31.591200 0.000000 -0.317563 0.948237 -0.362600 0.000000 0.000000 0.000000 1.000000
1.000000 0.000000 0.000000 0.000000 -0.000000 0.948237 0.317563 31.591200 0.000000 -0.317563 0.948237 -0.362600 0.000000 0.000000 0.000000 1.000000
1.000000 0.000000 0.000000 -0.000000 -0.000000 0.948237 0.317563 31.591200 -0.000000 -0.317563 0.948237 -0.362600 0.000000 0.000000 0.000000 1.000000
1.000000 -0.000000 0.000000 -0.000000 0.000000 0.948237 0.317563 31.591200 -0.000000 -0.317563 0.948237 -0.362600 0.000000 0.000000 0.000000 1.000000
1.000000 -0.000000 0.000000 0.000000 0.000000 0.948237 0.317563 31.591200 0.000000 -0.317563 0.948237 -0.362600 0.000000 0.000000 0.000000 1.000000
1.000000 0.000000 -0.000000 -0.000000 0.000000 0.948237 0.317563 31.591200 -0.000000 -0.317563 0.948237 -0.362600 0.000000 0.000000 0.000000 1.000000
1.000000 0.000000 0.000000 0.000000 0.000000 0.948237 0.317563 31.591200 0.000000 -0.317563 0.948237 -0.362600 0.000000 0.000000 0.000000 1.000000
1.000000 -0.000000 0.000000 -0.000000 0.000000 0.948237 0.317563 31.591200 0.000000 -0.317563 0.948237 -0.362600 0.000000 0.000000 0.000000 1.000000
1.000000 -0.000000 0.000000 0.000000 0.000000 0.948237 0.317563 31.591200 -0.000000 -0.317563 0.948237 -0.362600 0.000000 0.000000 0.000000 1.000000
1.000000 0.000000 0.000000 -0.000000 -0.000000 0.948237 0.317563 31.591200 -0.000000 -0.317563 0.948237 -0.362600 0.000000 0.000000 0.000000 1.000000
1.000000 -0.000000 0.000000 -0.000000 -0.000000 0.948237 0.317563 31.591200 -0.000000 -0.317563 0.948237 -0.362600 0.000000 0.000000 0.000000 1.000000
1.000000 -0.000000 0.000000 -0.000000 0.000000 0.948237 0.317563 31.591200 -0.000000 -0.317563 0.948237 -0.362600 0.000000 0.000000 0.000000 1.000000
1.000000 -0.000000 0.000000 0.000000 0.000000 0.948237 0.317563 31.591200 -0.000000 -0.317563 0.948237 -0.362600 0.000000 0.000000 0.000000 1.000000
1.000000 -0.000000 0.000000 0.000000 -0.000000 0.948237 0.317563 31.591200 0.000000 -0.317563 0.948237 -0.362600 0.000000 0.000000 0.000000 1.000000
1.000000 0.000000 0.000000 -0.000000 0.000000 0.948237 0.317563 31.591200 -0.000000 -0.317563 0.948237 -0.362600 0.000000 0.000000 0.000000 1.000000
1.000000 0.000000 0.000000 0.000000 -0.000000 0.948237 0.317563 31.591200 0.000000 -0.317563 0.948237 -0.362600 0.000000 0.000000 0.000000 1.000000
1.000000 0.000000 -0.000000 0.000000 0.000000 0.948237 0.317563 31.591200 -0.000000 -0.317563 0.948237 -0.362600 0.000000 0.000000 0.000000 1.000000
1.000000 -0.000000 -0.000000 0.000000 0.000000 0.948237 0.317563 31.591200 -0.000000 -0.317563 0.948237 -0.362600 0.000000 0.000000 0.000000 1.000000
1.000000 -0.000000 -0.000000 0.000000 -0.000000 0.948237 0.317563 31.591200 0.000000 -0.317563 0.948237 -0.362600 0.000000 0.000000 0.000000 1.000000
1.000000 0.000000 -0.000000 0.000000 0.000000 0.948237 0.317563 31.591200 -0.000000 -0.317563 0.948237 -0.362600 0.000000 0.000000 0.000000 1.000000
1.000000 0.000000 0.000000 -0.000000 -0.000000 0.948237 0.317563 31.591200 0.000000 -0.317563 0.948237 -0.362600 0.000000 0.000000 0.000000 1.000000
1.000000 0.000000 0.000000 0.000000 -0.000000 0.948237 0.317563 31.591200 -0.000000 -0.317563 0.948237 -0.362600 0.000000 0.000000 0.000000 1.000000
1.000000 0.000000 0.000000 0.000000 0.000000 0.948237 0.317563 31.591200 0.000000 -0.317563 0.948237 -0.362600 0.000000 0.000000 0.000000 1.000000</float_array>
        <technique_common>
          <accessor source="#mixamorig_HeadTop_End-Matrix-animation-output-transform-array" count="23" stride="16">
            <param type="float4x4"/>
          </accessor>
        </technique_common>
      </source>
      <source id="mixamorig_HeadTop_End-Interpolations">
        <Name_array id="mixamorig_HeadTop_End-Interpolations-array" count="23">
 LINEAR LINEAR LINEAR LINEAR LINEAR LINEAR LINEAR LINEAR LINEAR LINEAR LINEAR
LINEAR LINEAR LINEAR LINEAR LINEAR LINEAR LINEAR LINEAR LINEAR LINEAR LINEAR LINEAR</Name_array>
        <technique_common>
          <accessor source="#mixamorig_HeadTop_End-Interpolations-array" count="23">
            <param type="name"/>
          </accessor>
        </technique_common>
      </source>
      <sampler id="mixamorig_HeadTop_End-Matrix-animation-transform">
        <input semantic="INPUT" source="#mixamorig_HeadTop_End-Matrix-animation-input"/>
        <input semantic="OUTPUT" source="#mixamorig_HeadTop_End-Matrix-animation-output-transform"/>
        <input semantic="INTERPOLATION" source="#mixamorig_HeadTop_End-Interpolations"/>
      </sampler>
      <channel source="#mixamorig_HeadTop_End-Matrix-animation-transform" target="mixamorig_HeadTop_End/matrix"/>
    </animation>
    <animation id="mixamorig_LeftShoulder-anim" name="mixamorig_LeftShoulder">
      <source id="mixamorig_LeftShoulder-Matrix-animation-input">
        <float_array id="mixamorig_LeftShoulder-Matrix-animation-input-array" count="23">

0.000000 0.033333 0.066667 0.100000 0.133333 0.166667 0.200000 0.233333 0.266667 0.300000 0.333333 0.366667 0.400000 0.433333 0.466667 0.500000
0.533333 0.566667 0.600000 0.633333 0.666667 0.700000 0.733333</float_array>
        <technique_common>
          <accessor source="#mixamorig_LeftShoulder-Matrix-animation-input-array" count="23">
            <param name="TIME" type="float"/>
          </accessor>
        </technique_common>
      </source>
      <source id="mixamorig_LeftShoulder-Matrix-animation-output-transform">
        <float_array id="mixamorig_LeftShoulder-Matrix-animation-output-transform-array" count="368">

-0.108995 0.969358 -0.220146 15.012800 0.372434 -0.165512 -0.913180 10.656300 -0.921636 -0.181522 -0.342983 2.636800 0.000000 0.000000 0.000000 1.000000
-0.093337 0.971537 -0.217726 15.012800 0.378910 -0.167564 -0.910137 10.656300 -0.920715 -0.167448 -0.352486 2.636800 0.000000 0.000000 0.000000 1.000000
