<?xml version="1.0" encoding="utf-8"?>
<COLLADA xmlns="http://www.collada.org/2005/11/COLLADASchema" version="1.4.1">
  <asset>
    <contributor>
      <author>Mixamo</author>
      <authoring_tool>COLLADA Mixamo exporter</authoring_tool>
      <comments/>
    </contributor>
    <created>2024-12-14T06:37:39Z</created>
    <modified>2024-12-14T06:37:39Z</modified>
    <revision/>
    <title/>
    <unit meter="0.010000"/>
    <up_axis>Y_UP</up_axis>
  </asset>
  <library_animations>
    <animation id="mixamorig_Hips-anim" name="mixamorig_Hips">
      <source id="mixamorig_Hips-Matrix-animation-input">
        <float_array id="mixamorig_Hips-Matrix-animation-input-array" count="90">

0.000000 0.033333 0.066667 0.100000 0.133333 0.166667 0.200000 0.233333 0.266667 0.300000 0.333333 0.366667 0.400000 0.433333 0.466667 0.500000
0.533333 0.566667 0.600000 0.633333 0.666667 0.700000 0.733333 0.766667 0.800000 0.833333 0.866667 0.900000 0.933333 0.966667 1.000000 1.033333
1.066667 1.100000 1.133333 1.166667 1.200000 1.233333 1.266667 1.300000 1.333333 1.366667 1.400000 1.433333 1.466667 1.500000 1.533333 1.566667
1.600000 1.633333 1.666667 1.700000 1.733333 1.766667 1.800000 1.833333 1.866667 1.900000 1.933333 1.966667 2.000000 2.033333 2.066667 2.100000
2.133333 2.166667 2.200000 2.233333 2.266667 2.300000 2.333333 2.366667 2.400000 2.433333 2.466667 2.500000 2.533333 2.566667 2.600000 2.633333
2.666667 2.700000 2.733333 2.766667 2.800000 2.833333 2.866667 2.900000 2.933333 2.966667</float_array>
        <technique_common>
          <accessor source="#mixamorig_Hips-Matrix-animation-input-array" count="90">
            <param name="TIME" type="float"/>
          </accessor>
        </technique_common>
      </source>
      <source id="mixamorig_Hips-Matrix-animation-output-transform">
        <float_array id="mixamorig_Hips-Matrix-animation-output-transform-array" count="1440">

0.592831 0.021048 -0.805052 5.200840 0.103036 0.989460 0.101743 83.440704 0.798709 -0.143266 0.584414 -4.082352 0.000000 0.000000 0.000000 1.000000
0.596739 0.025897 -0.802017 5.163061 0.101447 0.989025 0.107417 83.375122 0.795997 -0.145462 0.587562 -4.269401 0.000000 0.000000 0.000000 1.000000
0.599425 0.028696 -0.799916 5.126402 0.099471 0.988940 0.110016 83.600952 0.794226 -0.145515 0.589941 -4.289458 0.000000 0.000000 0.000000 1.000000
0.601414 0.030234 -0.798366 5.120910 0.098029 0.988941 0.111297 84.052818 0.792901 -0.145198 0.591798 -4.132515 0.000000 0.000000 0.000000 1.000000
0.602626 0.031451 -0.797404 5.162713 0.095250 0.989245 0.111002 84.582367 0.792319 -0.142846 0.593149 -3.842862 0.000000 0.000000 0.000000 1.000000
0.602926 0.031562 -0.797173 5.282945 0.093147 0.989598 0.109630 85.053795 0.792341 -0.140353 0.593715 -3.457723 0.000000 0.000000 0.000000 1.000000
0.602559 0.031740 -0.797443 5.467543 0.090911 0.989975 0.108097 85.338066 0.792880 -0.137631 0.593632 -3.043510 0.000000 0.000000 0.000000 1.000000
0.602105 0.030816 -0.797822 5.735707 0.089804 0.990300 0.106024 85.322769 0.793351 -0.135485 0.593497 -2.670368 0.000000 0.000000 0.000000 1.000000
0.600678 0.029288 -0.798954 6.071178 0.091341 0.990271 0.104974 84.958557 0.794256 -0.136033 0.592159 -2.349105 0.000000 0.000000 0.000000 1.000000
0.598101 0.029092 -0.800893 6.397906 0.093782 0.989934 0.105994 84.371536 0.795915 -0.138504 0.589352 -2.056957 0.000000 0.000000 0.000000 1.000000
0.595170 0.028831 -0.803083 6.662481 0.097864 0.989317 0.108045 83.762695 0.797619 -0.142898 0.585990 -1.808021 0.000000 0.000000 0.000000 1.000000
0.592197 0.027355 -0.805329 6.848217 0.101818 0.988873 0.108462 83.246170 0.799335 -0.146228 0.582822 -1.588127 0.000000 0.000000 0.000000 1.000000
0.590235 0.026549 -0.806795 6.916096 0.105935 0.988268 0.110020 83.017448 0.800250 -0.150406 0.580498 -1.422148 0.000000 0.000000 0.000000 1.000000
0.589069 0.027184 -0.807625 6.876740 0.106080 0.988184 0.110634 83.134842 0.801089 -0.150844 0.579225 -1.336389 0.000000 0.000000 0.000000 1.000000
0.588524 0.027758 -0.808003 6.753096 0.104408 0.988432 0.110004 83.527946 0.801710 -0.149102 0.578818 -1.354267 0.000000 0.000000 0.000000 1.000000
0.588971 0.028154 -0.807663 6.578112 0.102483 0.988723 0.109199 84.029129 0.801630 -0.147087 0.579444 -1.481849 0.000000 0.000000 0.000000 1.000000
0.591983 0.026976 -0.805499 6.356091 0.102773 0.988754 0.108644 84.461494 0.799371 -0.147099 0.582553 -1.671769 0.000000 0.000000 0.000000 1.000000
0.591886 0.025545 -0.805617 6.115343 0.102048 0.989080 0.106337 84.725128 0.799535 -0.145151 0.582816 -2.031383 0.000000 0.000000 0.000000 1.000000
0.591988 0.023419 -0.805607 5.899592 0.100962 0.989549 0.102957 84.683205 0.799598 -0.142285 0.583436 -2.505302 0.000000 0.000000 0.000000 1.000000
0.593839 0.021184 -0.804305 5.753123 0.099264 0.990087 0.099366 84.339577 0.798437 -0.138846 0.585850 -3.028019 0.000000 0.000000 0.000000 1.000000
0.596900 0.020930 -0.802043 5.618054 0.098130 0.990250 0.098873 83.822067 0.796292 -0.137722 0.589026 -3.579707 0.000000 0.000000 0.000000 1.000000
0.601338 0.022937 -0.798666 5.492689 0.098278 0.989874 0.102425 83.325493 0.792928 -0.140084 0.592994 -4.037059 0.000000 0.000000 0.000000 1.000000
0.605646 0.026221 -0.795302 5.380527 0.096640 0.989635 0.106223 83.035851 0.789844 -0.141191 0.596835 -4.357980 0.000000 0.000000 0.000000 1.000000
0.609909 0.029504 -0.791922 5.267941 0.094237 0.989516 0.109444 83.044800 0.786849 -0.141379 0.600734 -4.491725 0.000000 0.000000 0.000000 1.000000
0.612605 0.030427 -0.789803 5.178147 0.091810 0.989755 0.109342 83.346001 0.785039 -0.139495 0.603536 -4.445807 0.000000 0.000000 0.000000 1.000000
0.613875 0.028548 -0.788887 5.151714 0.093675 0.989650 0.108707 83.822662 0.783825 -0.140632 0.604848 -4.248528 0.000000 0.000000 0.000000 1.000000
0.610981 0.026014 -0.791218 5.189120 0.095380 0.989760 0.106194 84.350861 0.785878 -0.140349 0.602243 -3.941274 0.000000 0.000000 0.000000 1.000000
0.604470 0.023353 -0.796285 5.293478 0.097951 0.989807 0.103384 84.786865 0.790583 -0.140489 0.596021 -3.561798 0.000000 0.000000 0.000000 1.000000
0.596246 0.021576 -0.802512 5.457525 0.100717 0.989730 0.101440 85.040588 0.796459 -0.141310 0.587949 -3.167802 0.000000 0.000000 0.000000 1.000000
0.587574 0.020116 -0.808921 5.678864 0.103221 0.989661 0.099586 85.021942 0.802560 -0.142011 0.579422 -2.805208 0.000000 0.000000 0.000000 1.000000
0.579596 0.018673 -0.814690 5.926113 0.106830 0.989368 0.098678 84.668221 0.807871 -0.144227 0.571440 -2.475809 0.000000 0.000000 0.000000 1.000000
0.572683 0.019001 -0.819556 6.153821 0.110802 0.988763 0.100350 84.145203 0.812254 -0.148277 0.564143 -2.186792 0.000000 0.000000 0.000000 1.000000
0.564060 0.020945 -0.825468 6.357434 0.114715 0.987997 0.103456 83.537079 0.817727 -0.153049 0.554887 -1.969195 0.000000 0.000000 0.000000 1.000000
0.555143 0.022998 -0.831437 6.514542 0.118134 0.987304 0.106187 82.992249 0.823323 -0.157170 0.545378 -1.815768 0.000000 0.000000 0.000000 1.000000
0.546812 0.024079 -0.836909 6.557647 0.122388 0.986550 0.108349 82.739044 0.828262 -0.161675 0.536510 -1.667038 0.000000 0.000000 0.000000 1.000000
0.539742 0.025241 -0.841452 6.475233 0.125949 0.985879 0.110362 82.836754 0.832355 -0.165547 0.528941 -1.577579 0.000000 0.000000 0.000000 1.000000
0.534198 0.025257 -0.844982 6.298918 0.126985 0.985815 0.109747 83.236389 0.835767 -0.165927 0.523413 -1.540876 0.000000 0.000000 0.000000 1.000000
0.532111 0.025303 -0.846296 6.068523 0.125339 0.986186 0.108293 83.761238 0.837346 -0.163697 0.521589 -1.583908 0.000000 0.000000 0.000000 1.000000
0.531451 0.024031 -0.846748 5.793618 0.122532 0.986904 0.104914 84.262215 0.838180 -0.159510 0.521547 -1.739990 0.000000 0.000000 0.000000 1.000000
0.532071 0.022732 -0.846395 5.505045 0.120210 0.987485 0.102089 84.622559 0.838123 -0.156064 0.522679 -1.993675 0.000000 0.000000 0.000000 1.000000
0.534527 0.020925 -0.844892 5.243747 0.118109 0.988034 0.099193 84.752304 0.836858 -0.152810 0.525659 -2.347733 0.000000 0.000000 0.000000 1.000000
0.537313 0.018768 -0.843174 5.035208 0.116887 0.988447 0.096487 84.572182 0.835244 -0.150400 0.528912 -2.771172 0.000000 0.000000 0.000000 1.000000
0.543286 0.019088 -0.839330 4.881168 0.115988 0.988448 0.097556 84.172272 0.831497 -0.150353 0.534797 -3.202361 0.000000 0.000000 0.000000 1.000000
0.552454 0.022185 -0.833248 4.773473 0.116585 0.987763 0.103597 83.728127 0.825350 -0.154377 0.543107 -3.588902 0.000000 0.000000 0.000000 1.000000
0.560387 0.026471 -0.827808 4.679892 0.115211 0.987280 0.109563 83.324753 0.820178 -0.156770 0.550210 -3.884088 0.000000 0.000000 0.000000 1.000000
0.565547 0.030303 -0.824159 4.613663 0.111198 0.987398 0.112610 83.129402 0.817185 -0.155331 0.555050 -4.042541 0.000000 0.000000 0.000000 1.000000
0.568733 0.031571 -0.821916 4.560168 0.107593 0.987822 0.112394 83.198807 0.815455 -0.152354 0.558410 -4.027768 0.000000 0.000000 0.000000 1.000000
0.572560 0.030744 -0.819286 4.535975 0.107777 0.987802 0.112388 83.525314 0.812748 -0.152649 0.562263 -3.812041 0.000000 0.000000 0.000000 1.000000
0.571930 0.028234 -0.819816 4.578624 0.106687 0.988359 0.108467 83.966751 0.813335 -0.149500 0.562260 -3.526637 0.000000 0.000000 0.000000 1.000000
0.567973 0.025225 -0.822660 4.682680 0.106239 0.988921 0.103672 84.409515 0.816161 -0.146281 0.559001 -3.184198 0.000000 0.000000 0.000000 1.000000
0.563725 0.022525 -0.825656 4.858891 0.106831 0.989243 0.099928 84.776642 0.819025 -0.144538 0.555254 -2.797207 0.000000 0.000000 0.000000 1.000000
0.561993 0.020710 -0.826882 5.094851 0.106781 0.989505 0.097358 84.964745 0.820220 -0.143010 0.553883 -2.400282 0.000000 0.000000 0.000000 1.000000
0.563382 0.018862 -0.825981 5.367656 0.106863 0.989678 0.095489 84.892944 0.819257 -0.142063 0.555551 -2.040593 0.000000 0.000000 0.000000 1.000000
0.566147 0.017903 -0.824110 5.657792 0.107818 0.989567 0.095566 84.561157 0.817223 -0.142958 0.558310 -1.729443 0.000000 0.000000 0.000000 1.000000
0.569760 0.019354 -0.821583 5.927596 0.107905 0.989306 0.098136 84.097946 0.814696 -0.144567 0.561578 -1.451741 0.000000 0.000000 0.000000 1.000000
0.571442 0.022016 -0.820347 6.164359 0.106611 0.989177 0.100811 83.630211 0.813688 -0.145065 0.562910 -1.241828 0.000000 0.000000 0.000000 1.000000
0.570952 0.024091 -0.820630 6.344949 0.106747 0.988906 0.103300 83.278214 0.814014 -0.146579 0.562046 -1.084877 0.000000 0.000000 0.000000 1.000000
0.568921 0.024694 -0.822021 6.406158 0.110921 0.988112 0.106452 83.178345 0.814878 -0.151742 0.559418 -0.954935 0.000000 0.000000 0.000000 1.000000
0.567063 0.024848 -0.823300 6.384669 0.111037 0.988115 0.106300 83.363380 0.816156 -0.151695 0.557564 -0.872141 0.000000 0.000000 0.000000 1.000000
0.566524 0.024362 -0.823685 6.283371 0.111436 0.988116 0.105869 83.760796 0.816476 -0.151765 0.557077 -0.831828 0.000000 0.000000 0.000000 1.000000
0.564840 0.022168 -0.824903 6.127388 0.111392 0.988441 0.102837 84.213631 0.817648 -0.149974 0.555842 -0.899361 0.000000 0.000000 0.000000 1.000000
0.563832 0.018360 -0.825686 5.938378 0.110919 0.989012 0.097735 84.601669 0.818407 -0.146691 0.555600 -1.080439 0.000000 0.000000 0.000000 1.000000
0.562852 0.015512 -0.826412 5.726036 0.110559 0.989427 0.093871 84.861252 0.819130 -0.144203 0.555186 -1.390596 0.000000 0.000000 0.000000 1.000000
0.563220 0.012493 -0.826212 5.540556 0.110716 0.989729 0.090440 84.876076 0.818856 -0.142412 0.556052 -1.830573 0.000000 0.000000 0.000000 1.000000
0.564814 0.011434 -0.825139 5.407921 0.110781 0.989802 0.089547 84.632927 0.817748 -0.141987 0.557788 -2.337784 0.000000 0.000000 0.000000 1.000000
0.567080 0.012499 -0.823568 5.304128 0.109205 0.989917 0.090218 84.177689 0.816391 -0.141098 0.559997 -2.921627 0.000000 0.000000 0.000000 1.000000
0.570712 0.015124 -0.821011 5.203765 0.110165 0.989382 0.094805 83.674675 0.813727 -0.144553 0.562986 -3.446033 0.000000 0.000000 0.000000 1.000000
0.573511 0.019832 -0.818957 5.114993 0.109564 0.988868 0.100674 83.273064 0.811838 -0.147466 0.564954 -3.854861 0.000000 0.000000 0.000000 1.000000
0.575506 0.024215 -0.817439 5.028491 0.108479 0.988468 0.105654 83.132957 0.810571 -0.149480 0.566243 -4.110003 0.000000 0.000000 0.000000 1.000000
0.574896 0.025969 -0.817814 4.958823 0.106655 0.988590 0.106367 83.317070 0.811245 -0.148374 0.565567 -4.175022 0.000000 0.000000 0.000000 1.000000
0.573452 0.025226 -0.818851 4.944189 0.106300 0.988785 0.104905 83.740746 0.812314 -0.147202 0.564339 -4.075769 0.000000 0.000000 0.000000 1.000000
0.570514 0.021540 -0.821006 5.034092 0.105311 0.989485 0.099141 84.252548 0.814508 -0.143023 0.562246 -3.859930 0.000000 0.000000 0.000000 1.000000
0.565782 0.016101 -0.824398 5.207307 0.104092 0.990416 0.090782 84.706268 0.817958 -0.137176 0.558683 -3.563211 0.000000 0.000000 0.000000 1.000000
0.560475 0.011132 -0.828097 5.457719 0.102965 0.991215 0.083015 84.964340 0.821746 -0.131793 0.554405 -3.247170 0.000000 0.000000 0.000000 1.000000
0.555526 0.006577 -0.831473 5.786407 0.102549 0.991793 0.076360 84.910034 0.825152 -0.127686 0.550292 -2.966033 0.000000 0.000000 0.000000 1.000000
0.552591 0.003708 -0.833444 6.149611 0.102743 0.992060 0.072535 84.523483 0.827096 -0.125713 0.547822 -2.751429 0.000000 0.000000 0.000000 1.000000
0.553214 0.003424 -0.833032 6.493678 0.102560 0.992104 0.072187 83.981163 0.826702 -0.125371 0.548494 -2.563763 0.000000 0.000000 0.000000 1.000000
0.556613 0.004854 -0.830758 6.770978 0.104110 0.991692 0.075549 83.447624 0.824223 -0.128541 0.551483 -2.385011 0.000000 0.000000 0.000000 1.000000
0.561406 0.006049 -0.827518 6.953925 0.107999 0.990886 0.080511 83.073929 0.820463 -0.134570 0.555636 -2.210536 0.000000 0.000000 0.000000 1.000000
0.566519 0.007111 -0.824018 6.997275 0.110888 0.990210 0.084781 83.008690 0.816554 -0.139404 0.560185 -2.058042 0.000000 0.000000 0.000000 1.000000
0.570535 0.007598 -0.821238 6.895371 0.112083 0.989881 0.087025 83.293144 0.813589 -0.141698 0.563910 -1.941028 0.000000 0.000000 0.000000 1.000000
0.571688 0.007442 -0.820437 6.692569 0.112551 0.989794 0.087404 83.790817 0.812715 -0.142309 0.565016 -1.881357 0.000000 0.000000 0.000000 1.000000
0.572353 0.007061 -0.819977 6.438638 0.111867 0.989942 0.086609 84.321709 0.812341 -0.141299 0.565806 -1.918984 0.000000 0.000000 0.000000 1.000000
0.575472 0.005540 -0.817803 6.153247 0.109689 0.990419 0.083895 84.758049 0.810433 -0.137983 0.569350 -2.050321 0.000000 0.000000 0.000000 1.000000
0.579354 0.004256 -0.815065 5.858502 0.107919 0.990782 0.081882 84.988335 0.807900 -0.135400 0.573554 -2.293905 0.000000 0.000000 0.000000 1.000000
0.583354 0.004096 -0.812208 5.615790 0.105244 0.991176 0.080588 84.904388 0.805371 -0.132491 0.577775 -2.646596 0.000000 0.000000 0.000000 1.000000
0.588876 0.006582 -0.808196 5.443167 0.102913 0.991217 0.083059 84.501587 0.801644 -0.132085 0.583027 -3.082345 0.000000 0.000000 0.000000 1.000000
0.592794 0.011007 -0.805279 5.329292 0.102894 0.990677 0.089284 83.973549 0.798754 -0.135786 0.586134 -3.532683 0.000000 0.000000 0.000000 1.000000
0.593759 0.015982 -0.804484 5.265187 0.104171 0.989862 0.096549 83.573502 0.797872 -0.141131 0.586074 -3.897597 0.000000 0.000000 0.000000 1.000000
0.592843 0.021061 -0.805043 5.209993 0.103011 0.989463 0.101745 83.478485 0.798703 -0.143247 0.584426 -4.085983 0.000000 0.000000 0.000000 1.000000</float_array>
        <technique_common>
          <accessor source="#mixamorig_Hips-Matrix-animation-output-transform-array" count="90" stride="16">
            <param type="float4x4"/>
          </accessor>
        </technique_common>
      </source>
      <source id="mixamorig_Hips-Interpolations">
        <Name_array id="mixamorig_Hips-Interpolations-array" count="90">
 LINEAR LINEAR LINEAR LINEAR LINEAR LINEAR LINEAR LINEAR LINEAR LINEAR LINEAR
LINEAR LINEAR LINEAR LINEAR LINEAR LINEAR LINEAR LINEAR LINEAR LINEAR LINEAR LINEAR
LINEAR LINEAR LINEAR LINEAR LINEAR LINEAR LINEAR LINEAR LINEAR LINEAR LINEAR LINEAR
LINEAR LINEAR LINEAR LINEAR LINEAR LINEAR LINEAR LINEAR LINEAR LINEAR LINEAR LINEAR
LINEAR LINEAR LINEAR LINEAR LINEAR LINEAR LINEAR LINEAR LINEAR LINEAR LINEAR LINEAR
LINEAR LINEAR LINEAR LINEAR LINEAR LINEAR LINEAR LINEAR LINEAR LINEAR LINEAR LINEAR
LINEAR LINEAR LINEAR LINEAR LINEAR LINEAR LINEAR LINEAR LINEAR LINEAR LINEAR LINEAR
LINEAR LINEAR LINEAR LINEAR LINEAR LINEAR LINEAR</Name_array>
        <technique_common>
          <accessor source="#mixamorig_Hips-Interpolations-array" count="90">
            <param type="name"/>
          </accessor>
        </technique_common>
      </source>
      <sampler id="mixamorig_Hips-Matrix-animation-transform">
        <input semantic="INPUT" source="#mixamorig_Hips-Matrix-animation-input"/>
        <input semantic="OUTPUT" source="#mixamorig_Hips-Matrix-animation-output-transform"/>
        <input semantic="INTERPOLATION" source="#mixamorig_Hips-Interpolations"/>
      </sampler>
      <channel source="#mixamorig_Hips-Matrix-animation-transform" target="mixamorig_Hips/matrix"/>
    </animation>
    <animation id="mixamorig_Spine-anim" name="mixamorig_Spine">
      <source id="mixamorig_Spine-Matrix-animation-input">
        <float_array id="mixamorig_Spine-Matrix-animation-input-array" count="90">

0.000000 0.033333 0.066667 0.100000 0.133333 0.166667 0.200000 0.233333 0.266667 0.300000 0.333333 0.366667 0.400000 0.433333 0.466667 0.500000
0.533333 0.566667 0.600000 0.633333 0.666667 0.700000 0.733333 0.766667 0.800000 0.833333 0.866667 0.900000 0.933333 0.966667 1.000000 1.033333
1.066667 1.100000 1.133333 1.166667 1.200000 1.233333 1.266667 1.300000 1.333333 1.366667 1.400000 1.433333 1.466667 1.500000 1.533333 1.566667
1.600000 1.633333 1.666667 1.700000 1.733333 1.766667 1.800000 1.833333 1.866667 1.900000 1.933333 1.966667 2.000000 2.033333 2.066667 2.100000
2.133333 2.166667 2.200000 2.233333 2.266667 2.300000 2.333333 2.366667 2.400000 2.433333 2.466667 2.500000 2.533333 2.566667 2.600000 2.633333
2.666667 2.700000 2.733333 2.766667 2.800000 2.833333 2.866667 2.900000 2.933333 2.966667</float_array>
        <technique_common>
          <accessor source="#mixamorig_Spine-Matrix-animation-input-array" count="90">
            <param name="TIME" type="float"/>
          </accessor>
        </technique_common>
      </source>
      <source id="mixamorig_Spine-Matrix-animation-output-transform">
        <float_array id="mixamorig_Spine-Matrix-animation-output-transform-array" count="1440">

0.999006 0.039496 0.020673 0.000000 -0.039670 0.999180 0.008089 10.528800 -0.020336 -0.008901 0.999754 -0.610600 0.000000 0.000000 0.000000 1.000000
0.999157 0.038436 0.014455 -0.000000 -0.038513 0.999245 0.005111 10.528800 -0.014247 -0.005664 0.999882 -0.610600 0.000000 0.000000 0.000000 1.000000
0.999188 0.038406 0.012215 0.000000 -0.038502 0.999229 0.007688 10.528800 -0.011910 -0.008152 0.999896 -0.610600 0.000000 0.000000 0.000000 1.000000
0.999129 0.039133 0.014480 0.000000 -0.039319 0.999145 0.012768 10.528800 -0.013968 -0.013326 0.999814 -0.610600 0.000000 0.000000 0.000000 1.000000
0.999044 0.039032 0.019683 0.000000 -0.039412 0.999036 0.019314 10.528800 -0.018910 -0.020071 0.999620 -0.610600 0.000000 0.000000 0.000000 1.000000
0.998856 0.039688 0.026676 0.000000 -0.040360 0.998869 0.025141 10.528800 -0.025648 -0.026189 0.999328 -0.610600 0.000000 0.000000 0.000000 1.000000
0.998545 0.040700 0.035364 0.000000 -0.041726 0.998715 0.028776 10.528800 -0.034147 -0.030210 0.998960 -0.610600 0.000000 0.000000 0.000000 1.000000
0.998205 0.042967 0.041730 0.000000 -0.044176 0.998618 0.028479 10.528800 -0.040449 -0.030271 0.998723 -0.610600 0.000000 0.000000 0.000000 1.000000
0.997721 0.047654 0.047776 -0.000000 -0.048790 0.998547 0.022887 10.528800 -0.046615 -0.025166 0.998596 -0.610600 0.000000 0.000000 0.000000 1.000000
0.997262 0.051048 0.053498 0.000000 -0.051955 0.998526 0.015705 10.528800 -0.052617 -0.018441 0.998444 -0.610600 0.000000 0.000000 0.000000 1.000000
0.996781 0.054232 0.059043 0.000000 -0.054863 0.998452 0.009111 10.528800 -0.058458 -0.012321 0.998214 -0.610600 0.000000 0.000000 0.000000 1.000000
0.996466 0.056314 0.062330 0.000000 -0.056835 0.998362 0.006615 10.528800 -0.061855 -0.010134 0.998034 -0.610600 0.000000 0.000000 0.000000 1.000000
0.996274 0.059336 0.062582 0.000000 -0.059735 0.998204 0.004526 10.528800 -0.062201 -0.008247 0.998030 -0.610600 0.000000 0.000000 0.000000 1.000000
0.996428 0.058753 0.060656 0.000000 -0.059224 0.998227 0.005992 10.528800 -0.060196 -0.009562 0.998141 -0.610600 0.000000 0.000000 0.000000 1.000000
0.996729 0.056342 0.057933 0.000000 -0.057025 0.998321 0.010204 10.528800 -0.057261 -0.013474 0.998268 -0.610600 0.000000 0.000000 0.000000 1.000000
0.997105 0.052614 0.054893 0.000000 -0.053503 0.998457 0.014849 10.528800 -0.054027 -0.017743 0.998382 -0.610600 0.000000 0.000000 0.000000 1.000000
0.997510 0.050655 0.049071 0.000000 -0.051631 0.998489 0.018838 10.528800 -0.048042 -0.021325 0.998618 -0.610600 0.000000 0.000000 0.000000 1.000000
0.997830 0.047665 0.045425 -0.000000 -0.048706 0.998569 0.022096 10.528800 -0.044307 -0.024261 0.998723 -0.610600 0.000000 0.000000 0.000000 1.000000
0.998204 0.044667 0.039923 0.000000 -0.045637 0.998677 0.023716 10.528800 -0.038811 -0.025496 0.998921 -0.610600 0.000000 0.000000 0.000000 1.000000
0.998606 0.040800 0.033486 -0.000000 -0.041564 0.998884 0.022448 10.528800 -0.032533 -0.023809 0.999187 -0.610600 0.000000 0.000000 0.000000 1.000000
0.998964 0.037113 0.026330 0.000000 -0.037566 0.999150 0.016946 10.528800 -0.025678 -0.017917 0.999510 -0.610600 0.000000 0.000000 0.000000 1.000000
0.999224 0.034666 0.018693 0.000000 -0.034854 0.999344 0.009820 10.528800 -0.018340 -0.010464 0.999777 -0.610600 0.000000 0.000000 0.000000 1.000000
0.999415 0.031077 0.014279 -0.000000 -0.031169 0.999494 0.006319 10.528800 -0.014075 -0.006760 0.999878 -0.610600 0.000000 0.000000 0.000000 1.000000
0.999590 0.026713 0.010320 0.000000 -0.026796 0.999609 0.008009 10.528800 -0.010102 -0.008282 0.999915 -0.610600 0.000000 0.000000 0.000000 1.000000
0.999684 0.023486 0.008913 -0.000000 -0.023628 0.999589 0.016254 10.528800 -0.008528 -0.016459 0.999828 -0.610600 0.000000 0.000000 0.000000 1.000000
0.999663 0.023771 0.010447 -0.000000 -0.024018 0.999418 0.024243 10.528800 -0.009864 -0.024486 0.999651 -0.610600 0.000000 0.000000 0.000000 1.000000
0.999626 0.023177 0.014550 0.000000 -0.023656 0.999153 0.033669 10.528800 -0.013757 -0.034001 0.999327 -0.610600 0.000000 0.000000 0.000000 1.000000
0.999542 0.022806 0.019874 0.000000 -0.023620 0.998850 0.041728 10.528800 -0.018900 -0.042178 0.998931 -0.610600 0.000000 0.000000 0.000000 1.000000
0.999454 0.022236 0.024454 0.000000 -0.023356 0.998644 0.046527 10.528800 -0.023386 -0.047072 0.998618 -0.610600 0.000000 0.000000 0.000000 1.000000
0.999365 0.022317 0.027764 0.000000 -0.023631 0.998571 0.047939 10.528800 -0.026654 -0.048565 0.998464 -0.610600 0.000000 0.000000 0.000000 1.000000
0.999263 0.025010 0.029125 0.000000 -0.026299 0.998652 0.044758 10.528800 -0.027966 -0.045491 0.998573 -0.610600 0.000000 0.000000 0.000000 1.000000
0.999249 0.027837 0.026959 0.000000 -0.028857 0.998852 0.038225 10.528800 -0.025864 -0.038974 0.998905 -0.610600 0.000000 0.000000 0.000000 1.000000
0.999254 0.030292 0.023968 0.000000 -0.030996 0.999082 0.029583 10.528800 -0.023050 -0.030304 0.999275 -0.610600 0.000000 0.000000 0.000000 1.000000
0.999267 0.032402 0.020391 0.000000 -0.032857 0.999210 0.022378 10.528800 -0.019650 -0.023031 0.999542 -0.610600 0.000000 0.000000 0.000000 1.000000
0.999233 0.034996 0.017560 0.000000 -0.035338 0.999183 0.019587 10.528800 -0.016860 -0.020192 0.999654 -0.610600 0.000000 0.000000 0.000000 1.000000
0.999158 0.037702 0.016205 0.000000 -0.038023 0.999076 0.020019 10.528800 -0.015435 -0.020618 0.999668 -0.610600 0.000000 0.000000 0.000000 1.000000
0.999122 0.038286 0.017003 0.000000 -0.038715 0.998920 0.025689 10.528800 -0.016001 -0.026324 0.999525 -0.610600 0.000000 0.000000 0.000000 1.000000
0.999174 0.037331 0.016070 0.000000 -0.037839 0.998752 0.032592 10.528800 -0.014834 -0.033174 0.999340 -0.610600 0.000000 0.000000 0.000000 1.000000
0.999250 0.035839 0.014657 0.000000 -0.036406 0.998518 0.040442 10.528800 -0.013186 -0.040946 0.999074 -0.610600 0.000000 0.000000 0.000000 1.000000
0.999303 0.034634 0.013904 0.000000 -0.035239 0.998323 0.045919 10.528800 -0.012291 -0.046377 0.998848 -0.610600 0.000000 0.000000 0.000000 1.000000
0.999332 0.033780 0.013968 0.000000 -0.034422 0.998225 0.048601 10.528800 -0.012302 -0.049049 0.998721 -0.610600 0.000000 0.000000 0.000000 1.000000
0.999321 0.033263 0.015865 -0.000000 -0.033984 0.998288 0.047602 10.528800 -0.014254 -0.048109 0.998740 -0.610600 0.000000 0.000000 0.000000 1.000000
0.999361 0.032461 0.014981 -0.000000 -0.033047 0.998627 0.040645 10.528800 -0.013641 -0.041114 0.999061 -0.610600 0.000000 0.000000 0.000000 1.000000
0.999421 0.032492 0.010065 0.000000 -0.032766 0.999061 0.028361 10.528800 -0.009134 -0.028674 0.999547 -0.610600 0.000000 0.000000 0.000000 1.000000
0.999504 0.030776 0.006706 0.000000 -0.030895 0.999353 0.018431 10.528800 -0.006134 -0.018629 0.999808 -0.610600 0.000000 0.000000 0.000000 1.000000
0.999635 0.026550 0.004959 0.000000 -0.026622 0.999534 0.014957 10.528800 -0.004560 -0.015083 0.999876 -0.610600 0.000000 0.000000 0.000000 1.000000
0.999734 0.023038 0.001441 0.000000 -0.023059 0.999583 0.017386 10.528800 -0.001040 -0.017415 0.999848 -0.610600 0.000000 0.000000 0.000000 1.000000
0.999734 0.022880 -0.002735 0.000000 -0.022815 0.999499 0.021940 10.528800 0.003235 -0.021872 0.999756 -0.610600 0.000000 0.000000 0.000000 1.000000
0.999743 0.022540 -0.002279 0.000000 -0.022462 0.999303 0.029822 10.528800 0.002950 -0.029763 0.999553 -0.610600 0.000000 0.000000 0.000000 1.000000
0.999735 0.022910 0.002188 0.000000 -0.022976 0.999031 0.037548 10.528800 -0.001326 -0.037588 0.999292 -0.610600 0.000000 0.000000 0.000000 1.000000
0.999672 0.024339 0.007935 0.000000 -0.024659 0.998772 0.042977 10.528800 -0.006879 -0.043159 0.999045 -0.610600 0.000000 0.000000 0.000000 1.000000
0.999590 0.025291 0.013452 0.000000 -0.025892 0.998581 0.046530 10.528800 -0.012257 -0.046859 0.998826 -0.610600 0.000000 0.000000 0.000000 1.000000
0.999484 0.027591 0.016452 0.000000 -0.028344 0.998471 0.047452 10.528800 -0.015118 -0.047894 0.998738 -0.610600 0.000000 0.000000 0.000000 1.000000
0.999349 0.031365 0.017804 0.000000 -0.032123 0.998514 0.044018 10.528800 -0.016397 -0.044561 0.998872 -0.610600 0.000000 0.000000 0.000000 1.000000
0.999294 0.033609 0.016763 0.000000 -0.034222 0.998701 0.037756 10.528800 -0.015472 -0.038303 0.999146 -0.610600 0.000000 0.000000 0.000000 1.000000
0.999284 0.033646 0.017281 0.000000 -0.034184 0.998908 0.031841 10.528800 -0.016191 -0.032409 0.999344 -0.610600 0.000000 0.000000 0.000000 1.000000
0.999228 0.034287 0.019177 -0.000000 -0.034809 0.999013 0.027599 10.528800 -0.018212 -0.028245 0.999435 -0.610600 0.000000 0.000000 0.000000 1.000000
0.999011 0.038604 0.022058 -0.000000 -0.039154 0.998918 0.025087 10.528800 -0.021066 -0.025925 0.999442 -0.610600 0.000000 0.000000 0.000000 1.000000
0.998962 0.038833 0.023811 -0.000000 -0.039519 0.998797 0.029042 10.528800 -0.022654 -0.029952 0.999295 -0.610600 0.000000 0.000000 0.000000 1.000000
0.998944 0.039066 0.024193 0.000000 -0.039901 0.998588 0.035061 10.528800 -0.022789 -0.035989 0.999092 -0.610600 0.000000 0.000000 0.000000 1.000000
0.998931 0.038911 0.024966 0.000000 -0.039966 0.998265 0.043237 10.528800 -0.023240 -0.044189 0.998753 -0.610600 0.000000 0.000000 0.000000 1.000000
0.998952 0.038961 0.024007 0.000000 -0.040163 0.997848 0.051825 10.528800 -0.021936 -0.052735 0.998368 -0.610600 0.000000 0.000000 0.000000 1.000000
0.998971 0.038474 0.023996 -0.000000 -0.039785 0.997593 0.056791 10.528800 -0.021753 -0.057687 0.998098 -0.610600 0.000000 0.000000 0.000000 1.000000
0.998976 0.038380 0.023941 0.000000 -0.039704 0.997552 0.057561 10.528800 -0.021673 -0.058452 0.998055 -0.610600 0.000000 0.000000 0.000000 1.000000
0.999031 0.037698 0.022694 0.000000 -0.038841 0.997879 0.052232 10.528800 -0.020677 -0.053063 0.998377 -0.610600 0.000000 0.000000 0.000000 1.000000
0.999203 0.035491 0.018293 0.000000 -0.036235 0.998455 0.042126 10.528800 -0.016769 -0.042755 0.998945 -0.610600 0.000000 0.000000 0.000000 1.000000
0.999296 0.034924 0.013669 0.000000 -0.035302 0.998972 0.028426 10.528800 -0.012662 -0.028888 0.999502 -0.610600 0.000000 0.000000 0.000000 1.000000
0.999420 0.032612 0.009850 0.000000 -0.032769 0.999331 0.016256 10.528800 -0.009314 -0.016569 0.999819 -0.610600 0.000000 0.000000 0.000000 1.000000
0.999514 0.030396 0.006969 0.000000 -0.030458 0.999496 0.008949 10.528800 -0.006694 -0.009157 0.999936 -0.610600 0.000000 0.000000 0.000000 1.000000
0.999578 0.028258 0.006712 0.000000 -0.028320 0.999556 0.009287 10.528800 -0.006447 -0.009473 0.999934 -0.610600 0.000000 0.000000 0.000000 1.000000
0.999572 0.028540 0.006381 0.000000 -0.028620 0.999507 0.012872 10.528800 -0.006011 -0.013049 0.999897 -0.610600 0.000000 0.000000 0.000000 1.000000
0.999542 0.029388 0.007240 0.000000 -0.029523 0.999378 0.019311 10.528800 -0.006668 -0.019516 0.999787 -0.610600 0.000000 0.000000 0.000000 1.000000
0.999477 0.030718 0.010070 0.000000 -0.030975 0.999171 0.026425 10.528800 -0.009250 -0.026723 0.999600 -0.610600 0.000000 0.000000 0.000000 1.000000
0.999376 0.032337 0.014202 0.000000 -0.032756 0.999002 0.030370 10.528800 -0.013206 -0.030816 0.999438 -0.610600 0.000000 0.000000 0.000000 1.000000
0.999137 0.036795 0.019264 -0.000000 -0.037349 0.998875 0.029219 10.528800 -0.018167 -0.029914 0.999387 -0.610600 0.000000 0.000000 0.000000 1.000000
0.998816 0.042382 0.023868 0.000000 -0.042930 0.998815 0.022915 10.528800 -0.022868 -0.023912 0.999452 -0.610600 0.000000 0.000000 0.000000 1.000000
0.998612 0.046318 0.025089 0.000000 -0.046673 0.998816 0.013714 10.528800 -0.024425 -0.014866 0.999591 -0.610600 0.000000 0.000000 0.000000 1.000000
0.998464 0.049788 0.024291 0.000000 -0.049881 0.998750 0.003235 10.528800 -0.024100 -0.004442 0.999700 -0.610600 0.000000 0.000000 0.000000 1.000000
0.998278 0.053904 0.023117 0.000000 -0.053799 0.998539 -0.005132 10.528800 -0.023360 0.003879 0.999720 -0.610600 0.000000 0.000000 0.000000 1.000000
0.998119 0.056889 0.022865 0.000000 -0.056727 0.998360 -0.007667 10.528800 -0.023263 0.006356 0.999709 -0.610600 0.000000 0.000000 0.000000 1.000000
0.997973 0.058467 0.025137 0.000000 -0.058402 0.998288 -0.003318 10.528800 -0.025288 0.001843 0.999679 -0.610600 0.000000 0.000000 0.000000 1.000000
0.997906 0.057678 0.029255 0.000000 -0.057898 0.998300 0.006705 10.528800 -0.028819 -0.008385 0.999549 -0.610600 0.000000 0.000000 0.000000 1.000000
0.997925 0.055767 0.032176 0.000000 -0.056371 0.998244 0.018191 10.528800 -0.031105 -0.019967 0.999317 -0.610600 0.000000 0.000000 0.000000 1.000000
0.998109 0.053094 0.030972 0.000000 -0.054037 0.998075 0.030443 10.528800 -0.029296 -0.032059 0.999057 -0.610600 0.000000 0.000000 0.000000 1.000000
0.998253 0.051505 0.028934 0.000000 -0.052613 0.997856 0.038925 10.528800 -0.026867 -0.040380 0.998823 -0.610600 0.000000 0.000000 0.000000 1.000000
0.998441 0.048656 0.027339 0.000000 -0.049804 0.997834 0.042981 10.528800 -0.025189 -0.044275 0.998702 -0.610600 0.000000 0.000000 0.000000 1.000000
0.998676 0.045840 0.023355 -0.000000 -0.046714 0.998172 0.038341 10.528800 -0.021554 -0.039382 0.998992 -0.610600 0.000000 0.000000 0.000000 1.000000
0.998823 0.043744 0.020932 0.000000 -0.044299 0.998658 0.026835 10.528800 -0.019730 -0.027731 0.999421 -0.610600 0.000000 0.000000 0.000000 1.000000
0.998905 0.042214 0.020163 0.000000 -0.042511 0.998990 0.014532 10.528800 -0.019529 -0.015374 0.999691 -0.610600 0.000000 0.000000 0.000000 1.000000
0.999007 0.039473 0.020657 -0.000000 -0.039647 0.999181 0.008089 10.528800 -0.020321 -0.008900 0.999754 -0.610600 0.000000 0.000000 0.000000 1.000000</float_array>
        <technique_common>
          <accessor source="#mixamorig_Spine-Matrix-animation-output-transform-array" count="90" stride="16">
            <param type="float4x4"/>
          </accessor>
        </technique_common>
      </source>
      <source id="mixamorig_Spine-Interpolations">
        <Name_array id="mixamorig_Spine-Interpolations-array" count="90">
 LINEAR LINEAR LINEAR LINEAR LINEAR LINEAR LINEAR LINEAR LINEAR LINEAR LINEAR
LINEAR LINEAR LINEAR LINEAR LINEAR LINEAR LINEAR LINEAR LINEAR LINEAR LINEAR LINEAR
LINEAR LINEAR LINEAR LINEAR LINEAR LINEAR LINEAR LINEAR LINEAR LINEAR LINEAR LINEAR
LINEAR LINEAR LINEAR LINEAR LINEAR LINEAR LINEAR LINEAR LINEAR LINEAR LINEAR LINEAR
LINEAR LINEAR LINEAR LINEAR LINEAR LINEAR LINEAR LINEAR LINEAR LINEAR LINEAR LINEAR
LINEAR LINEAR LINEAR LINEAR LINEAR LINEAR LINEAR LINEAR LINEAR LINEAR LINEAR LINEAR
LINEAR LINEAR LINEAR LINEAR LINEAR LINEAR LINEAR LINEAR LINEAR LINEAR LINEAR LINEAR
LINEAR LINEAR LINEAR LINEAR LINEAR LINEAR LINEAR</Name_array>
        <technique_common>
          <accessor source="#mixamorig_Spine-Interpolations-array" count="90">
            <param type="name"/>
          </accessor>
        </technique_common>
      </source>
      <sampler id="mixamorig_Spine-Matrix-animation-transform">
        <input semantic="INPUT" source="#mixamorig_Spine-Matrix-animation-input"/>
        <input semantic="OUTPUT" source="#mixamorig_Spine-Matrix-animation-output-transform"/>
        <input semantic="INTERPOLATION" source="#mixamorig_Spine-Interpolations"/>
      </sampler>
      <channel source="#mixamorig_Spine-Matrix-animation-transform" target="mixamorig_Spine/matrix"/>
    </animation>
    <animation id="mixamorig_Spine1-anim" name="mixamorig_Spine1">
      <source id="mixamorig_Spine1-Matrix-animation-input">
        <float_array id="mixamorig_Spine1-Matrix-animation-input-array" count="90">

0.000000 0.033333 0.066667 0.100000 0.133333 0.166667 0.200000 0.233333 0.266667 0.300000 0.333333 0.366667 0.400000 0.433333 0.466667 0.500000
0.533333 0.566667 0.600000 0.633333 0.666667 0.700000 0.733333 0.766667 0.800000 0.833333 0.866667 0.900000 0.933333 0.966667 1.000000 1.033333
1.066667 1.100000 1.133333 1.166667 1.200000 1.233333 1.266667 1.300000 1.333333 1.366667 1.400000 1.433333 1.466667 1.500000 1.533333 1.566667
1.600000 1.633333 1.666667 1.700000 1.733333 1.766667 1.800000 1.833333 1.866667 1.900000 1.933333 1.966667 2.000000 2.033333 2.066667 2.100000
2.133333 2.166667 2.200000 2.233333 2.266667 2.300000 2.333333 2.366667 2.400000 2.433333 2.466667 2.500000 2.533333 2.566667 2.600000 2.633333
2.666667 2.700000 2.733333 2.766667 2.800000 2.833333 2.866667 2.900000 2.933333 2.966667</float_array>
        <technique_common>
          <accessor source="#mixamorig_Spine1-Matrix-animation-input-array" count="90">
            <param name="TIME" type="float"/>
          </accessor>
        </technique_common>
      </source>
      <source id="mixamorig_Spine1-Matrix-animation-output-transform">
        <float_array id="mixamorig_Spine1-Matrix-animation-output-transform-array" count="1440">

0.995410 0.085023 0.043933 -0.000000 -0.077427 0.985267 -0.152490 11.377000 -0.056251 0.148389 0.987328 -0.000000 0.000000 0.000000 0.000000 1.000000
0.995444 0.085457 0.042296 -0.000000 -0.078030 0.985024 -0.153750 11.377000 -0.054801 0.149749 0.987204 0.000000 0.000000 0.000000 0.000000 1.000000
0.995440 0.085805 0.041682 0.000000 -0.078477 0.985018 -0.153558 11.377000 -0.054233 0.149587 0.987260 0.000000 0.000000 0.000000 0.000000 1.000000
0.995406 0.085921 0.042240 -0.000000 -0.078562 0.985162 -0.152593 11.377000 -0.054725 0.148574 0.987386 0.000000 0.000000 0.000000 0.000000 1.000000
0.995399 0.085325 0.043605 0.000000 -0.077859 0.985465 -0.150988 11.377000 -0.055854 0.146898 0.987573 0.000000 0.000000 0.000000 0.000000 1.000000
0.995373 0.084651 0.045454 -0.000000 -0.077034 0.985829 -0.149022 11.377000 -0.057424 0.144831 0.987789 0.000000 0.000000 0.000000 0.000000 1.000000
0.995328 0.083905 0.047780 0.000000 -0.076034 0.986098 -0.147752 11.377000 -0.059513 0.143428 0.987870 0.000000 0.000000 0.000000 0.000000 1.000000
0.995309 0.083141 0.049472 0.000000 -0.075083 0.986290 -0.146950 11.377000 -0.061011 0.142546 0.987906 -0.000000 0.000000 0.000000 0.000000 1.000000
0.995252 0.082867 0.051046 -0.000000 -0.074574 0.986300 -0.147142 11.377000 -0.062540 0.142637 0.987797 0.000000 0.000000 0.000000 0.000000 1.000000
0.995153 0.083110 0.052568 0.000000 -0.074515 0.986115 -0.148410 11.377000 -0.064172 0.143774 0.987528 0.000000 0.000000 0.000000 0.000000 1.000000
0.995043 0.083477 0.054049 0.000000 -0.074568 0.985887 -0.149885 11.377000 -0.065798 0.145112 0.987225 -0.000000 0.000000 0.000000 0.000000 1.000000
0.994957 0.083935 0.054917 -0.000000 -0.074828 0.985716 -0.150880 11.377000 -0.066797 0.146009 0.987026 -0.000000 0.000000 0.000000 0.000000 1.000000
0.994900 0.084596 0.054925 -0.000000 -0.075419 0.985530 -0.151799 11.377000 -0.066972 0.146882 0.986884 -0.000000 0.000000 0.000000 0.000000 1.000000
0.994942 0.084458 0.054386 -0.000000 -0.075344 0.985495 -0.152061 11.377000 -0.066440 0.147194 0.986874 -0.000000 0.000000 0.000000 0.000000 1.000000
0.995030 0.083883 0.053654 0.000000 -0.074909 0.985588 -0.151673 11.377000 -0.065604 0.146900 0.986973 0.000000 0.000000 0.000000 0.000000 1.000000
0.995121 0.083296 0.052883 0.000000 -0.074491 0.985737 -0.150909 11.377000 -0.064699 0.146233 0.987132 -0.000000 0.000000 0.000000 0.000000 1.000000
0.995203 0.083293 0.051321 -0.000000 -0.074761 0.985821 -0.150228 11.377000 -0.063106 0.145670 0.987318 -0.000000 0.000000 0.000000 0.000000 1.000000
0.995252 0.083268 0.050390 0.000000 -0.074923 0.985931 -0.149423 11.377000 -0.062123 0.144938 0.987488 0.000000 0.000000 0.000000 0.000000 1.000000
0.995320 0.083308 0.048960 0.000000 -0.075198 0.985977 -0.148978 11.377000 -0.060685 0.144599 0.987628 0.000000 0.000000 0.000000 0.000000 1.000000
0.995396 0.083357 0.047310 -0.000000 -0.075481 0.985944 -0.149051 11.377000 -0.059070 0.144794 0.987697 -0.000000 0.000000 0.000000 0.000000 1.000000
0.995494 0.083210 0.045465 0.000000 -0.075530 0.985747 -0.150326 11.377000 -0.057326 0.146215 0.987591 0.000000 0.000000 0.000000 0.000000 1.000000
0.995555 0.083546 0.043484 0.000000 -0.076037 0.985391 -0.152393 11.377000 -0.055580 0.148409 0.987363 -0.000000 0.000000 0.000000 0.000000 1.000000
0.995637 0.083147 0.042358 0.000000 -0.075686 0.985068 -0.154638 11.377000 -0.054583 0.150758 0.987063 -0.000000 0.000000 0.000000 0.000000 1.000000
0.995728 0.082542 0.041383 0.000000 -0.075174 0.984931 -0.155756 11.377000 -0.053616 0.151980 0.986928 -0.000000 0.000000 0.000000 0.000000 1.000000
0.995807 0.081753 0.041046 -0.000000 -0.074487 0.985106 -0.154976 11.377000 -0.053104 0.151269 0.987065 -0.000000 0.000000 0.000000 0.000000 1.000000
0.995803 0.081618 0.041415 0.000000 -0.074374 0.985337 -0.153558 11.377000 -0.053340 0.149834 0.987271 -0.000000 0.000000 0.000000 0.000000 1.000000
0.995771 0.081428 0.042543 0.000000 -0.074149 0.985726 -0.151149 11.377000 -0.054243 0.147356 0.987595 0.000000 0.000000 0.000000 0.000000 1.000000
0.995728 0.081187 0.043988 0.000000 -0.073833 0.986118 -0.148727 11.377000 -0.055452 0.144844 0.987899 0.000000 0.000000 0.000000 0.000000 1.000000
0.995693 0.080932 0.045235 -0.000000 -0.073499 0.986405 -0.146979 11.377000 -0.056516 0.143021 0.988105 -0.000000 0.000000 0.000000 0.000000 1.000000
0.995667 0.080720 0.046164 -0.000000 -0.073214 0.986575 -0.145974 11.377000 -0.057328 0.141962 0.988211 0.000000 0.000000 0.000000 0.000000 1.000000
0.995636 0.080929 0.046466 -0.000000 -0.073364 0.986527 -0.146223 11.377000 -0.057673 0.142176 0.988160 -0.000000 0.000000 0.000000 0.000000 1.000000
0.995595 0.081791 0.045834 0.000000 -0.074219 0.986232 -0.147778 11.377000 -0.057290 0.143725 0.987958 0.000000 0.000000 0.000000 0.000000 1.000000
0.995557 0.082708 0.045016 -0.000000 -0.075115 0.985823 -0.150035 11.377000 -0.056787 0.145987 0.987655 -0.000000 0.000000 0.000000 0.000000 1.000000
0.995546 0.083363 0.044028 0.000000 -0.075789 0.985448 -0.152146 11.377000 -0.056070 0.148131 0.987377 -0.000000 0.000000 0.000000 0.000000 1.000000
