<?xml version="1.0" encoding="utf-8"?>
<COLLADA xmlns="http://www.collada.org/2005/11/COLLADASchema" version="1.4.1">
  <asset>
    <contributor>
      <author>Mixamo</author>
      <authoring_tool>COLLADA Mixamo exporter</authoring_tool>
      <comments/>
    </contributor>
    <created>2024-12-16T05:07:08Z</created>
    <modified>2024-12-16T05:07:08Z</modified>
    <revision/>
    <title/>
    <unit meter="0.010000"/>
    <up_axis>Y_UP</up_axis>
  </asset>
  <library_animations>
    <animation id="mixamorig_Hips-anim" name="mixamorig_Hips">
      <source id="mixamorig_Hips-Matrix-animation-input">
        <float_array id="mixamorig_Hips-Matrix-animation-input-array" count="27">

0.000000 0.033333 0.066667 0.100000 0.133333 0.166667 0.200000 0.233333 0.266667 0.300000 0.333333 0.366667 0.400000 0.433333 0.466667 0.500000
0.533333 0.566667 0.600000 0.633333 0.666667 0.700000 0.733333 0.766667 0.800000 0.833333 0.866667</float_array>
        <technique_common>
          <accessor source="#mixamorig_Hips-Matrix-animation-input-array" count="27">
            <param name="TIME" type="float"/>
          </accessor>
        </technique_common>
      </source>
      <source id="mixamorig_Hips-Matrix-animation-output-transform">
        <float_array id="mixamorig_Hips-Matrix-animation-output-transform-array" count="432">

0.847950 -0.002878 -0.530069 -1.653732 0.043454 0.996997 0.064100 80.800438 0.528292 -0.077387 0.845528 4.058388 0.000000 0.000000 0.000000 1.000000
0.858329 -0.001014 -0.513098 -1.677843 0.045066 0.996282 0.073419 79.974739 0.511116 -0.086140 0.855184 4.456576 0.000000 0.000000 0.000000 1.000000
0.858982 0.004124 -0.511990 -1.363425 0.050134 0.994485 0.092122 78.720207 0.509546 -0.104799 0.854037 5.773608 0.000000 0.000000 0.000000 1.000000
0.831869 0.012054 -0.554841 -0.681544 0.058734 0.992237 0.109615 77.032867 0.551855 -0.123774 0.824703 8.698232 0.000000 0.000000 0.000000 1.000000
0.753015 0.004834 -0.657986 -0.177313 0.074923 0.992840 0.093038 76.679459 0.653724 -0.119358 0.747261 12.264087 0.000000 0.000000 0.000000 1.000000
0.634022 -0.010301 -0.773246 0.240905 0.073342 0.996205 0.046866 77.951103 0.769829 -0.086426 0.632371 14.807867 0.000000 0.000000 0.000000 1.000000
0.500134 -0.013218 -0.865847 1.103948 0.032521 0.999465 0.003527 79.743103 0.865337 -0.029922 0.500296 16.381105 0.000000 0.000000 0.000000 1.000000
0.387090 -0.005142 -0.922027 2.480128 -0.031199 0.999339 -0.018671 79.571892 0.921514 0.035993 0.386674 18.486557 0.000000 0.000000 0.000000 1.000000
0.323450 0.000859 -0.946245 4.447528 -0.078824 0.996548 -0.026039 76.753319 0.942956 0.083009 0.322402 22.183849 0.000000 0.000000 0.000000 1.000000
0.300580 0.002509 -0.953753 6.455784 -0.088963 0.995711 -0.025418 73.532562 0.949598 0.092489 0.299514 25.388235 0.000000 0.000000 0.000000 1.000000
0.301204 0.008133 -0.953525 7.932239 -0.074552 0.997104 -0.015045 71.103249 0.950641 0.075619 0.300938 27.843323 0.000000 0.000000 0.000000 1.000000
0.313641 0.015262 -0.949419 8.531445 -0.055854 0.998436 -0.002401 70.406342 0.947897 0.053782 0.314003 29.481533 0.000000 0.000000 0.000000 1.000000
0.338240 0.021107 -0.940823 8.300926 -0.042160 0.999085 0.007257 70.706970 0.940115 0.037211 0.338820 30.100918 0.000000 0.000000 0.000000 1.000000
0.376272 0.025563 -0.926156 7.400184 -0.029302 0.999448 0.015681 71.475319 0.926046 0.021238 0.376814 29.343393 0.000000 0.000000 0.000000 1.000000
0.422210 0.022633 -0.906215 6.008692 -0.011932 0.999740 0.019410 72.769882 0.906420 0.002618 0.422370 27.465807 0.000000 0.000000 0.000000 1.000000
0.476414 0.010342 -0.879160 4.552845 0.010400 0.999795 0.017397 74.386185 0.879160 -0.017432 0.476208 25.204533 0.000000 0.000000 0.000000 1.000000
0.541454 -0.005723 -0.840711 3.390236 0.034560 0.999283 0.015456 76.072693 0.840020 -0.037423 0.541264 22.541161 0.000000 0.000000 0.000000 1.000000
0.607556 -0.021750 -0.793979 2.665076 0.057249 0.998224 0.016462 77.917183 0.792211 -0.055456 0.607722 19.542532 0.000000 0.000000 0.000000 1.000000
0.663971 -0.030359 -0.747142 2.578112 0.070707 0.997247 0.022315 79.185722 0.744408 -0.067645 0.664290 17.246346 0.000000 0.000000 0.000000 1.000000
0.704659 -0.029197 -0.708945 2.711742 0.071218 0.997018 0.029726 80.067360 0.705963 -0.071436 0.704637 15.340672 0.000000 0.000000 0.000000 1.000000
0.724239 -0.022376 -0.689186 2.904920 0.060548 0.997676 0.031236 80.784538 0.686886 -0.064351 0.723911 13.944679 0.000000 0.000000 0.000000 1.000000
0.725356 -0.013800 -0.688236 2.824643 0.045680 0.998560 0.028121 81.824272 0.686857 -0.051836 0.724942 12.550695 0.000000 0.000000 0.000000 1.000000
0.717275 -0.001358 -0.696789 2.602571 0.026789 0.999313 0.025629 82.825745 0.696275 -0.037049 0.716818 11.447182 0.000000 0.000000 0.000000 1.000000
0.710089 0.011285 -0.704022 2.599885 0.008291 0.999668 0.024386 83.071129 0.704063 -0.023153 0.709760 10.913666 0.000000 0.000000 0.000000 1.000000
0.705117 0.017595 -0.708872 2.906253 -0.000872 0.999713 0.023947 82.799133 0.709090 -0.016267 0.704930 10.729948 0.000000 0.000000 0.000000 1.000000
0.697311 0.019119 -0.716514 3.222120 -0.004311 0.999738 0.022481 82.725899 0.716756 -0.012587 0.697211 10.617120 0.000000 0.000000 0.000000 1.000000
0.702072 0.022790 -0.711741 3.343775 -0.007474 0.999669 0.024637 82.754059 0.712066 -0.011977 0.702010 10.432340 0.000000 0.000000 0.000000 1.000000</float_array>
        <technique_common>
          <accessor source="#mixamorig_Hips-Matrix-animation-output-transform-array" count="27" stride="16">
            <param type="float4x4"/>
          </accessor>
        </technique_common>
      </source>
      <source id="mixamorig_Hips-Interpolations">
        <Name_array id="mixamorig_Hips-Interpolations-array" count="27">
 LINEAR LINEAR LINEAR LINEAR LINEAR LINEAR LINEAR LINEAR LINEAR LINEAR LINEAR
LINEAR LINEAR LINEAR LINEAR LINEAR LINEAR LINEAR LINEAR LINEAR LINEAR LINEAR LINEAR
LINEAR LINEAR LINEAR LINEAR</Name_array>
        <technique_common>
          <accessor source="#mixamorig_Hips-Interpolations-array" count="27">
            <param type="name"/>
          </accessor>
        </technique_common>
      </source>
      <sampler id="mixamorig_Hips-Matrix-animation-transform">
        <input semantic="INPUT" source="#mixamorig_Hips-Matrix-animation-input"/>
        <input semantic="OUTPUT" source="#mixamorig_Hips-Matrix-animation-output-transform"/>
        <input semantic="INTERPOLATION" source="#mixamorig_Hips-Interpolations"/>
      </sampler>
      <channel source="#mixamorig_Hips-Matrix-animation-transform" target="mixamorig_Hips/matrix"/>
    </animation>
    <animation id="mixamorig_Spine-anim" name="mixamorig_Spine">
      <source id="mixamorig_Spine-Matrix-animation-input">
        <float_array id="mixamorig_Spine-Matrix-animation-input-array" count="27">

0.000000 0.033333 0.066667 0.100000 0.133333 0.166667 0.200000 0.233333 0.266667 0.300000 0.333333 0.366667 0.400000 0.433333 0.466667 0.500000
0.533333 0.566667 0.600000 0.633333 0.666667 0.700000 0.733333 0.766667 0.800000 0.833333 0.866667</float_array>
        <technique_common>
          <accessor source="#mixamorig_Spine-Matrix-animation-input-array" count="27">
            <param name="TIME" type="float"/>
          </accessor>
        </technique_common>
      </source>
      <source id="mixamorig_Spine-Matrix-animation-output-transform">
        <float_array id="mixamorig_Spine-Matrix-animation-output-transform-array" count="432">

0.999792 -0.016987 0.011302 0.000000 0.016466 0.998864 0.044712 10.528800 -0.012049 -0.044517 0.998936 -0.610600 0.000000 0.000000 0.000000 1.000000
0.999790 -0.015958 0.012818 0.000000 0.015435 0.999084 0.039914 10.528800 -0.013444 -0.039708 0.999121 -0.610600 0.000000 0.000000 0.000000 1.000000
0.999625 -0.019857 0.018870 0.000000 0.019307 0.999395 0.028930 10.528800 -0.019433 -0.028555 0.999403 -0.610600 0.000000 0.000000 0.000000 1.000000
0.999083 -0.025289 0.034561 -0.000000 0.024780 0.999580 0.015056 10.528800 -0.034927 -0.014185 0.999289 -0.610600 0.000000 0.000000 0.000000 1.000000
0.998648 -0.017982 0.048766 0.000000 0.017548 0.999803 0.009303 10.528800 -0.048924 -0.008434 0.998767 -0.610600 0.000000 0.000000 0.000000 1.000000
0.998860 0.001025 0.047719 0.000000 -0.001543 0.999940 0.010824 10.528800 -0.047705 -0.010885 0.998802 -0.610600 0.000000 0.000000 0.000000 1.000000
0.999260 0.018997 0.033440 0.000000 -0.019331 0.999766 0.009708 10.528800 -0.033248 -0.010347 0.999394 -0.610600 0.000000 0.000000 0.000000 1.000000
0.999591 0.024035 0.015478 0.000000 -0.024141 0.999686 0.006742 10.528800 -0.015311 -0.007113 0.999857 -0.610600 0.000000 0.000000 0.000000 1.000000
0.999767 0.021539 -0.001551 0.000000 -0.021529 0.999749 0.006154 10.528800 0.001683 -0.006119 0.999980 -0.610600 0.000000 0.000000 0.000000 1.000000
0.999482 0.029549 -0.012717 0.000000 -0.029556 0.999563 -0.000359 10.528800 0.012701 0.000735 0.999919 -0.610600 0.000000 0.000000 0.000000 1.000000
0.998897 0.044936 -0.013611 0.000000 -0.045154 0.998849 -0.016177 10.528800 0.012869 0.016774 0.999776 -0.610600 0.000000 0.000000 0.000000 1.000000
0.998578 0.053130 -0.004348 0.000000 -0.053234 0.998163 -0.028921 10.528800 0.002803 0.029112 0.999572 -0.610600 0.000000 0.000000 0.000000 1.000000
0.998746 0.049563 0.007024 0.000000 -0.049323 0.998301 -0.031033 10.528800 -0.008550 0.030647 0.999494 -0.610600 0.000000 0.000000 0.000000 1.000000
0.999025 0.042161 0.013118 0.000000 -0.041798 0.998766 -0.026833 10.528800 -0.014233 0.026258 0.999554 -0.610600 0.000000 0.000000 0.000000 1.000000
0.999288 0.034058 0.016210 -0.000000 -0.033770 0.999272 -0.017752 10.528800 -0.016803 0.017191 0.999711 -0.610600 0.000000 0.000000 0.000000 1.000000
0.999497 0.023939 0.020803 0.000000 -0.023845 0.999705 -0.004712 10.528800 -0.020910 0.004213 0.999772 -0.610600 0.000000 0.000000 0.000000 1.000000
0.999562 0.014880 0.025585 0.000000 -0.015073 0.999859 0.007343 10.528800 -0.025472 -0.007726 0.999646 -0.610600 0.000000 0.000000 0.000000 1.000000
0.999615 0.009341 0.026136 0.000000 -0.009734 0.999841 0.014925 10.528800 -0.025993 -0.015174 0.999547 -0.610600 0.000000 0.000000 0.000000 1.000000
0.999720 0.002968 0.023457 0.000000 -0.003375 0.999845 0.017289 10.528800 -0.023402 -0.017364 0.999575 -0.610600 0.000000 0.000000 0.000000 1.000000
0.999790 -0.002307 0.020370 0.000000 0.001991 0.999877 0.015538 10.528800 -0.020403 -0.015494 0.999672 -0.610600 0.000000 0.000000 0.000000 1.000000
0.999818 -0.005623 0.018227 0.000000 0.005364 0.999884 0.014222 10.528800 -0.018305 -0.014121 0.999733 -0.610600 0.000000 0.000000 0.000000 1.000000
0.999857 -0.005625 0.015921 0.000000 0.005352 0.999839 0.017109 10.528800 -0.016015 -0.017021 0.999727 -0.610600 0.000000 0.000000 0.000000 1.000000
0.999888 -0.005195 0.014045 -0.000000 0.004874 0.999729 0.022761 10.528800 -0.014160 -0.022690 0.999642 -0.610600 0.000000 0.000000 0.000000 1.000000
0.999898 -0.004371 0.013573 0.000000 0.004012 0.999644 0.026369 10.528800 -0.013683 -0.026312 0.999560 -0.610600 0.000000 0.000000 0.000000 1.000000
0.999898 -0.000460 0.014273 0.000000 0.000092 0.999668 0.025775 10.528800 -0.014280 -0.025771 0.999566 -0.610600 0.000000 0.000000 0.000000 1.000000
0.999869 0.003628 0.015784 0.000000 -0.004005 0.999707 0.023890 10.528800 -0.015693 -0.023950 0.999590 -0.610600 0.000000 0.000000 0.000000 1.000000
0.999849 0.003186 0.017081 0.000000 -0.003580 0.999728 0.023049 10.528800 -0.017003 -0.023107 0.999588 -0.610600 0.000000 0.000000 0.000000 1.000000</float_array>
        <technique_common>
          <accessor source="#mixamorig_Spine-Matrix-animation-output-transform-array" count="27" stride="16">
            <param type="float4x4"/>
          </accessor>
        </technique_common>
      </source>
      <source id="mixamorig_Spine-Interpolations">
        <Name_array id="mixamorig_Spine-Interpolations-array" count="27">
 LINEAR LINEAR LINEAR LINEAR LINEAR LINEAR LINEAR LINEAR LINEAR LINEAR LINEAR
LINEAR LINEAR LINEAR LINEAR LINEAR LINEAR LINEAR LINEAR LINEAR LINEAR LINEAR LINEAR
LINEAR LINEAR LINEAR LINEAR</Name_array>
        <technique_common>
          <accessor source="#mixamorig_Spine-Interpolations-array" count="27">
            <param type="name"/>
          </accessor>
        </technique_common>
      </source>
      <sampler id="mixamorig_Spine-Matrix-animation-transform">
        <input semantic="INPUT" source="#mixamorig_Spine-Matrix-animation-input"/>
        <input semantic="OUTPUT" source="#mixamorig_Spine-Matrix-animation-output-transform"/>
        <input semantic="INTERPOLATION" source="#mixamorig_Spine-Interpolations"/>
      </sampler>
      <channel source="#mixamorig_Spine-Matrix-animation-transform" target="mixamorig_Spine/matrix"/>
    </animation>
    <animation id="mixamorig_Spine1-anim" name="mixamorig_Spine1">
      <source id="mixamorig_Spine1-Matrix-animation-input">
        <float_array id="mixamorig_Spine1-Matrix-animation-input-array" count="27">

0.000000 0.033333 0.066667 0.100000 0.133333 0.166667 0.200000 0.233333 0.266667 0.300000 0.333333 0.366667 0.400000 0.433333 0.466667 0.500000
0.533333 0.566667 0.600000 0.633333 0.666667 0.700000 0.733333 0.766667 0.800000 0.833333 0.866667</float_array>
        <technique_common>
          <accessor source="#mixamorig_Spine1-Matrix-animation-input-array" count="27">
            <param name="TIME" type="float"/>
          </accessor>
        </technique_common>
      </source>
      <source id="mixamorig_Spine1-Matrix-animation-output-transform">
        <float_array id="mixamorig_Spine1-Matrix-animation-output-transform-array" count="432">

0.999476 -0.015971 0.028143 0.000000 0.017423 0.998488 -0.052133 11.377000 -0.027268 0.052596 0.998244 0.000000 0.000000 0.000000 0.000000 1.000000
0.999441 -0.016215 0.029234 -0.000000 0.017907 0.998122 -0.058574 11.377000 -0.028230 0.059064 0.997855 0.000000 0.000000 0.000000 0.000000 1.000000
0.999054 -0.018165 0.039505 -0.000000 0.020943 0.997251 -0.071070 11.377000 -0.038105 0.071830 0.996689 0.000000 0.000000 0.000000 0.000000 1.000000
0.997726 -0.015963 0.065480 0.000000 0.021470 0.996210 -0.084283 11.377000 -0.063886 0.085498 0.994288 0.000000 0.000000 0.000000 0.000000 1.000000
0.995913 -0.003709 0.090245 0.000000 0.011521 0.996212 -0.086196 11.377000 -0.089583 0.086884 0.992182 0.000000 0.000000 0.000000 0.000000 1.000000
0.995985 0.012300 0.088673 0.000000 -0.005053 0.996661 -0.081491 11.377000 -0.089379 0.080716 0.992722 0.000000 0.000000 0.000000 0.000000 1.000000
0.997951 0.021249 0.060348 0.000000 -0.016014 0.996171 -0.085947 11.377000 -0.061943 0.084804 0.994470 -0.000000 0.000000 0.000000 0.000000 1.000000
0.999578 0.017893 0.022872 0.000000 -0.015568 0.995056 -0.098089 11.377000 -0.024514 0.097692 0.994915 0.000000 0.000000 0.000000 0.000000 1.000000
0.999869 0.011890 -0.010987 0.000000 -0.012967 0.994514 -0.103801 11.377000 0.009692 0.103930 0.994537 0.000000 0.000000 0.000000 0.000000 1.000000
0.999167 0.020209 -0.035441 0.000000 -0.023961 0.993767 -0.108872 11.377000 0.033020 0.109630 0.993424 0.000000 0.000000 0.000000 0.000000 1.000000
0.998359 0.039258 -0.041685 0.000000 -0.044190 0.991186 -0.124889 11.377000 0.036414 0.126526 0.991295 0.000000 0.000000 0.000000 0.000000 1.000000
0.998382 0.050758 -0.025629 -0.000000 -0.053899 0.988369 -0.142200 11.377000 0.018113 0.143352 0.989506 0.000000 0.000000 0.000000 0.000000 1.000000
0.998754 0.049909 -0.000648 0.000000 -0.049454 0.987725 -0.148170 11.377000 -0.006755 0.148018 0.988962 0.000000 0.000000 0.000000 0.000000 1.000000
0.998772 0.046530 0.017013 0.000000 -0.043594 0.988557 -0.144414 11.377000 -0.023538 0.143495 0.989371 0.000000 0.000000 0.000000 0.000000 1.000000
0.998522 0.045329 0.029976 0.000000 -0.040910 0.990080 -0.134418 11.377000 -0.035771 0.132993 0.990471 0.000000 0.000000 0.000000 0.000000 1.000000
0.998054 0.043269 0.044890 0.000000 -0.037594 0.992020 -0.120345 11.377000 -0.049739 0.118423 0.991717 0.000000 0.000000 0.000000 0.000000 1.000000
0.997610 0.039358 0.056790 0.000000 -0.033155 0.993779 -0.106323 11.377000 -0.060622 0.104186 0.992709 0.000000 0.000000 0.000000 0.000000 1.000000
0.997589 0.035499 0.059637 0.000000 -0.029689 0.994974 -0.095634 11.377000 -0.062732 0.093633 0.993629 0.000000 0.000000 0.000000 0.000000 1.000000
0.998015 0.030955 0.054842 0.000000 -0.025901 0.995551 -0.090593 11.377000 -0.057402 0.088993 0.994377 0.000000 0.000000 0.000000 0.000000 1.000000
0.998534 0.025250 0.047877 0.000000 -0.020828 0.995661 -0.090697 11.377000 -0.049959 0.089567 0.994727 0.000000 0.000000 0.000000 0.000000 1.000000
0.998870 0.019792 0.043208 -0.000000 -0.015802 0.995744 -0.090801 11.377000 -0.044821 0.090016 0.994931 0.000000 0.000000 0.000000 0.000000 1.000000
0.999094 0.013005 0.040528 -0.000000 -0.009453 0.996195 -0.086635 11.377000 -0.041500 0.086173 0.995415 0.000000 0.000000 0.000000 0.000000 1.000000
0.999298 0.003672 0.037284 0.000000 -0.000711 0.996865 -0.079114 11.377000 -0.037458 0.079032 0.996168 0.000000 0.000000 0.000000 0.000000 1.000000
0.999426 -0.003123 0.033747 0.000000 0.005594 0.997289 -0.073376 11.377000 -0.033426 0.073522 0.996733 0.000000 0.000000 0.000000 0.000000 1.000000
0.999452 -0.001958 0.033050 0.000000 0.004381 0.997293 -0.073402 11.377000 -0.032816 0.073506 0.996755 -0.000000 0.000000 0.000000 0.000000 1.000000
0.999384 0.001317 0.035067 0.000000 0.001363 0.997085 -0.076285 11.377000 -0.035065 0.076286 0.996469 0.000000 0.000000 0.000000 0.000000 1.000000
0.999300 -0.000260 0.037405 0.000000 0.003191 0.996925 -0.078301 11.377000 -0.037269 0.078365 0.996228 0.000000 0.000000 0.000000 0.000000 1.000000</float_array>
        <technique_common>
          <accessor source="#mixamorig_Spine1-Matrix-animation-output-transform-array" count="27" stride="16">
            <param type="float4x4"/>
          </accessor>
        </technique_common>
      </source>
      <source id="mixamorig_Spine1-Interpolations">
        <Name_array id="mixamorig_Spine1-Interpolations-array" count="27">
 LINEAR LINEAR LINEAR LINEAR LINEAR LINEAR LINEAR LINEAR LINEAR LINEAR LINEAR
LINEAR LINEAR LINEAR LINEAR LINEAR LINEAR LINEAR LINEAR LINEAR LINEAR LINEAR LINEAR
LINEAR LINEAR LINEAR LINEAR</Name_array>
        <technique_common>
          <accessor source="#mixamorig_Spine1-Interpolations-array" count="27">
            <param type="name"/>
          </accessor>
        </technique_common>
      </source>
      <sampler id="mixamorig_Spine1-Matrix-animation-transform">
        <input semantic="INPUT" source="#mixamorig_Spine1-Matrix-animation-input"/>
        <input semantic="OUTPUT" source="#mixamorig_Spine1-Matrix-animation-output-transform"/>
        <input semantic="INTERPOLATION" source="#mixamorig_Spine1-Interpolations"/>
      </sampler>
      <channel source="#mixamorig_Spine1-Matrix-animation-transform" target="mixamorig_Spine1/matrix"/>
    </animation>
    <animation id="mixamorig_Spine2-anim" name="mixamorig_Spine2">
      <source id="mixamorig_Spine2-Matrix-animation-input">
        <float_array id="mixamorig_Spine2-Matrix-animation-input-array" count="27">

0.000000 0.033333 0.066667 0.100000 0.133333 0.166667 0.200000 0.233333 0.266667 0.300000 0.333333 0.366667 0.400000 0.433333 0.466667 0.500000
0.533333 0.566667 0.600000 0.633333 0.666667 0.700000 0.733333 0.766667 0.800000 0.833333 0.866667</float_array>
        <technique_common>
          <accessor source="#mixamorig_Spine2-Matrix-animation-input-array" count="27">
            <param name="TIME" type="float"/>
          </accessor>
        </technique_common>
      </source>
      <source id="mixamorig_Spine2-Matrix-animation-output-transform">
        <float_array id="mixamorig_Spine2-Matrix-animation-output-transform-array" count="432">

0.999415 -0.018821 0.028558 -0.000000 0.020425 0.998167 -0.056976 14.062000 -0.027434 0.057526 0.997967 0.000000 0.000000 0.000000 0.000000 1.000000
0.999374 -0.019218 0.029708 0.000000 0.021072 0.997766 -0.063397 14.062000 -0.028423 0.063984 0.997546 0.000000 0.000000 0.000000 0.000000 1.000000
0.998955 -0.022322 0.039894 -0.000000 0.025295 0.996812 -0.075665 14.062000 -0.038078 0.076595 0.996335 0.000000 0.000000 0.000000 0.000000 1.000000
0.997580 -0.023032 0.065598 0.000000 0.028809 0.995657 -0.088525 14.062000 -0.063274 0.090201 0.993912 0.000000 0.000000 0.000000 0.000000 1.000000
0.995829 -0.013553 0.090224 0.000000 0.021756 0.995653 -0.090560 14.062000 -0.088604 0.092145 0.991796 -0.000000 0.000000 0.000000 0.000000 1.000000
0.996051 0.002734 0.088741 0.000000 0.004982 0.996230 -0.086610 14.062000 -0.088644 0.086711 0.992282 0.000000 0.000000 0.000000 0.000000 1.000000
0.998076 0.015050 0.060145 0.000000 -0.009492 0.995746 -0.091654 14.062000 -0.061268 0.090907 0.993973 0.000000 0.000000 0.000000 0.000000 1.000000
0.999632 0.015873 0.021999 0.000000 -0.013509 0.994515 -0.103719 14.062000 -0.023525 0.103384 0.994363 0.000000 0.000000 0.000000 0.000000 1.000000
0.999835 0.013400 -0.012247 -0.000000 -0.014656 0.993934 -0.108998 14.062000 0.010712 0.109159 0.993967 0.000000 0.000000 0.000000 0.000000 1.000000
0.999022 0.024533 -0.036797 -0.000000 -0.028563 0.993146 -0.113337 14.062000 0.033764 0.114277 0.992875 0.000000 0.000000 0.000000 0.000000 1.000000
0.998073 0.044733 -0.042993 -0.000000 -0.049938 0.990413 -0.128792 14.062000 0.036819 0.130691 0.990739 0.000000 0.000000 0.000000 0.000000 1.000000
0.998150 0.054626 -0.026709 -0.000000 -0.057963 0.987517 -0.146461 14.062000 0.018375 0.147739 0.988856 0.000000 0.000000 0.000000 0.000000 1.000000
0.998711 0.050753 -0.001205 -0.000000 -0.050338 0.986903 -0.153262 14.062000 -0.006589 0.153125 0.988185 -0.000000 0.000000 0.000000 0.000000 1.000000
0.998828 0.045062 0.017679 0.000000 -0.041910 0.987803 -0.149965 14.062000 -0.024221 0.149048 0.988533 0.000000 0.000000 0.000000 0.000000 1.000000
0.998582 0.042179 0.032472 0.000000 -0.037242 0.989456 -0.139965 14.062000 -0.038033 0.138557 0.989624 0.000000 0.000000 0.000000 0.000000 1.000000
0.998061 0.038426 0.048976 0.000000 -0.032012 0.991564 -0.125600 14.062000 -0.053389 0.123788 0.990871 0.000000 0.000000 0.000000 0.000000 1.000000
0.997543 0.033319 0.061628 0.000000 -0.026313 0.993451 -0.111191 14.062000 -0.064929 0.109296 0.991886 0.000000 0.000000 0.000000 0.000000 1.000000
0.997485 0.029209 0.064584 0.000000 -0.022635 0.994702 -0.100281 14.062000 -0.067171 0.098567 0.992861 0.000000 0.000000 0.000000 0.000000 1.000000
0.997909 0.025099 0.059565 0.000000 -0.019348 0.995268 -0.095226 14.062000 -0.061673 0.093874 0.993672 -0.000000 0.000000 0.000000 0.000000 1.000000
0.998443 0.020018 0.052065 0.000000 -0.014980 0.995324 -0.095427 14.062000 -0.053731 0.094498 0.994074 0.000000 0.000000 0.000000 0.000000 1.000000
0.998796 0.015026 0.046698 0.000000 -0.010503 0.995361 -0.095634 14.062000 -0.047918 0.095028 0.994321 0.000000 0.000000 0.000000 0.000000 1.000000
0.999025 0.008580 0.043312 0.000000 -0.004585 0.995795 -0.091493 14.062000 -0.043915 0.091205 0.994863 0.000000 0.000000 0.000000 0.000000 1.000000
0.999230 -0.000325 0.039237 0.000000 0.003622 0.996462 -0.083969 14.062000 -0.039071 0.084046 0.995696 0.000000 0.000000 0.000000 0.000000 1.000000
0.999371 -0.006662 0.034830 0.000000 0.009374 0.996885 -0.078304 14.062000 -0.034200 0.078581 0.996321 0.000000 0.000000 0.000000 0.000000 1.000000
0.999416 -0.005355 0.033748 0.000000 0.007990 0.996887 -0.078443 14.062000 -0.033223 0.078667 0.996347 0.000000 0.000000 0.000000 0.000000 1.000000
0.999359 -0.002243 0.035731 -0.000000 0.005147 0.996670 -0.081381 14.062000 -0.035429 0.081513 0.996042 -0.000000 0.000000 0.000000 0.000000 1.000000
0.999277 -0.004023 0.037799 0.000000 0.007166 0.996491 -0.083397 14.062000 -0.037331 0.083607 0.995799 0.000000 0.000000 0.000000 0.000000 1.000000</float_array>
        <technique_common>
          <accessor source="#mixamorig_Spine2-Matrix-animation-output-transform-array" count="27" stride="16">
            <param type="float4x4"/>
          </accessor>
        </technique_common>
      </source>
      <source id="mixamorig_Spine2-Interpolations">
        <Name_array id="mixamorig_Spine2-Interpolations-array" count="27">
 LINEAR LINEAR LINEAR LINEAR LINEAR LINEAR LINEAR LINEAR LINEAR LINEAR LINEAR
LINEAR LINEAR LINEAR LINEAR LINEAR LINEAR LINEAR LINEAR LINEAR LINEAR LINEAR LINEAR
LINEAR LINEAR LINEAR LINEAR</Name_array>
        <technique_common>
          <accessor source="#mixamorig_Spine2-Interpolations-array" count="27">
            <param type="name"/>
          </accessor>
        </technique_common>
      </source>
      <sampler id="mixamorig_Spine2-Matrix-animation-transform">
        <input semantic="INPUT" source="#mixamorig_Spine2-Matrix-animation-input"/>
        <input semantic="OUTPUT" source="#mixamorig_Spine2-Matrix-animation-output-transform"/>
        <input semantic="INTERPOLATION" source="#mixamorig_Spine2-Interpolations"/>
      </sampler>
      <channel source="#mixamorig_Spine2-Matrix-animation-transform" target="mixamorig_Spine2/matrix"/>
    </animation>
    <animation id="mixamorig_Neck-anim" name="mixamorig_Neck">
      <source id="mixamorig_Neck-Matrix-animation-input">
        <float_array id="mixamorig_Neck-Matrix-animation-input-array" count="27">

0.000000 0.033333 0.066667 0.100000 0.133333 0.166667 0.200000 0.233333 0.266667 0.300000 0.333333 0.366667 0.400000 0.433333 0.466667 0.500000
0.533333 0.566667 0.600000 0.633333 0.666667 0.700000 0.733333 0.766667 0.800000 0.833333 0.866667</float_array>
        <technique_common>
          <accessor source="#mixamorig_Neck-Matrix-animation-input-array" count="27">
            <param name="TIME" type="float"/>
          </accessor>
        </technique_common>
      </source>
      <source id="mixamorig_Neck-Matrix-animation-output-transform">
        <float_array id="mixamorig_Neck-Matrix-animation-output-transform-array" count="432">

0.996236 0.072524 0.047474 0.000000 -0.061247 0.976521 -0.206533 10.523900 -0.061338 0.202848 0.977287 0.000000 0.000000 0.000000 0.000000 1.000000
0.996266 0.073486 0.045315 0.000000 -0.062550 0.976163 -0.207830 10.523900 -0.059507 0.204220 0.977115 0.000000 0.000000 0.000000 0.000000 1.000000
0.996793 0.068962 0.040592 0.000000 -0.058965 0.975917 -0.210020 10.523900 -0.054098 0.206953 0.976854 0.000000 0.000000 0.000000 0.000000 1.000000
0.997940 0.054474 0.033882 -0.000000 -0.046056 0.976030 -0.212706 10.523900 -0.044657 0.210707 0.976529 0.000000 0.000000 0.000000 0.000000 1.000000
0.998812 0.037117 0.031588 0.000000 -0.029640 0.977064 -0.210872 10.523900 -0.038690 0.209685 0.977003 0.000000 0.000000 0.000000 0.000000 1.000000
0.998829 0.027555 0.039767 0.000000 -0.019114 0.979841 -0.198861 10.523900 -0.044445 0.197868 0.979221 0.000000 0.000000 0.000000 0.000000 1.000000
0.997972 0.025970 0.058117 -0.000000 -0.015269 0.984002 -0.177500 10.523900 -0.061797 0.176252 0.982403 -0.000000 0.000000 0.000000 0.000000 1.000000
0.996590 0.028665 0.077370 -0.000000 -0.015871 0.986798 -0.161173 10.523900 -0.080969 0.159396 0.983889 0.000000 0.000000 0.000000 0.000000 1.000000
0.995120 0.040229 0.090095 0.000000 -0.025680 0.987237 -0.157173 10.523900 -0.095268 0.154093 0.983453 0.000000 0.000000 0.000000 0.000000 1.000000
0.992984 0.062851 0.100165 0.000000 -0.047486 0.987695 -0.149007 10.523900 -0.108298 0.143205 0.983750 -0.000000 0.000000 0.000000 0.000000 1.000000
0.990708 0.083451 0.107392 0.000000 -0.068733 0.988578 -0.134121 10.523900 -0.117358 0.125493 0.985129 0.000000 0.000000 0.000000 0.000000 1.000000
0.989946 0.092369 0.107123 -0.000000 -0.077898 0.988160 -0.132183 10.523900 -0.118064 0.122510 0.985420 0.000000 0.000000 0.000000 0.000000 1.000000
0.990232 0.093155 0.103739 0.000000 -0.077543 0.986314 -0.145504 10.523900 -0.115874 0.136039 0.983904 0.000000 0.000000 0.000000 0.000000 1.000000
0.990591 0.091559 0.101714 -0.000000 -0.074461 0.984183 -0.160746 10.523900 -0.114823 0.151660 0.981741 -0.000000 0.000000 0.000000 0.000000 1.000000
0.991323 0.089478 0.096289 0.000000 -0.071552 0.981834 -0.175735 10.523900 -0.110264 0.167320 0.979717 0.000000 0.000000 0.000000 0.000000 1.000000
0.992326 0.088846 0.086000 0.000000 -0.070782 0.978430 -0.194074 10.523900 -0.101387 0.186497 0.977210 0.000000 0.000000 0.000000 0.000000 1.000000
0.992921 0.090921 0.076433 -0.000000 -0.072928 0.974565 -0.211909 10.523900 -0.093756 0.204835 0.974296 0.000000 0.000000 0.000000 0.000000 1.000000
0.993164 0.093513 0.069855 0.000000 -0.075625 0.971380 -0.225172 10.523900 -0.088912 0.218350 0.971812 0.000000 0.000000 0.000000 0.000000 1.000000
0.993508 0.093642 0.064603 0.000000 -0.076263 0.969582 -0.232583 10.523900 -0.084418 0.226146 0.970429 0.000000 0.000000 0.000000 0.000000 1.000000
0.994096 0.090184 0.060333 0.000000 -0.073849 0.969734 -0.232728 10.523900 -0.079496 0.226898 0.970669 0.000000 0.000000 0.000000 0.000000 1.000000
0.994704 0.084709 0.058203 0.000000 -0.069397 0.971279 -0.227598 10.523900 -0.075811 0.222354 0.972014 -0.000000 0.000000 0.000000 0.000000 1.000000
0.995078 0.080032 0.058439 0.000000 -0.065100 0.972547 -0.223415 10.523900 -0.074715 0.218510 0.972970 0.000000 0.000000 0.000000 0.000000 1.000000
0.995269 0.076904 0.059374 0.000000 -0.061845 0.972784 -0.223307 10.523900 -0.074931 0.218579 0.972938 0.000000 0.000000 0.000000 0.000000 1.000000
0.995517 0.073646 0.059343 0.000000 -0.058735 0.973179 -0.222427 10.523900 -0.074132 0.217944 0.973142 -0.000000 0.000000 0.000000 0.000000 1.000000
0.995835 0.069751 0.058721 0.000000 -0.055496 0.974678 -0.216617 10.523900 -0.072343 0.212456 0.974489 -0.000000 0.000000 0.000000 0.000000 1.000000
0.995894 0.068522 0.059158 0.000000 -0.054594 0.975893 -0.211312 10.523900 -0.072212 0.207214 0.975627 -0.000000 0.000000 0.000000 0.000000 1.000000
0.995802 0.070191 0.058745 0.000000 -0.056277 0.975686 -0.211824 10.523900 -0.072184 0.207629 0.975541 -0.000000 0.000000 0.000000 0.000000 1.000000</float_array>
        <technique_common>
          <accessor source="#mixamorig_Neck-Matrix-animation-output-transform-array" count="27" stride="16">
            <param type="float4x4"/>
          </accessor>
        </technique_common>
      </source>
      <source id="mixamorig_Neck-Interpolations">
        <Name_array id="mixamorig_Neck-Interpolations-array" count="27">
 LINEAR LINEAR LINEAR LINEAR LINEAR LINEAR LINEAR LINEAR LINEAR LINEAR LINEAR
LINEAR LINEAR LINEAR LINEAR LINEAR LINEAR LINEAR LINEAR LINEAR LINEAR LINEAR LINEAR
LINEAR LINEAR LINEAR LINEAR</Name_array>
        <technique_common>
          <accessor source="#mixamorig_Neck-Interpolations-array" count="27">
            <param type="name"/>
          </accessor>
        </technique_common>
      </source>
      <sampler id="mixamorig_Neck-Matrix-animation-transform">
        <input semantic="INPUT" source="#mixamorig_Neck-Matrix-animation-input"/>
        <input semantic="OUTPUT" source="#mixamorig_Neck-Matrix-animation-output-transform"/>
        <input semantic="INTERPOLATION" source="#mixamorig_Neck-Interpolations"/>
      </sampler>
      <channel source="#mixamorig_Neck-Matrix-animation-transform" target="mixamorig_Neck/matrix"/>
    </animation>
    <animation id="mixamorig_Head-anim" name="mixamorig_Head">
      <source id="mixamorig_Head-Matrix-animation-input">
        <float_array id="mixamorig_Head-Matrix-animation-input-array" count="27">

0.000000 0.033333 0.066667 0.100000 0.133333 0.166667 0.200000 0.233333 0.266667 0.300000 0.333333 0.366667 0.400000 0.433333 0.466667 0.500000
0.533333 0.566667 0.600000 0.633333 0.666667 0.700000 0.733333 0.766667 0.800000 0.833333 0.866667</float_array>
        <technique_common>
          <accessor source="#mixamorig_Head-Matrix-animation-input-array" count="27">
            <param name="TIME" type="float"/>
          </accessor>
        </technique_common>
      </source>
      <source id="mixamorig_Head-Matrix-animation-output-transform">
        <float_array id="mixamorig_Head-Matrix-animation-output-transform-array" count="432">

0.961406 0.268650 0.059381 -0.000000 -0.165284 0.736485 -0.655950 13.606700 -0.219954 0.620820 0.752465 1.762900 0.000000 0.000000 0.000000 1.000000
0.965909 0.254726 0.046200 0.000000 -0.161790 0.733278 -0.660399 13.606700 -0.202098 0.630411 0.749492 1.762900 0.000000 0.000000 0.000000 1.000000
0.969115 0.244365 0.033200 0.000000 -0.160088 0.725783 -0.669037 13.606700 -0.187585 0.643059 0.742487 1.762900 0.000000 0.000000 0.000000 1.000000
0.969022 0.244923 0.031754 0.000000 -0.156395 0.708046 -0.688630 13.606700 -0.191145 0.662332 0.724417 1.762900 0.000000 0.000000 0.000000 1.000000
0.960653 0.272277 0.054881 0.000000 -0.154346 0.687577 -0.709518 13.606700 -0.230920 0.673129 0.702547 1.762900 0.000000 0.000000 0.000000 1.000000
0.933820 0.340714 0.109063 0.000000 -0.170047 0.690965 -0.702604 13.606700 -0.314746 0.637559 0.703174 1.762900 0.000000 0.000000 0.000000 1.000000
0.882234 0.427795 0.196607 0.000000 -0.207208 0.727779 -0.653760 13.606700 -0.422762 0.536030 0.730715 1.762900 0.000000 0.000000 0.000000 1.000000
0.830093 0.480802 0.282446 -0.000000 -0.237706 0.763293 -0.600733 13.606700 -0.504422 0.431524 0.747894 1.762900 0.000000 0.000000 0.000000 1.000000
0.815402 0.483577 0.318235 0.000000 -0.236288 0.779871 -0.579628 13.606700 -0.528477 0.397435 0.750172 1.762900 0.000000 0.000000 0.000000 1.000000
0.833946 0.450746 0.318373 0.000000 -0.222678 0.802730 -0.553207 13.606700 -0.504924 0.390451 0.769805 1.762900 0.000000 0.000000 0.000000 1.000000
0.853048 0.417925 0.312485 -0.000000 -0.221114 0.831894 -0.508979 13.606700 -0.472670 0.365089 0.802056 1.762900 0.000000 0.000000 0.000000 1.000000
0.861755 0.413651 0.293721 0.000000 -0.228536 0.833409 -0.503191 13.606700 -0.452935 0.366501 0.812728 1.762900 0.000000 0.000000 0.000000 1.000000
0.864569 0.422355 0.272280 0.000000 -0.224613 0.809497 -0.542461 13.606700 -0.449521 0.407837 0.794732 1.762900 0.000000 0.000000 0.000000 1.000000
0.868557 0.418869 0.264872 0.000000 -0.206282 0.791519 -0.575279 13.606700 -0.450617 0.445024 0.773885 1.762900 0.000000 0.000000 0.000000 1.000000
0.882192 0.399505 0.249265 -0.000000 -0.188364 0.784547 -0.590766 13.606700 -0.431574 0.474216 0.767374 1.762900 0.000000 0.000000 0.000000 1.000000
0.906442 0.366671 0.209560 -0.000000 -0.172720 0.774656 -0.608338 13.606700 -0.385397 0.515228 0.765512 1.762900 0.000000 0.000000 0.000000 1.000000
0.929563 0.330390 0.163568 -0.000000 -0.158359 0.758504 -0.632135 13.606700 -0.332918 0.561707 0.757397 1.762900 0.000000 0.000000 0.000000 1.000000
0.943255 0.306505 0.127770 -0.000000 -0.152216 0.741051 -0.653968 13.606700 -0.295128 0.597410 0.745655 1.762900 0.000000 0.000000 0.000000 1.000000
0.949943 0.294867 0.103256 0.000000 -0.153731 0.728884 -0.667155 13.606700 -0.271984 0.617885 0.737728 1.762900 0.000000 0.000000 0.000000 1.000000
0.953396 0.288262 0.089111 0.000000 -0.155685 0.722985 -0.673094 13.606700 -0.258453 0.627852 0.734169 1.762900 0.000000 0.000000 0.000000 1.000000
0.954111 0.286414 0.087406 -0.000000 -0.154594 0.721092 -0.675372 13.606700 -0.256464 0.630867 0.732280 1.762900 0.000000 0.000000 0.000000 1.000000
0.951797 0.291190 0.096392 0.000000 -0.152223 0.721252 -0.675740 13.606700 -0.266291 0.628494 0.730811 1.762900 0.000000 0.000000 0.000000 1.000000
0.947527 0.301097 0.107394 0.000000 -0.152020 0.719933 -0.677190 13.606700 -0.281216 0.625330 0.727928 1.762900 0.000000 0.000000 0.000000 1.000000
0.943021 0.312484 0.114306 0.000000 -0.156080 0.718827 -0.677442 13.606700 -0.293856 0.621001 0.726641 1.762900 0.000000 0.000000 0.000000 1.000000
0.939960 0.319503 0.119969 -0.000000 -0.161299 0.725679 -0.668859 13.606700 -0.300761 0.609350 0.733645 1.762900 0.000000 0.000000 0.000000 1.000000
0.938106 0.322832 0.125446 0.000000 -0.164829 0.734688 -0.658077 13.606700 -0.304612 0.596669 0.742427 1.762900 0.000000 0.000000 0.000000 1.000000
0.939152 0.321707 0.120410 -0.000000 -0.167231 0.734397 -0.657795 13.606700 -0.300046 0.597634 0.743510 1.762900 0.000000 0.000000 0.000000 1.000000</float_array>
        <technique_common>
          <accessor source="#mixamorig_Head-Matrix-animation-output-transform-array" count="27" stride="16">
            <param type="float4x4"/>
          </accessor>
        </technique_common>
      </source>
      <source id="mixamorig_Head-Interpolations">
        <Name_array id="mixamorig_Head-Interpolations-array" count="27">
 LINEAR LINEAR LINEAR LINEAR LINEAR LINEAR LINEAR LINEAR LINEAR LINEAR LINEAR
LINEAR LINEAR LINEAR LINEAR LINEAR LINEAR LINEAR LINEAR LINEAR LINEAR LINEAR LINEAR
LINEAR LINEAR LINEAR LINEAR</Name_array>
        <technique_common>
          <accessor source="#mixamorig_Head-Interpolations-array" count="27">
            <param type="name"/>
          </accessor>
        </technique_common>
      </source>
      <sampler id="mixamorig_Head-Matrix-animation-transform">
        <input semantic="INPUT" source="#mixamorig_Head-Matrix-animation-input"/>
        <input semantic="OUTPUT" source="#mixamorig_Head-Matrix-animation-output-transform"/>
        <input semantic="INTERPOLATION" source="#mixamorig_Head-Interpolations"/>
      </sampler>
      <channel source="#mixamorig_Head-Matrix-animation-transform" target="mixamorig_Head/matrix"/>
    </animation>
    <animation id="mixamorig_HeadTop_End-anim" name="mixamorig_HeadTop_End">
      <source id="mixamorig_HeadTop_End-Matrix-animation-input">
        <float_array id="mixamorig_HeadTop_End-Matrix-animation-input-array" count="27">

0.000000 0.033333 0.066667 0.100000 0.133333 0.166667 0.200000 0.233333 0.266667 0.300000 0.333333 0.366667 0.400000 0.433333 0.466667 0.500000
0.533333 0.566667 0.600000 0.633333 0.666667 0.700000 0.733333 0.766667 0.800000 0.833333 0.866667</float_array>
        <technique_common>
          <accessor source="#mixamorig_HeadTop_End-Matrix-animation-input-array" count="27">
            <param name="TIME" type="float"/>
          </accessor>
        </technique_common>
      </source>
      <source id="mixamorig_HeadTop_End-Matrix-animation-output-transform">
        <float_array id="mixamorig_HeadTop_End-Matrix-animation-output-transform-array" count="432">

1.000000 0.000000 0.000000 0.000000 0.000000 0.948237 0.317563 31.591200 0.000000 -0.317563 0.948237 -0.362600 0.000000 0.000000 0.000000 1.000000
1.000000 0.000000 0.000000 0.000000 0.000000 0.948237 0.317563 31.591200 0.000000 -0.317563 0.948237 -0.362600 0.000000 0.000000 0.000000 1.000000
1.000000 -0.000000 0.000000 0.000000 0.000000 0.948237 0.317563 31.591200 0.000000 -0.317563 0.948237 -0.362600 0.000000 0.000000 0.000000 1.000000
1.000000 -0.000000 -0.000000 0.000000 0.000000 0.948237 0.317563 31.591200 0.000000 -0.317563 0.948237 -0.362600 0.000000 0.000000 0.000000 1.000000
1.000000 0.000000 0.000000 0.000000 -0.000000 0.948237 0.317563 31.591200 0.000000 -0.317563 0.948237 -0.362600 0.000000 0.000000 0.000000 1.000000
1.000000 -0.000000 -0.000000 -0.000000 -0.000000 0.948237 0.317563 31.591200 0.000000 -0.317563 0.948237 -0.362600 0.000000 0.000000 0.000000 1.000000
1.000000 -0.000000 -0.000000 -0.000000 -0.000000 0.948237 0.317563 31.591200 0.000000 -0.317563 0.948237 -0.362600 0.000000 0.000000 0.000000 1.000000
1.000000 0.000000 0.000000 0.000000 0.000000 0.948237 0.317563 31.591200 -0.000000 -0.317563 0.948237 -0.362600 0.000000 0.000000 0.000000 1.000000
1.000000 0.000000 -0.000000 0.000000 0.000000 0.948237 0.317563 31.591200 0.000000 -0.317563 0.948237 -0.362600 0.000000 0.000000 0.000000 1.000000
1.000000 -0.000000 -0.000000 -0.000000 -0.000000 0.948237 0.317563 31.591200 -0.000000 -0.317563 0.948237 -0.362600 0.000000 0.000000 0.000000 1.000000
1.000000 0.000000 0.000000 0.000000 0.000000 0.948237 0.317563 31.591200 -0.000000 -0.317563 0.948237 -0.362600 0.000000 0.000000 0.000000 1.000000
1.000000 -0.000000 -0.000000 0.000000 -0.000000 0.948237 0.317563 31.591200 -0.000000 -0.317563 0.948237 -0.362600 0.000000 0.000000 0.000000 1.000000
