<?xml version="1.0" encoding="utf-8"?>
<COLLADA xmlns="http://www.collada.org/2005/11/COLLADASchema" version="1.4.1">
  <asset>
    <contributor>
      <author>Mixamo</author>
      <authoring_tool>COLLADA Mixamo exporter</authoring_tool>
      <comments/>
    </contributor>
    <created>2025-01-28T07:34:26Z</created>
    <modified>2025-01-28T07:34:26Z</modified>
    <revision/>
    <title/>
    <unit meter="0.010000"/>
    <up_axis>Y_UP</up_axis>
  </asset>
  <library_animations>
    <animation id="mixamorig_Hips-anim" name="mixamorig_Hips">
      <source id="mixamorig_Hips-Matrix-animation-input">
        <float_array id="mixamorig_Hips-Matrix-animation-input-array" count="144">

0.000000 0.033333 0.066667 0.100000 0.133333 0.166667 0.200000 0.233333 0.266667 0.300000 0.333333 0.366667 0.400000 0.433333 0.466667 0.500000
0.533333 0.566667 0.600000 0.633333 0.666667 0.700000 0.733333 0.766667 0.800000 0.833333 0.866667 0.900000 0.933333 0.966667 1.000000 1.033333
1.066667 1.100000 1.133333 1.166667 1.200000 1.233333 1.266667 1.300000 1.333333 1.366667 1.400000 1.433333 1.466667 1.500000 1.533333 1.566667
1.600000 1.633333 1.666667 1.700000 1.733333 1.766667 1.800000 1.833333 1.866667 1.900000 1.933333 1.966667 2.000000 2.033333 2.066667 2.100000
2.133333 2.166667 2.200000 2.233333 2.266667 2.300000 2.333333 2.366667 2.400000 2.433333 2.466667 2.500000 2.533333 2.566667 2.600000 2.633333
2.666667 2.700000 2.733333 2.766667 2.800000 2.833333 2.866667 2.900000 2.933333 2.966667 3.000000 3.033333 3.066667 3.100000 3.133333 3.166667
3.200000 3.233333 3.266667 3.300000 3.333333 3.366667 3.400000 3.433333 3.466667 3.500000 3.533333 3.566667 3.600000 3.633333 3.666667 3.700000
3.733333 3.766667 3.800000 3.833333 3.866667 3.900000 3.933333 3.966667 4.000000 4.033333 4.066667 4.100000 4.133333 4.166667 4.200000 4.233333
4.266667 4.300000 4.333333 4.366667 4.400000 4.433333 4.466667 4.500000 4.533333 4.566667 4.600000 4.633333 4.666667 4.700000 4.733333 4.766667</float_array>
        <technique_common>
          <accessor source="#mixamorig_Hips-Matrix-animation-input-array" count="144">
            <param name="TIME" type="float"/>
          </accessor>
        </technique_common>
      </source>
      <source id="mixamorig_Hips-Matrix-animation-output-transform">
        <float_array id="mixamorig_Hips-Matrix-animation-output-transform-array" count="2304">

0.998124 0.028348 -0.054262 -0.408012 -0.012755 0.963176 0.268570 90.569389 0.059877 -0.267374 0.961731 3.510061 0.000000 0.000000 0.000000 1.000000
0.998106 0.028669 -0.054423 -0.447024 -0.012594 0.961251 0.275387 90.538162 0.060209 -0.274180 0.959792 3.741401 0.000000 0.000000 0.000000 1.000000
0.998153 0.028723 -0.053532 -0.485406 -0.012411 0.959000 0.283135 90.526138 0.059470 -0.281947 0.957585 3.956584 0.000000 0.000000 0.000000 1.000000
0.998296 0.028045 -0.051163 -0.520164 -0.011915 0.956417 0.291762 90.529572 0.057116 -0.290656 0.955122 4.143645 0.000000 0.000000 0.000000 1.000000
0.998535 0.026227 -0.047328 -0.549977 -0.010787 0.953605 0.300869 90.540558 0.053024 -0.299918 0.952490 4.292746 0.000000 0.000000 0.000000 1.000000
0.998799 0.023419 -0.043026 -0.577992 -0.008942 0.950727 0.309900 90.553879 0.048163 -0.309143 0.949795 4.401572 0.000000 0.000000 0.000000 1.000000
0.999004 0.020377 -0.039700 -0.608975 -0.006677 0.947893 0.318519 90.571396 0.044122 -0.317936 0.947085 4.471780 0.000000 0.000000 0.000000 1.000000
0.999124 0.017808 -0.037867 -0.643485 -0.004464 0.945119 0.326695 90.595451 0.041606 -0.326240 0.944371 4.503150 0.000000 0.000000 0.000000 1.000000
0.999206 0.015720 -0.036606 -0.678178 -0.002559 0.942284 0.334804 90.621483 0.039757 -0.334444 0.941577 4.494901 0.000000 0.000000 0.000000 1.000000
0.999295 0.013673 -0.034958 -0.711454 -0.000820 0.939036 0.343817 90.636703 0.037528 -0.343546 0.938386 4.453336 0.000000 0.000000 0.000000 1.000000
0.999369 0.011717 -0.033537 -0.745190 0.000951 0.934877 0.354971 90.620628 0.035512 -0.354779 0.934275 4.391545 0.000000 0.000000 0.000000 1.000000
0.999358 0.010886 -0.034148 -0.781679 0.002471 0.929568 0.368642 90.550102 0.035756 -0.368489 0.928944 4.314631 0.000000 0.000000 0.000000 1.000000
0.999202 0.012628 -0.037890 -0.825189 0.002868 0.923560 0.383444 90.417343 0.039836 -0.383247 0.922786 4.210153 0.000000 0.000000 0.000000 1.000000
0.998865 0.017680 -0.044224 -0.884358 0.001304 0.918047 0.396471 90.242470 0.047610 -0.396078 0.916982 4.069651 0.000000 0.000000 0.000000 1.000000
0.998330 0.025234 -0.051961 -0.955304 -0.002085 0.914694 0.404142 90.045059 0.057727 -0.403359 0.913219 3.925794 0.000000 0.000000 0.000000 1.000000
0.997618 0.033111 -0.060520 -1.002201 -0.005915 0.915105 0.403172 89.796265 0.068732 -0.401853 0.913121 3.850334 0.000000 0.000000 0.000000 1.000000
0.996795 0.039098 -0.069787 -0.972961 -0.008630 0.919885 0.392093 89.412743 0.079526 -0.390234 0.917275 3.900336 0.000000 0.000000 0.000000 1.000000
0.995971 0.042070 -0.079200 -0.865989 -0.009539 0.927827 0.372888 88.873123 0.089171 -0.370630 0.924490 4.063704 0.000000 0.000000 0.000000 1.000000
0.995302 0.041996 -0.087234 -0.775000 -0.008770 0.936426 0.350757 88.317001 0.096419 -0.348344 0.932395 4.239502 0.000000 0.000000 0.000000 1.000000
0.994965 0.040299 -0.091759 -0.758312 -0.007650 0.943457 0.331406 87.841034 0.099926 -0.329035 0.939016 4.328448 0.000000 0.000000 0.000000 1.000000
0.995019 0.039008 -0.091732 -0.766930 -0.007863 0.948098 0.317881 87.392334 0.099371 -0.315577 0.943682 4.327022 0.000000 0.000000 0.000000 1.000000
0.995378 0.038677 -0.087905 -0.748113 -0.009654 0.950977 0.309111 86.909027 0.095551 -0.306834 0.946955 4.274760 0.000000 0.000000 0.000000 1.000000
0.995963 0.037991 -0.081331 -0.696214 -0.011819 0.953636 0.300731 86.393654 0.088985 -0.298556 0.950235 4.194613 0.000000 0.000000 0.000000 1.000000
0.996759 0.035304 -0.072280 -0.627567 -0.013033 0.957550 0.287972 85.898727 0.079379 -0.286096 0.954907 4.094131 0.000000 0.000000 0.000000 1.000000
0.997641 0.030468 -0.061517 -0.555406 -0.012791 0.962919 0.269487 85.505318 0.067447 -0.268065 0.961037 3.983250 0.000000 0.000000 0.000000 1.000000
0.998330 0.025511 -0.051826 -0.480152 -0.011802 0.968349 0.249322 85.269203 0.056546 -0.248294 0.967033 3.876176 0.000000 0.000000 0.000000 1.000000
0.998637 0.023296 -0.046713 -0.396090 -0.011699 0.972013 0.234636 85.176254 0.050872 -0.233770 0.970960 3.779601 0.000000 0.000000 0.000000 1.000000
0.998576 0.024991 -0.047131 -0.299761 -0.013460 0.972927 0.230719 85.171623 0.051621 -0.229756 0.971878 3.687487 0.000000 0.000000 0.000000 1.000000
0.998317 0.028815 -0.050322 -0.187473 -0.016056 0.971228 0.237611 85.221092 0.055721 -0.236403 0.970056 3.586309 0.000000 0.000000 0.000000 1.000000
0.998124 0.031601 -0.052435 -0.057954 -0.017455 0.967828 0.251006 85.332649 0.058680 -0.249620 0.966564 3.465017 0.000000 0.000000 0.000000 1.000000
0.998156 0.031670 -0.051784 0.078287 -0.016777 0.963806 0.266075 85.528557 0.058336 -0.264716 0.962560 3.319761 0.000000 0.000000 0.000000 1.000000
0.998338 0.029973 -0.049213 0.205041 -0.014993 0.959770 0.280386 85.809349 0.055637 -0.279183 0.958625 3.151188 0.000000 0.000000 0.000000 1.000000
0.998528 0.028458 -0.046171 0.317831 -0.013651 0.955751 0.293861 86.152763 0.052490 -0.292798 0.954732 2.968003 0.000000 0.000000 0.000000 1.000000
0.998671 0.027809 -0.043386 0.427855 -0.013157 0.951590 0.307090 86.540512 0.049826 -0.306111 0.950691 2.798304 0.000000 0.000000 0.000000 1.000000
0.998789 0.027039 -0.041092 0.547434 -0.012473 0.947283 0.320155 86.969925 0.047582 -0.319255 0.946473 2.684840 0.000000 0.000000 0.000000 1.000000
0.998909 0.024953 -0.039468 0.676313 -0.010407 0.942953 0.332763 87.438377 0.045520 -0.331989 0.942184 2.656341 0.000000 0.000000 0.000000 1.000000
0.999027 0.021458 -0.038532 0.803264 -0.006861 0.938634 0.344846 87.928253 0.043567 -0.344247 0.937868 2.707297 0.000000 0.000000 0.000000 1.000000
0.999124 0.017429 -0.038040 0.915096 -0.002726 0.934300 0.356477 88.412331 0.041754 -0.356062 0.933529 2.810933 0.000000 0.000000 0.000000 1.000000
0.999192 0.013778 -0.037752 0.999713 0.001043 0.930191 0.367073 88.866966 0.040174 -0.366816 0.929426 2.944141 0.000000 0.000000 0.000000 1.000000
0.999233 0.010957 -0.037606 1.044879 0.003958 0.926922 0.375234 89.277748 0.038970 -0.375095 0.926167 3.095241 0.000000 0.000000 0.000000 1.000000
0.999251 0.009110 -0.037602 1.042603 0.005860 0.925040 0.379825 89.638474 0.038244 -0.379761 0.924294 3.257394 0.000000 0.000000 0.000000 1.000000
0.999256 0.008326 -0.037665 0.997159 0.006657 0.924557 0.380984 89.949493 0.037995 -0.380952 0.923814 3.423959 0.000000 0.000000 0.000000 1.000000
0.999252 0.008673 -0.037686 0.924954 0.006291 0.925083 0.379712 90.215919 0.038156 -0.379665 0.924337 3.588932 0.000000 0.000000 0.000000 1.000000
0.999242 0.010046 -0.037612 0.844647 0.004865 0.926334 0.376673 90.444572 0.038625 -0.376570 0.925583 3.744979 0.000000 0.000000 0.000000 1.000000
0.999228 0.011950 -0.037419 0.767838 0.002824 0.928283 0.371863 90.641403 0.039179 -0.371682 0.927533 3.879030 0.000000 0.000000 0.000000 1.000000
0.999224 0.013501 -0.037001 0.697015 0.000951 0.930877 0.365332 90.811867 0.039376 -0.365084 0.930142 3.973919 0.000000 0.000000 0.000000 1.000000
0.999252 0.013848 -0.036111 0.629362 -0.000013 0.933820 0.357744 90.960602 0.038675 -0.357476 0.933121 4.018173 0.000000 0.000000 0.000000 1.000000
0.999327 0.012733 -0.034413 0.561746 0.000117 0.936749 0.350003 91.089409 0.036693 -0.349771 0.936116 4.015348 0.000000 0.000000 0.000000 1.000000
0.999442 0.010581 -0.031675 0.493235 0.000908 0.939519 0.342497 91.197838 0.033384 -0.342335 0.938985 3.982747 0.000000 0.000000 0.000000 1.000000
0.999575 0.008083 -0.028008 0.424127 0.001767 0.942225 0.334976 91.288818 0.029097 -0.334883 0.941810 3.939021 0.000000 0.000000 0.000000 1.000000
0.999696 0.005780 -0.023961 0.353200 0.002380 0.944944 0.327225 91.370667 0.024533 -0.327182 0.944643 3.891630 0.000000 0.000000 0.000000 1.000000
0.999786 0.003999 -0.020294 0.276725 0.002699 0.947530 0.319655 91.450180 0.020507 -0.319641 0.947317 3.837489 0.000000 0.000000 0.000000 1.000000
0.999842 0.002923 -0.017515 0.191178 0.002708 0.949726 0.313071 91.526115 0.017550 -0.313069 0.949568 3.776330 0.000000 0.000000 0.000000 1.000000
0.999874 0.002583 -0.015652 0.096635 0.002363 0.951397 0.307959 91.592010 0.015687 -0.307957 0.951271 3.721068 0.000000 0.000000 0.000000 1.000000
0.999890 0.002896 -0.014542 -0.004472 0.001665 0.952605 0.304206 91.642929 0.014734 -0.304197 0.952495 3.692382 0.000000 0.000000 0.000000 1.000000
0.999891 0.003815 -0.014274 -0.111404 0.000666 0.953458 0.301524 91.676941 0.014760 -0.301501 0.953352 3.704689 0.000000 0.000000 0.000000 1.000000
0.999871 0.005294 -0.015147 -0.225543 -0.000507 0.953957 0.299942 91.693481 0.016038 -0.299896 0.953837 3.759272 0.000000 0.000000 0.000000 1.000000
0.999826 0.007108 -0.017233 -0.346408 -0.001615 0.954008 0.299775 91.694382 0.018572 -0.299695 0.953854 3.848276 0.000000 0.000000 0.000000 1.000000
0.999755 0.009038 -0.020202 -0.470138 -0.002533 0.953541 0.301254 91.686226 0.021986 -0.301129 0.953330 3.961143 0.000000 0.000000 0.000000 1.000000
0.999655 0.011411 -0.023642 -0.592580 -0.003673 0.952527 0.304432 91.679398 0.025994 -0.304241 0.952240 4.086538 0.000000 0.000000 0.000000 1.000000
0.999510 0.015095 -0.027414 -0.710443 -0.005873 0.950889 0.309477 91.682632 0.030739 -0.309165 0.950512 4.212452 0.000000 0.000000 0.000000 1.000000
0.999288 0.020606 -0.031610 -0.817936 -0.009539 0.948464 0.316740 91.694946 0.036508 -0.316213 0.947986 4.328611 0.000000 0.000000 0.000000 1.000000
0.998969 0.027313 -0.036248 -0.905456 -0.014003 0.945172 0.326272 91.701721 0.043172 -0.325428 0.944581 4.431366 0.000000 0.000000 0.000000 1.000000
0.998584 0.033754 -0.041114 -0.964272 -0.017927 0.941222 0.337312 91.681206 0.050083 -0.336098 0.940495 4.526659 0.000000 0.000000 0.000000 1.000000
0.998192 0.038740 -0.045948 -0.992137 -0.020323 0.937062 0.348571 91.620644 0.056560 -0.347007 0.936155 4.625949 0.000000 0.000000 0.000000 1.000000
0.997828 0.042085 -0.050673 -0.994535 -0.021111 0.933027 0.359187 91.528404 0.062396 -0.357337 0.931889 4.736507 0.000000 0.000000 0.000000 1.000000
0.997482 0.044356 -0.055329 -0.979985 -0.020830 0.929075 0.369303 91.429497 0.067785 -0.367221 0.927660 4.854820 0.000000 0.000000 0.000000 1.000000
0.997137 0.046238 -0.059835 -0.954086 -0.020118 0.924965 0.379520 91.347420 0.072893 -0.377230 0.923246 4.971082 0.000000 0.000000 0.000000 1.000000
0.996785 0.048248 -0.063961 -0.918950 -0.019548 0.920669 0.389854 91.288071 0.077696 -0.387350 0.918653 5.080455 0.000000 0.000000 0.000000 1.000000
0.996425 0.050748 -0.067537 -0.876439 -0.019602 0.916532 0.399481 91.239250 0.082173 -0.396729 0.914250 5.187624 0.000000 0.000000 0.000000 1.000000
0.996048 0.053878 -0.070605 -0.829081 -0.020494 0.912951 0.407554 91.182610 0.086417 -0.404497 0.910447 5.298875 0.000000 0.000000 0.000000 1.000000
0.995651 0.057448 -0.073345 -0.779613 -0.022014 0.910032 0.413954 91.106750 0.090527 -0.410539 0.907338 5.413724 0.000000 0.000000 0.000000 1.000000
0.995246 0.060962 -0.075951 -0.731656 -0.023621 0.907668 0.419023 91.011368 0.094483 -0.415237 0.904793 5.528882 0.000000 0.000000 0.000000 1.000000
0.994866 0.063773 -0.078574 -0.688823 -0.024672 0.905867 0.422844 90.902313 0.098143 -0.418735 0.902790 5.647971 0.000000 0.000000 0.000000 1.000000
0.994547 0.065347 -0.081278 -0.652889 -0.024704 0.904786 0.425150 90.786270 0.101321 -0.420824 0.901466 5.780392 0.000000 0.000000 0.000000 1.000000
0.994305 0.065617 -0.083979 -0.621602 -0.023720 0.904475 0.425867 90.670189 0.103901 -0.421449 0.900880 5.927260 0.000000 0.000000 0.000000 1.000000
0.994123 0.065094 -0.086495 -0.587379 -0.022228 0.904729 0.425407 90.563026 0.105946 -0.420984 0.900860 6.072390 0.000000 0.000000 0.000000 1.000000
0.993966 0.064475 -0.088736 -0.541970 -0.020833 0.905243 0.424384 90.479156 0.107690 -0.419975 0.901124 6.192289 0.000000 0.000000 0.000000 1.000000
0.993809 0.064067 -0.090774 -0.482850 -0.019744 0.905836 0.423167 90.433708 0.109337 -0.418755 0.901493 6.273772 0.000000 0.000000 0.000000 1.000000
0.993664 0.063570 -0.092691 -0.413906 -0.018653 0.906522 0.421747 90.432297 0.110837 -0.417346 0.901963 6.319581 0.000000 0.000000 0.000000 1.000000
0.993575 0.062372 -0.094440 -0.342588 -0.017049 0.907401 0.419919 90.468796 0.111886 -0.415611 0.902634 6.340339 0.000000 0.000000 0.000000 1.000000
0.993576 0.060138 -0.095868 -0.277013 -0.014705 0.908547 0.417524 90.535187 0.112210 -0.413432 0.903594 6.345079 0.000000 0.000000 0.000000 1.000000
0.993655 0.057220 -0.096824 -0.220733 -0.012006 0.909952 0.414539 90.631660 0.111825 -0.410747 0.904866 6.339168 0.000000 0.000000 0.000000 1.000000
0.993774 0.054448 -0.097207 -0.167048 -0.009743 0.911586 0.410994 90.766663 0.110991 -0.407487 0.906441 6.328022 0.000000 0.000000 0.000000 1.000000
0.993909 0.052324 -0.096991 -0.103145 -0.008393 0.913482 0.406791 90.947906 0.109885 -0.403500 0.908358 6.319713 0.000000 0.000000 0.000000 1.000000
0.994079 0.050449 -0.096240 -0.025018 -0.007587 0.915755 0.401666 91.168709 0.108396 -0.398557 0.910715 6.321756 0.000000 0.000000 0.000000 1.000000
0.994314 0.047962 -0.095077 0.054856 -0.006498 0.918493 0.395383 91.400459 0.106291 -0.392517 0.913582 6.335680 0.000000 0.000000 0.000000 1.000000
0.994608 0.044594 -0.093633 0.116380 -0.004795 0.921641 0.388013 91.604416 0.103599 -0.385472 0.916885 6.355978 0.000000 0.000000 0.000000 1.000000
0.994911 0.041040 -0.092020 0.144845 -0.003016 0.925008 0.379936 91.753426 0.100711 -0.377725 0.920424 6.373971 0.000000 0.000000 0.000000 1.000000
0.995176 0.038234 -0.090345 0.138035 -0.001939 0.928410 0.371552 91.844841 0.098083 -0.369584 0.924006 6.383393 0.000000 0.000000 0.000000 1.000000
0.995391 0.036503 -0.088686 0.105575 -0.001826 0.931775 0.363032 91.896805 0.095887 -0.361197 0.927546 6.383034 0.000000 0.000000 0.000000 1.000000
0.995569 0.035537 -0.087062 0.059480 -0.002389 0.935099 0.354379 91.930801 0.094005 -0.352600 0.931040 6.374512 0.000000 0.000000 0.000000 1.000000
0.995729 0.034941 -0.085461 0.004487 -0.003265 0.938370 0.345617 91.957558 0.092270 -0.343862 0.934476 6.358309 0.000000 0.000000 0.000000 1.000000
0.995877 0.034573 -0.083871 -0.057965 -0.004315 0.941538 0.336879 91.977509 0.090615 -0.335128 0.937805 6.332395 0.000000 0.000000 0.000000 1.000000
0.996013 0.034450 -0.082288 -0.119513 -0.005543 0.944543 0.328342 91.989990 0.089036 -0.326576 0.940968 6.293848 0.000000 0.000000 0.000000 1.000000
0.996139 0.034560 -0.080707 -0.166813 -0.006928 0.947338 0.320159 92.002136 0.087521 -0.318364 0.943920 6.241439 0.000000 0.000000 0.000000 1.000000
0.996257 0.034814 -0.079119 -0.192904 -0.008379 0.949894 0.312459 92.028236 0.086032 -0.310627 0.946630 6.175586 0.000000 0.000000 0.000000 1.000000
0.996373 0.035085 -0.077521 -0.200927 -0.009771 0.952184 0.305369 92.077133 0.084528 -0.303504 0.949073 6.095568 0.000000 0.000000 0.000000 1.000000
0.996491 0.035260 -0.075907 -0.199868 -0.010984 0.954180 0.299031 92.143326 0.082973 -0.297148 0.951220 5.998264 0.000000 0.000000 0.000000 1.000000
0.996615 0.035248 -0.074268 -0.200317 -0.011927 0.955853 0.293604 92.211212 0.081338 -0.291724 0.953038 5.880875 0.000000 0.000000 0.000000 1.000000
0.996747 0.035018 -0.072594 -0.210093 -0.012562 0.957172 0.289246 92.261871 0.079614 -0.287393 0.954498 5.744299 0.000000 0.000000 0.000000 1.000000
0.996883 0.034633 -0.070883 -0.231016 -0.012946 0.958123 0.286065 92.278389 0.077822 -0.284255 0.955585 5.593440 0.000000 0.000000 0.000000 1.000000
0.997020 0.034205 -0.069140 -0.260348 -0.013191 0.958713 0.284069 92.254303 0.076002 -0.282310 0.956308 5.434294 0.000000 0.000000 0.000000 1.000000
0.997155 0.033816 -0.067372 -0.295802 -0.013390 0.958980 0.283157 92.200417 0.074184 -0.281449 0.956704 5.270499 0.000000 0.000000 0.000000 1.000000
0.997285 0.033481 -0.065585 -0.339781 -0.013573 0.958975 0.283164 92.138771 0.072375 -0.281505 0.956826 5.102037 0.000000 0.000000 0.000000 1.000000
0.997413 0.033166 -0.063783 -0.397501 -0.013724 0.958750 0.283918 92.086983 0.070568 -0.282308 0.956725 4.927092 0.000000 0.000000 0.000000 1.000000
0.997538 0.032829 -0.061971 -0.469798 -0.013818 0.958349 0.285264 92.049355 0.068755 -0.283705 0.956443 4.745167 0.000000 0.000000 0.000000 1.000000
0.997662 0.032426 -0.060161 -0.549601 -0.013821 0.957815 0.287053 92.021187 0.066931 -0.285551 0.956024 4.557879 0.000000 0.000000 0.000000 1.000000
0.997785 0.031919 -0.058364 -0.627590 -0.013709 0.957193 0.289127 91.996315 0.065094 -0.287686 0.955510 4.365407 0.000000 0.000000 0.000000 1.000000
0.997907 0.031308 -0.056590 -0.699426 -0.013490 0.956533 0.291314 91.971878 0.063250 -0.289940 0.954952 4.161605 0.000000 0.000000 0.000000 1.000000
0.998026 0.030609 -0.054843 -0.765529 -0.013190 0.955882 0.293456 91.949280 0.061405 -0.292153 0.954398 3.934192 0.000000 0.000000 0.000000 1.000000
0.998144 0.029783 -0.053122 -0.825671 -0.012781 0.955278 0.295433 91.932922 0.059545 -0.294206 0.953885 3.674077 0.000000 0.000000 0.000000 1.000000
0.998264 0.028687 -0.051434 -0.877306 -0.012128 0.954764 0.297118 91.926147 0.057631 -0.295979 0.953454 3.387799 0.000000 0.000000 0.000000 1.000000
0.998388 0.027203 -0.049817 -0.918958 -0.011122 0.954413 0.298283 91.925858 0.055660 -0.297248 0.953177 3.100518 0.000000 0.000000 0.000000 1.000000
0.998506 0.025481 -0.048340 -0.952195 -0.009898 0.954330 0.298590 91.921524 0.053741 -0.297665 0.953156 2.843973 0.000000 0.000000 0.000000 1.000000
0.998603 0.023972 -0.047088 -0.979230 -0.008874 0.954592 0.297783 91.902405 0.052088 -0.296949 0.953471 2.638940 0.000000 0.000000 0.000000 1.000000
0.998667 0.023131 -0.046139 -1.001442 -0.008450 0.955163 0.295960 91.868446 0.050916 -0.295175 0.954085 2.487459 0.000000 0.000000 0.000000 1.000000
0.998694 0.023075 -0.045593 -1.020874 -0.008681 0.955881 0.293626 91.832619 0.050356 -0.292847 0.954832 2.379162 0.000000 0.000000 0.000000 1.000000
0.998683 0.023572 -0.045569 -1.040456 -0.009281 0.956552 0.291413 91.808365 0.050458 -0.290607 0.955511 2.302616 0.000000 0.000000 0.000000 1.000000
0.998640 0.024324 -0.046113 -1.062066 -0.009934 0.957061 0.289716 91.795830 0.051180 -0.288864 0.956001 2.250490 0.000000 0.000000 0.000000 1.000000
0.998574 0.025166 -0.047084 -1.085054 -0.010520 0.957390 0.288607 91.785362 0.052341 -0.287700 0.956289 2.218029 0.000000 0.000000 0.000000 1.000000
0.998498 0.026036 -0.048215 -1.106577 -0.011061 0.957560 0.288023 91.771027 0.053668 -0.287057 0.956409 2.201096 0.000000 0.000000 0.000000 1.000000
0.998422 0.026874 -0.049309 -1.123932 -0.011556 0.957584 0.287923 91.753876 0.054955 -0.286899 0.956383 2.196325 0.000000 0.000000 0.000000 1.000000
0.998354 0.027603 -0.050277 -1.136547 -0.011957 0.957484 0.288240 91.732956 0.056096 -0.287164 0.956237 2.201076 0.000000 0.000000 0.000000 1.000000
0.998301 0.028154 -0.051011 -1.145264 -0.012241 0.957313 0.288794 91.702782 0.056964 -0.287679 0.956031 2.213052 0.000000 0.000000 0.000000 1.000000
0.998273 0.028496 -0.051376 -1.150024 -0.012433 0.957151 0.289322 91.662582 0.057419 -0.288183 0.955852 2.231881 0.000000 0.000000 0.000000 1.000000
0.998263 0.028684 -0.051459 -1.149697 -0.012575 0.957085 0.289535 91.622292 0.057555 -0.288386 0.955783 2.261322 0.000000 0.000000 0.000000 1.000000
0.998242 0.028913 -0.051735 -1.143716 -0.012740 0.957207 0.289124 91.595390 0.057880 -0.287957 0.955893 2.307737 0.000000 0.000000 0.000000 1.000000
0.998174 0.029420 -0.052761 -1.132614 -0.013013 0.957606 0.287787 91.587639 0.058991 -0.286575 0.956240 2.373947 0.000000 0.000000 0.000000 1.000000
0.998054 0.030186 -0.054566 -1.115776 -0.013381 0.958318 0.285389 91.592316 0.060906 -0.284103 0.956857 2.454613 0.000000 0.000000 0.000000 1.000000
0.997927 0.030831 -0.056487 -1.090174 -0.013668 0.959281 0.282124 91.594559 0.062885 -0.280767 0.957714 2.539974 0.000000 0.000000 0.000000 1.000000
0.997847 0.031028 -0.057788 -1.053253 -0.013734 0.960339 0.278496 91.581467 0.064137 -0.277103 0.958697 2.625171 0.000000 0.000000 0.000000 1.000000
0.997822 0.030908 -0.058283 -1.006497 -0.013709 0.961317 0.275102 91.549751 0.064532 -0.273704 0.959647 2.713113 0.000000 0.000000 0.000000 1.000000
0.997832 0.030782 -0.058167 -0.953293 -0.013800 0.962086 0.272396 91.504776 0.064347 -0.271003 0.960425 2.806098 0.000000 0.000000 0.000000 1.000000
0.997875 0.030597 -0.057528 -0.894366 -0.013914 0.962586 0.270618 91.454445 0.063656 -0.269242 0.960966 2.899253 0.000000 0.000000 0.000000 1.000000
0.997955 0.030033 -0.056422 -0.828983 -0.013718 0.962801 0.269864 91.403099 0.062428 -0.268538 0.961244 2.986488 0.000000 0.000000 0.000000 1.000000
0.998049 0.029090 -0.055239 -0.760171 -0.013109 0.962728 0.270153 91.348663 0.061039 -0.268902 0.961232 3.068469 0.000000 0.000000 0.000000 1.000000
0.998110 0.028240 -0.054584 -0.695134 -0.012388 0.962394 0.271376 91.284966 0.060195 -0.270187 0.960924 3.149183 0.000000 0.000000 0.000000 1.000000
0.998107 0.027922 -0.054793 -0.639457 -0.011911 0.961882 0.273205 91.207344 0.060333 -0.272035 0.960394 3.227396 0.000000 0.000000 0.000000 1.000000
0.998054 0.028102 -0.055662 -0.592413 -0.011729 0.961358 0.275051 91.115402 0.061241 -0.273863 0.959817 3.296856 0.000000 0.000000 0.000000 1.000000
0.997995 0.028393 -0.056570 -0.548637 -0.011692 0.961060 0.276093 91.010643 0.062207 -0.274878 0.959465 3.354460 0.000000 0.000000 0.000000 1.000000
0.997977 0.028502 -0.056824 -0.503525 -0.011765 0.961226 0.275512 90.890862 0.062474 -0.274286 0.959617 3.404627 0.000000 0.000000 0.000000 1.000000
0.998023 0.028434 -0.056054 -0.456169 -0.012076 0.961951 0.272954 90.748482 0.061682 -0.271738 0.960393 3.454839 0.000000 0.000000 0.000000 1.000000
0.998124 0.028348 -0.054262 -0.408014 -0.012755 0.963176 0.268570 90.569382 0.059877 -0.267374 0.961731 3.510060 0.000000 0.000000 0.000000 1.000000</float_array>
        <technique_common>
          <accessor source="#mixamorig_Hips-Matrix-animation-output-transform-array" count="144" stride="16">
            <param type="float4x4"/>
          </accessor>
        </technique_common>
      </source>
      <source id="mixamorig_Hips-Interpolations">
        <Name_array id="mixamorig_Hips-Interpolations-array" count="144">
 LINEAR LINEAR LINEAR LINEAR LINEAR LINEAR LINEAR LINEAR LINEAR LINEAR LINEAR
LINEAR LINEAR LINEAR LINEAR LINEAR LINEAR LINEAR LINEAR LINEAR LINEAR LINEAR LINEAR
LINEAR LINEAR LINEAR LINEAR LINEAR LINEAR LINEAR LINEAR LINEAR LINEAR LINEAR LINEAR
LINEAR LINEAR LINEAR LINEAR LINEAR LINEAR LINEAR LINEAR LINEAR LINEAR LINEAR LINEAR
LINEAR LINEAR LINEAR LINEAR LINEAR LINEAR LINEAR LINEAR LINEAR LINEAR LINEAR LINEAR
LINEAR LINEAR LINEAR LINEAR LINEAR LINEAR LINEAR LINEAR LINEAR LINEAR LINEAR LINEAR
LINEAR LINEAR LINEAR LINEAR LINEAR LINEAR LINEAR LINEAR LINEAR LINEAR LINEAR LINEAR
LINEAR LINEAR LINEAR LINEAR LINEAR LINEAR LINEAR LINEAR LINEAR LINEAR LINEAR LINEAR
LINEAR LINEAR LINEAR LINEAR LINEAR LINEAR LINEAR LINEAR LINEAR LINEAR LINEAR LINEAR
LINEAR LINEAR LINEAR LINEAR LINEAR LINEAR LINEAR LINEAR LINEAR LINEAR LINEAR LINEAR
LINEAR LINEAR LINEAR LINEAR LINEAR LINEAR LINEAR LINEAR LINEAR LINEAR LINEAR LINEAR
LINEAR LINEAR LINEAR LINEAR LINEAR LINEAR LINEAR LINEAR LINEAR LINEAR LINEAR LINEAR
LINEAR</Name_array>
        <technique_common>
          <accessor source="#mixamorig_Hips-Interpolations-array" count="144">
            <param type="name"/>
          </accessor>
        </technique_common>
      </source>
      <sampler id="mixamorig_Hips-Matrix-animation-transform">
        <input semantic="INPUT" source="#mixamorig_Hips-Matrix-animation-input"/>
        <input semantic="OUTPUT" source="#mixamorig_Hips-Matrix-animation-output-transform"/>
        <input semantic="INTERPOLATION" source="#mixamorig_Hips-Interpolations"/>
      </sampler>
      <channel source="#mixamorig_Hips-Matrix-animation-transform" target="mixamorig_Hips/matrix"/>
    </animation>
    <animation id="mixamorig_Spine-anim" name="mixamorig_Spine">
      <source id="mixamorig_Spine-Matrix-animation-input">
        <float_array id="mixamorig_Spine-Matrix-animation-input-array" count="144">

0.000000 0.033333 0.066667 0.100000 0.133333 0.166667 0.200000 0.233333 0.266667 0.300000 0.333333 0.366667 0.400000 0.433333 0.466667 0.500000
0.533333 0.566667 0.600000 0.633333 0.666667 0.700000 0.733333 0.766667 0.800000 0.833333 0.866667 0.900000 0.933333 0.966667 1.000000 1.033333
1.066667 1.100000 1.133333 1.166667 1.200000 1.233333 1.266667 1.300000 1.333333 1.366667 1.400000 1.433333 1.466667 1.500000 1.533333 1.566667
1.600000 1.633333 1.666667 1.700000 1.733333 1.766667 1.800000 1.833333 1.866667 1.900000 1.933333 1.966667 2.000000 2.033333 2.066667 2.100000
2.133333 2.166667 2.200000 2.233333 2.266667 2.300000 2.333333 2.366667 2.400000 2.433333 2.466667 2.500000 2.533333 2.566667 2.600000 2.633333
2.666667 2.700000 2.733333 2.766667 2.800000 2.833333 2.866667 2.900000 2.933333 2.966667 3.000000 3.033333 3.066667 3.100000 3.133333 3.166667
3.200000 3.233333 3.266667 3.300000 3.333333 3.366667 3.400000 3.433333 3.466667 3.500000 3.533333 3.566667 3.600000 3.633333 3.666667 3.700000
3.733333 3.766667 3.800000 3.833333 3.866667 3.900000 3.933333 3.966667 4.000000 4.033333 4.066667 4.100000 4.133333 4.166667 4.200000 4.233333
4.266667 4.300000 4.333333 4.366667 4.400000 4.433333 4.466667 4.500000 4.533333 4.566667 4.600000 4.633333 4.666667 4.700000 4.733333 4.766667</float_array>
        <technique_common>
          <accessor source="#mixamorig_Spine-Matrix-animation-input-array" count="144">
            <param name="TIME" type="float"/>
          </accessor>
        </technique_common>
      </source>
      <source id="mixamorig_Spine-Matrix-animation-output-transform">
        <float_array id="mixamorig_Spine-Matrix-animation-output-transform-array" count="2304">

0.999320 -0.035567 0.009743 0.000000 0.036837 0.975164 -0.218398 10.528800 -0.001733 0.218609 0.975811 -0.610600 0.000000 0.000000 0.000000 1.000000
0.999321 -0.035732 0.008955 0.000000 0.036826 0.974928 -0.219454 10.528800 -0.000889 0.219635 0.975582 -0.610600 0.000000 0.000000 0.000000 1.000000
0.999338 -0.035718 0.006901 0.000000 0.036359 0.974462 -0.221588 10.528800 0.001190 0.221692 0.975116 -0.610600 0.000000 0.000000 0.000000 1.000000
0.999376 -0.035165 0.003440 0.000000 0.035037 0.973710 -0.225081 10.528800 0.004566 0.225061 0.974334 -0.610600 0.000000 0.000000 0.000000 1.000000
0.999429 -0.033766 -0.000928 0.000000 0.032646 0.972607 -0.230151 10.528800 0.008674 0.229989 0.973154 -0.610600 0.000000 0.000000 0.000000 1.000000
0.999489 -0.031586 -0.005001 0.000000 0.029506 0.971144 -0.236664 10.528800 0.012332 0.236395 0.971579 -0.610600 0.000000 0.000000 0.000000 1.000000
0.999546 -0.029125 -0.007662 0.000000 0.026375 0.969392 -0.244099 10.528800 0.014537 0.243786 0.969720 -0.610600 0.000000 0.000000 0.000000 1.000000
0.999598 -0.026972 -0.008765 0.000000 0.023895 0.967448 -0.251939 10.528800 0.015275 0.251628 0.967703 -0.610600 0.000000 0.000000 0.000000 1.000000
0.999636 -0.025326 -0.009311 0.000000 0.022032 0.965281 -0.260284 10.528800 0.015580 0.259984 0.965487 -0.610600 0.000000 0.000000 0.000000 1.000000
0.999658 -0.023902 -0.010637 0.000000 0.020143 0.962636 -0.270049 10.528800 0.016694 0.269742 0.962788 -0.610600 0.000000 0.000000 0.000000 1.000000
0.999662 -0.022426 -0.013150 0.000000 0.017804 0.959164 -0.282290 10.528800 0.018944 0.281961 0.959239 -0.610600 0.000000 0.000000 0.000000 1.000000
0.999652 -0.021260 -0.015622 -0.000000 0.015661 0.954716 -0.297108 10.528800 0.021231 0.296760 0.954716 -0.610600 0.000000 0.000000 0.000000 1.000000
0.999649 -0.021320 -0.015754 0.000000 0.015315 0.949549 -0.313246 10.528800 0.021638 0.312895 0.949541 -0.610600 0.000000 0.000000 0.000000 1.000000
0.999664 -0.023067 -0.011848 -0.000000 0.017886 0.944136 -0.329069 10.528800 0.018776 0.328747 0.944232 -0.610600 0.000000 0.000000 0.000000 1.000000
0.999664 -0.025535 -0.004454 -0.000000 0.022444 0.938676 -0.344068 10.528800 0.012966 0.343853 0.938934 -0.610600 0.000000 0.000000 0.000000 1.000000
0.999637 -0.026728 0.003396 0.000000 0.026164 0.932905 -0.359172 10.528800 0.006431 0.359131 0.933265 -0.610600 0.000000 0.000000 0.000000 1.000000
0.999643 -0.025494 0.007995 0.000000 0.026631 0.926530 -0.375277 10.528800 0.002160 0.375355 0.926878 -0.610600 0.000000 0.000000 0.000000 1.000000
0.999715 -0.022616 0.007699 0.000000 0.023824 0.919783 -0.391703 10.528800 0.001778 0.391775 0.920059 -0.610600 0.000000 0.000000 0.000000 1.000000
0.999793 -0.019948 0.004004 0.000000 0.019853 0.913378 -0.406628 10.528800 0.004455 0.406623 0.913585 -0.610600 0.000000 0.000000 0.000000 1.000000
0.999805 -0.019732 0.000070 0.000000 0.017943 0.907660 -0.419323 10.528800 0.008210 0.419243 0.907837 -0.610600 0.000000 0.000000 0.000000 1.000000
0.999731 -0.023137 -0.001718 -0.000000 0.020127 0.901731 -0.431828 10.528800 0.011540 0.431677 0.901954 -0.610600 0.000000 0.000000 0.000000 1.000000
0.999584 -0.028802 -0.001749 -0.000000 0.024972 0.893856 -0.447658 10.528800 0.014457 0.447428 0.894203 -0.610600 0.000000 0.000000 0.000000 1.000000
0.999421 -0.033885 -0.002977 0.000000 0.028549 0.883172 -0.468180 10.528800 0.018493 0.467824 0.883628 -0.610600 0.000000 0.000000 0.000000 1.000000
0.999304 -0.036341 -0.008386 0.000000 0.027565 0.871125 -0.490286 10.528800 0.025123 0.489714 0.871521 -0.610600 0.000000 0.000000 0.000000 1.000000
0.999184 -0.036045 -0.018219 0.000000 0.021793 0.860967 -0.508194 10.528800 0.034004 0.507383 0.861050 -0.610600 0.000000 0.000000 0.000000 1.000000
0.998983 -0.034309 -0.029252 0.000000 0.014219 0.855438 -0.517710 10.528800 0.042786 0.516768 0.855056 -0.610600 0.000000 0.000000 0.000000 1.000000
0.998793 -0.032578 -0.036757 0.000000 0.008782 0.854767 -0.518937 10.528800 0.048325 0.517988 0.854022 -0.610600 0.000000 0.000000 0.000000 1.000000
0.998796 -0.031457 -0.037649 0.000000 0.007556 0.856859 -0.515496 10.528800 0.048476 0.514591 0.856065 -0.610600 0.000000 0.000000 0.000000 1.000000
0.999006 -0.030679 -0.032349 0.000000 0.009829 0.859280 -0.511412 10.528800 0.043486 0.510585 0.858727 -0.610600 0.000000 0.000000 0.000000 1.000000
0.999270 -0.029689 -0.024056 0.000000 0.013339 0.860972 -0.508478 10.528800 0.035808 0.507786 0.860739 -0.610600 0.000000 0.000000 0.000000 1.000000
0.999467 -0.028229 -0.016372 -0.000000 0.016071 0.862422 -0.505934 10.528800 0.028402 0.505402 0.862417 -0.610600 0.000000 0.000000 0.000000 1.000000
0.999583 -0.026569 -0.011298 -0.000000 0.017308 0.864662 -0.502056 10.528800 0.023108 0.501651 0.864761 -0.610600 0.000000 0.000000 0.000000 1.000000
0.999643 -0.025227 -0.008834 0.000000 0.017532 0.868320 -0.495695 10.528800 0.020175 0.495363 0.868452 -0.610600 0.000000 0.000000 0.000000 1.000000
0.999672 -0.024401 -0.007837 0.000000 0.017506 0.873465 -0.486572 10.528800 0.018718 0.486275 0.873605 -0.610600 0.000000 0.000000 0.000000 1.000000
0.999696 -0.023617 -0.007080 0.000000 0.017424 0.879895 -0.474849 10.528800 0.017445 0.474581 0.880039 -0.610600 0.000000 0.000000 0.000000 1.000000
0.999741 -0.022002 -0.005854 0.000000 0.016829 0.887308 -0.460870 10.528800 0.015334 0.460652 0.887448 -0.610600 0.000000 0.000000 0.000000 1.000000
0.999811 -0.019002 -0.004091 -0.000000 0.015194 0.895285 -0.445235 10.528800 0.012123 0.445089 0.895405 -0.610600 0.000000 0.000000 0.000000 1.000000
0.999887 -0.014893 -0.002219 0.000000 0.012504 0.903349 -0.428723 10.528800 0.008389 0.428647 0.903433 -0.610600 0.000000 0.000000 0.000000 1.000000
0.999943 -0.010608 -0.000853 0.000000 0.009315 0.911156 -0.411957 10.528800 0.005147 0.411925 0.911203 -0.610600 0.000000 0.000000 0.000000 1.000000
0.999975 -0.007092 -0.000420 0.000000 0.006349 0.918607 -0.395121 10.528800 0.003188 0.395108 0.918629 -0.610600 0.000000 0.000000 0.000000 1.000000
0.999988 -0.004767 -0.000861 0.000000 0.004088 0.925791 -0.378014 10.528800 0.002599 0.378006 0.925800 -0.610600 0.000000 0.000000 0.000000 1.000000
0.999993 -0.003501 -0.001597 0.000000 0.002691 0.932874 -0.360193 10.528800 0.002751 0.360186 0.932876 -0.610600 0.000000 0.000000 0.000000 1.000000
0.999994 -0.002951 -0.001785 0.000000 0.002166 0.940060 -0.341002 10.528800 0.002684 0.340996 0.940061 -0.610600 0.000000 0.000000 0.000000 1.000000
0.999996 -0.002888 -0.000742 0.000000 0.002500 0.947533 -0.319649 10.528800 0.001626 0.319646 0.947536 -0.610600 0.000000 0.000000 0.000000 1.000000
0.999993 -0.003232 0.001651 0.000000 0.003576 0.955299 -0.295620 10.528800 -0.000622 0.295623 0.955304 -0.610600 0.000000 0.000000 0.000000 1.000000
0.999981 -0.003887 0.004788 0.000000 0.005032 0.963083 -0.269159 10.528800 -0.003565 0.269178 0.963084 -0.610600 0.000000 0.000000 0.000000 1.000000
0.999961 -0.004616 0.007554 0.000000 0.006303 0.970418 -0.241348 10.528800 -0.006217 0.241386 0.970409 -0.610600 0.000000 0.000000 0.000000 1.000000
0.999947 -0.005119 0.008917 0.000000 0.006907 0.976858 -0.213777 10.528800 -0.007616 0.213827 0.976842 -0.610600 0.000000 0.000000 0.000000 1.000000
0.999950 -0.005224 0.008538 -0.000000 0.006737 0.982124 -0.188112 10.528800 -0.007403 0.188160 0.982110 -0.610600 0.000000 0.000000 0.000000 1.000000
0.999963 -0.005002 0.006975 0.000000 0.006087 0.986187 -0.165523 10.528800 -0.006051 0.165559 0.986181 -0.610600 0.000000 0.000000 0.000000 1.000000
0.999975 -0.004677 0.005265 0.000000 0.005398 0.989199 -0.146481 10.528800 -0.004523 0.146506 0.989199 -0.610600 0.000000 0.000000 0.000000 1.000000
0.999981 -0.004470 0.004248 0.000000 0.004989 0.991353 -0.131130 10.528800 -0.003625 0.131148 0.991356 -0.610600 0.000000 0.000000 0.000000 1.000000
0.999981 -0.004496 0.004164 0.000000 0.004962 0.992809 -0.119606 10.528800 -0.003596 0.119625 0.992813 -0.610600 0.000000 0.000000 0.000000 1.000000
0.999977 -0.004776 0.004764 0.000000 0.005279 0.993707 -0.111883 10.528800 -0.004199 0.111906 0.993710 -0.610600 0.000000 0.000000 0.000000 1.000000
0.999970 -0.005245 0.005676 0.000000 0.005825 0.994203 -0.107357 10.528800 -0.005080 0.107387 0.994204 -0.610600 0.000000 0.000000 0.000000 1.000000
0.999962 -0.005715 0.006614 0.000000 0.006377 0.994466 -0.104863 10.528800 -0.005978 0.104901 0.994465 -0.610600 0.000000 0.000000 0.000000 1.000000
0.999956 -0.005874 0.007363 0.000000 0.006603 0.994640 -0.103192 10.528800 -0.006718 0.103236 0.994634 -0.610600 0.000000 0.000000 0.000000 1.000000
0.999955 -0.005483 0.007805 0.000000 0.006247 0.994808 -0.101575 10.528800 -0.007207 0.101620 0.994797 -0.610600 0.000000 0.000000 0.000000 1.000000
0.999956 -0.004677 0.008093 0.000000 0.005462 0.994982 -0.099907 10.528800 -0.007585 0.099947 0.994964 -0.610600 0.000000 0.000000 0.000000 1.000000
0.999953 -0.004090 0.008762 -0.000000 0.004936 0.995100 -0.098753 10.528800 -0.008315 0.098791 0.995073 -0.610600 0.000000 0.000000 0.000000 1.000000
0.999935 -0.004553 0.010466 0.000000 0.005568 0.995070 -0.099019 10.528800 -0.009963 0.099071 0.995030 -0.610600 0.000000 0.000000 0.000000 1.000000
0.999888 -0.006548 0.013433 0.000000 0.007876 0.994823 -0.101314 10.528800 -0.012700 0.101409 0.994764 -0.610600 0.000000 0.000000 0.000000 1.000000
0.999804 -0.009870 0.017137 0.000000 0.011623 0.994360 -0.105418 10.528800 -0.016000 0.105597 0.994280 -0.610600 0.000000 0.000000 0.000000 1.000000
0.999694 -0.013785 0.020535 0.000000 0.015971 0.993762 -0.110374 10.528800 -0.018885 0.110668 0.993678 -0.610600 0.000000 0.000000 0.000000 1.000000
0.999588 -0.017519 0.022739 -0.000000 0.020028 0.993129 -0.115300 10.528800 -0.020563 0.115707 0.993070 -0.610600 0.000000 0.000000 0.000000 1.000000
0.999510 -0.020634 0.023540 0.000000 0.023320 0.992472 -0.120229 10.528800 -0.020882 0.120719 0.992467 -0.610600 0.000000 0.000000 0.000000 1.000000
0.999459 -0.023111 0.023415 0.000000 0.025883 0.991691 -0.126008 10.528800 -0.020309 0.126546 0.991753 -0.610600 0.000000 0.000000 0.000000 1.000000
0.999416 -0.025212 0.023086 0.000000 0.028070 0.990685 -0.133245 10.528800 -0.019512 0.133816 0.990814 -0.610600 0.000000 0.000000 0.000000 1.000000
0.999361 -0.027319 0.023069 0.000000 0.030316 0.989464 -0.141566 10.528800 -0.018959 0.142175 0.989660 -0.610600 0.000000 0.000000 0.000000 1.000000
0.999280 -0.029777 0.023524 0.000000 0.032977 0.988128 -0.150051 10.528800 -0.018777 0.150719 0.988398 -0.610600 0.000000 0.000000 0.000000 1.000000
0.999167 -0.032721 0.024384 0.000000 0.036176 0.986736 -0.158251 10.528800 -0.018883 0.159001 0.987098 -0.610600 0.000000 0.000000 0.000000 1.000000
0.999027 -0.035968 0.025530 0.000000 0.039727 0.985235 -0.166532 10.528800 -0.019163 0.167385 0.985705 -0.610600 0.000000 0.000000 0.000000 1.000000
0.998875 -0.039096 0.026822 -0.000000 0.043206 0.983547 -0.175412 10.528800 -0.019523 0.176374 0.984130 -0.610600 0.000000 0.000000 0.000000 1.000000
0.998737 -0.041678 0.028046 0.000000 0.046155 0.981703 -0.184740 10.528800 -0.019833 0.185801 0.982387 -0.610600 0.000000 0.000000 0.000000 1.000000
0.998634 -0.043513 0.028920 0.000000 0.048305 0.979871 -0.193700 10.528800 -0.019909 0.194833 0.980634 -0.610600 0.000000 0.000000 0.000000 1.000000
0.998573 -0.044702 0.029229 -0.000000 0.049690 0.978220 -0.201534 10.528800 -0.019583 0.202699 0.979045 -0.610600 0.000000 0.000000 0.000000 1.000000
0.998543 -0.045526 0.028955 -0.000000 0.050569 0.976800 -0.208099 10.528800 -0.018809 0.209260 0.977679 -0.610600 0.000000 0.000000 0.000000 1.000000
0.998533 -0.046187 0.028260 0.000000 0.051175 0.975522 -0.213863 10.528800 -0.017690 0.214996 0.976455 -0.610600 0.000000 0.000000 0.000000 1.000000
0.998541 -0.046587 0.027310 0.000000 0.051458 0.974249 -0.219523 10.528800 -0.016380 0.220608 0.975225 -0.610600 0.000000 0.000000 0.000000 1.000000
0.998583 -0.046359 0.026136 0.000000 0.051069 0.972900 -0.225518 10.528800 -0.014973 0.226533 0.973888 -0.610600 0.000000 0.000000 0.000000 1.000000
0.998675 -0.045133 0.024725 -0.000000 0.049643 0.971514 -0.231725 10.528800 -0.013562 0.232646 0.972467 -0.610600 0.000000 0.000000 0.000000 1.000000
0.998810 -0.042876 0.023230 0.000000 0.047173 0.970245 -0.237483 10.528800 -0.012356 0.238297 0.971114 -0.610600 0.000000 0.000000 0.000000 1.000000
