<?xml version="1.0" encoding="utf-8"?>
<COLLADA xmlns="http://www.collada.org/2005/11/COLLADASchema" version="1.4.1">
  <asset>
    <contributor>
      <author>Mixamo</author>
      <authoring_tool>COLLADA Mixamo exporter</authoring_tool>
      <comments/>
    </contributor>
    <created>2025-02-14T03:16:37Z</created>
    <modified>2025-02-14T03:16:37Z</modified>
    <revision/>
    <title/>
    <unit meter="0.010000"/>
    <up_axis>Y_UP</up_axis>
  </asset>
  <library_animations>
    <animation id="mixamorig_Hips-anim" name="mixamorig_Hips">
      <source id="mixamorig_Hips-Matrix-animation-input">
        <float_array id="mixamorig_Hips-Matrix-animation-input-array" count="133">

0.000000 0.033333 0.066667 0.100000 0.133333 0.166667 0.200000 0.233333 0.266667 0.300000 0.333333 0.366667 0.400000 0.433333 0.466667 0.500000
0.533333 0.566667 0.600000 0.633333 0.666667 0.700000 0.733333 0.766667 0.800000 0.833333 0.866667 0.900000 0.933333 0.966667 1.000000 1.033333
1.066667 1.100000 1.133333 1.166667 1.200000 1.233333 1.266667 1.300000 1.333333 1.366667 1.400000 1.433333 1.466667 1.500000 1.533333 1.566667
1.600000 1.633333 1.666667 1.700000 1.733333 1.766667 1.800000 1.833333 1.866667 1.900000 1.933333 1.966667 2.000000 2.033333 2.066667 2.100000
2.133333 2.166667 2.200000 2.233333 2.266667 2.300000 2.333333 2.366667 2.400000 2.433333 2.466667 2.500000 2.533333 2.566667 2.600000 2.633333
2.666667 2.700000 2.733333 2.766667 2.800000 2.833333 2.866667 2.900000 2.933333 2.966667 3.000000 3.033333 3.066667 3.100000 3.133333 3.166667
3.200000 3.233333 3.266667 3.300000 3.333333 3.366667 3.400000 3.433333 3.466667 3.500000 3.533333 3.566667 3.600000 3.633333 3.666667 3.700000
3.733333 3.766667 3.800000 3.833333 3.866667 3.900000 3.933333 3.966667 4.000000 4.033333 4.066667 4.100000 4.133333 4.166667 4.200000 4.233333
4.266667 4.300000 4.333333 4.366667 4.400000</float_array>
        <technique_common>
          <accessor source="#mixamorig_Hips-Matrix-animation-input-array" count="133">
            <param name="TIME" type="float"/>
          </accessor>
        </technique_common>
      </source>
      <source id="mixamorig_Hips-Matrix-animation-output-transform">
        <float_array id="mixamorig_Hips-Matrix-animation-output-transform-array" count="2128">

0.983338 -0.012840 -0.181334 -0.972133 0.015300 0.999809 0.012171 91.628426 0.181143 -0.014743 0.983346 4.578603 0.000000 0.000000 0.000000 1.000000
0.983212 -0.012658 -0.182026 -0.958675 0.015282 0.999798 0.013022 91.623199 0.181825 -0.015586 0.983207 4.539459 0.000000 0.000000 0.000000 1.000000
0.983052 -0.012605 -0.182894 -0.937740 0.015380 0.999787 0.013762 91.619850 0.182682 -0.016342 0.983036 4.507595 0.000000 0.000000 0.000000 1.000000
0.983124 -0.012820 -0.182492 -0.912678 0.015721 0.999772 0.014460 91.616676 0.182265 -0.017085 0.983101 4.474253 0.000000 0.000000 0.000000 1.000000
0.983556 -0.013621 -0.180090 -0.893765 0.017064 0.999700 0.017585 91.628555 0.179796 -0.020369 0.983493 4.417786 0.000000 0.000000 0.000000 1.000000
0.984601 -0.013121 -0.174323 -0.872246 0.017877 0.999509 0.025745 91.654030 0.173899 -0.028465 0.984352 4.314065 0.000000 0.000000 0.000000 1.000000
0.986284 -0.010172 -0.164742 -0.851703 0.017043 0.999040 0.040346 91.649078 0.164174 -0.042600 0.985511 4.119577 0.000000 0.000000 0.000000 1.000000
0.988407 -0.007260 -0.151657 -0.774126 0.016695 0.997996 0.061032 91.393822 0.150910 -0.062856 0.986547 3.757236 0.000000 0.000000 0.000000 1.000000
0.991577 -0.007638 -0.129295 -0.670292 0.019183 0.995910 0.088286 91.110611 0.128092 -0.090023 0.987668 3.195792 0.000000 0.000000 0.000000 1.000000
0.995943 -0.008642 -0.089568 -0.591619 0.019386 0.992610 0.119791 90.927536 0.087871 -0.121042 0.988751 2.446581 0.000000 0.000000 0.000000 1.000000
0.998919 -0.026125 -0.038445 -0.761124 0.031382 0.989197 0.143194 91.108185 0.034289 -0.144246 0.988948 1.527289 0.000000 0.000000 0.000000 1.000000
0.998081 -0.057508 0.022942 -1.227858 0.053499 0.987541 0.147991 91.924927 -0.031167 -0.146480 0.988723 0.564193 0.000000 0.000000 0.000000 1.000000
0.992266 -0.080723 0.094292 -1.846685 0.067131 0.987964 0.139357 92.781601 -0.104406 -0.131949 0.985743 -0.413850 0.000000 0.000000 0.000000 1.000000
0.983153 -0.091017 0.158515 -2.366955 0.069532 0.988241 0.136179 93.176826 -0.169045 -0.122863 0.977920 -1.504863 0.000000 0.000000 0.000000 1.000000
0.975442 -0.098662 0.196923 -2.859211 0.070693 0.987001 0.144334 93.218597 -0.208603 -0.126868 0.969737 -2.720102 0.000000 0.000000 0.000000 1.000000
0.972508 -0.099563 0.210511 -3.237087 0.067428 0.985662 0.154675 92.908447 -0.222892 -0.136228 0.965278 -3.975486 0.000000 0.000000 0.000000 1.000000
0.971593 -0.093779 0.217284 -3.433491 0.058031 0.984513 0.165426 92.219971 -0.229433 -0.148118 0.961988 -5.418106 0.000000 0.000000 0.000000 1.000000
0.969222 -0.086501 0.230492 -3.473445 0.045855 0.983287 0.176193 91.385979 -0.241881 -0.160201 0.956990 -7.205033 0.000000 0.000000 0.000000 1.000000
0.965227 -0.080107 0.248836 -3.409520 0.034168 0.982385 0.183720 90.526520 -0.259169 -0.168829 0.950962 -9.317626 0.000000 0.000000 0.000000 1.000000
0.960740 -0.075277 0.267042 -3.357376 0.024370 0.981666 0.189046 89.773430 -0.276376 -0.175116 0.944961 -11.623296 0.000000 0.000000 0.000000 1.000000
0.957384 -0.068319 0.280620 -3.356826 0.014007 0.981460 0.191156 89.182129 -0.288477 -0.179079 0.940591 -14.039398 0.000000 0.000000 0.000000 1.000000
0.954295 -0.060673 0.292644 -3.344920 0.004154 0.981775 0.190003 88.653175 -0.298838 -0.180103 0.937154 -16.567215 0.000000 0.000000 0.000000 1.000000
0.950500 -0.055170 0.305788 -3.227299 -0.004052 0.981827 0.189736 87.997856 -0.310698 -0.181583 0.933003 -19.433167 0.000000 0.000000 0.000000 1.000000
0.947051 -0.048539 0.317392 -2.935068 -0.012718 0.982061 0.188137 87.182297 -0.320831 -0.182212 0.929444 -22.934856 0.000000 0.000000 0.000000 1.000000
0.945671 -0.041133 0.322513 -2.600865 -0.021017 0.982156 0.186890 86.227272 -0.324446 -0.183515 0.927932 -27.166071 0.000000 0.000000 0.000000 1.000000
0.948443 -0.039886 0.314428 -2.475759 -0.020042 0.982517 0.185091 85.274872 -0.316314 -0.181850 0.931062 -31.968000 0.000000 0.000000 0.000000 1.000000
0.959882 -0.040694 0.277436 -2.054891 -0.009481 0.984137 0.177158 84.777519 -0.280244 -0.172681 0.944269 -37.310017 0.000000 0.000000 0.000000 1.000000
0.978727 -0.033891 0.202347 -1.488435 -0.000099 0.986184 0.165654 84.779892 -0.205166 -0.162150 0.965202 -41.756302 0.000000 0.000000 0.000000 1.000000
0.990802 -0.022283 0.133474 -1.219013 0.000982 0.987506 0.157576 85.374168 -0.135317 -0.155996 0.978445 -45.037907 0.000000 0.000000 0.000000 1.000000
0.995170 -0.013346 0.097251 -1.139984 -0.002377 0.987148 0.159791 86.865685 -0.098134 -0.159251 0.982349 -48.310417 0.000000 0.000000 0.000000 1.000000
0.995909 0.004546 0.090252 -1.304689 -0.018842 0.987229 0.158187 88.415947 -0.088380 -0.159241 0.983276 -51.327660 0.000000 0.000000 0.000000 1.000000
0.995278 0.024273 0.093981 -1.566174 -0.038050 0.988300 0.147699 89.580688 -0.089296 -0.150578 0.984557 -54.056683 0.000000 0.000000 0.000000 1.000000
0.994564 0.033952 0.098432 -1.747365 -0.046282 0.990972 0.125826 90.332100 -0.093271 -0.129698 0.987157 -56.733631 0.000000 0.000000 0.000000 1.000000
0.994754 0.031936 0.097185 -1.891060 -0.040647 0.995201 0.089012 90.576157 -0.093876 -0.092496 0.991278 -59.405472 0.000000 0.000000 0.000000 1.000000
0.996289 0.026338 0.081937 -1.887983 -0.030858 0.998043 0.054394 90.615891 -0.080344 -0.056721 0.995152 -62.013096 0.000000 0.000000 0.000000 1.000000
0.997694 0.026428 0.062508 -1.694685 -0.027060 0.999591 0.009282 90.480919 -0.062237 -0.010952 0.998001 -64.450203 0.000000 0.000000 0.000000 1.000000
0.998980 0.024949 0.037629 -1.458068 -0.023180 0.998638 -0.046732 90.081688 -0.038744 0.045812 0.998198 -66.719116 0.000000 0.000000 0.000000 1.000000
0.999888 0.014987 0.000009 -1.256818 -0.014919 0.995376 -0.094889 89.696793 -0.001431 0.094878 0.995488 -68.902367 0.000000 0.000000 0.000000 1.000000
0.999216 0.000946 -0.039574 -1.145529 -0.006318 0.990709 -0.135851 89.330437 0.039078 0.135995 0.989939 -71.035278 0.000000 0.000000 0.000000 1.000000
0.997572 -0.018189 -0.067219 -1.091670 0.006433 0.985228 -0.171126 88.774628 0.069339 0.170278 0.982953 -73.127480 0.000000 0.000000 0.000000 1.000000
0.996214 -0.044148 -0.074896 -1.111272 0.027994 0.978483 -0.204417 87.835670 0.082309 0.201547 0.976014 -75.248116 0.000000 0.000000 0.000000 1.000000
0.995135 -0.068944 -0.070381 -1.221843 0.050583 0.970550 -0.235528 86.665848 0.084546 0.230822 0.969316 -77.285881 0.000000 0.000000 0.000000 1.000000
0.993972 -0.088006 -0.065377 -1.360659 0.067905 0.962380 -0.263083 85.072769 0.086070 0.257058 0.962555 -79.211426 0.000000 0.000000 0.000000 1.000000
0.992037 -0.104494 -0.070316 -1.611693 0.081191 0.957364 -0.277239 82.854614 0.096288 0.269323 0.958224 -81.228714 0.000000 0.000000 0.000000 1.000000
0.990879 -0.107292 -0.081527 -1.935451 0.082523 0.961448 -0.262312 80.936790 0.106528 0.253191 0.961533 -82.794182 0.000000 0.000000 0.000000 1.000000
0.992884 -0.088107 -0.080121 -2.264525 0.066565 0.968464 -0.240097 79.862450 0.098748 0.233056 0.967437 -83.133896 0.000000 0.000000 0.000000 1.000000
0.994285 -0.076816 -0.074142 -2.783236 0.059081 0.974343 -0.217174 79.106827 0.088922 0.211553 0.973313 -82.462326 0.000000 0.000000 0.000000 1.000000
0.994486 -0.077540 -0.070610 -3.332304 0.064261 0.982643 -0.174021 78.072716 0.082878 0.168524 0.982207 -81.169884 0.000000 0.000000 0.000000 1.000000
0.995995 -0.071247 -0.054024 -3.714600 0.063507 0.989013 -0.133496 76.373627 0.062942 0.129530 0.989576 -79.413544 0.000000 0.000000 0.000000 1.000000
0.997213 -0.070365 -0.024807 -3.882209 0.067357 0.992053 -0.106271 73.879906 0.032087 0.104304 0.994028 -77.529045 0.000000 0.000000 0.000000 1.000000
0.997486 -0.070850 0.001713 -3.985919 0.070734 0.993760 -0.086244 70.545570 0.004408 0.086148 0.996273 -75.808472 0.000000 0.000000 0.000000 1.000000
0.997130 -0.071838 0.023902 -4.220425 0.073095 0.995711 -0.056723 66.778008 -0.019724 0.058307 0.998104 -74.387268 0.000000 0.000000 0.000000 1.000000
0.995756 -0.080834 0.044007 -4.894619 0.081726 0.996477 -0.018837 63.039215 -0.042329 0.022354 0.998854 -73.006882 0.000000 0.000000 0.000000 1.000000
0.993385 -0.093720 0.066355 -5.842548 0.093047 0.995575 0.013168 59.232121 -0.067296 -0.006907 0.997709 -71.599632 0.000000 0.000000 0.000000 1.000000
0.988988 -0.108832 0.100294 -6.969068 0.106278 0.993869 0.030476 55.526787 -0.102995 -0.019481 0.994491 -70.163567 0.000000 0.000000 0.000000 1.000000
0.982764 -0.126446 0.134854 -8.190738 0.122634 0.991790 0.036245 51.827679 -0.138330 -0.019083 0.990202 -68.796883 0.000000 0.000000 0.000000 1.000000
0.976661 -0.144117 0.159257 -9.423487 0.140247 0.989486 0.035335 48.138680 -0.162675 -0.012175 0.986605 -67.453476 0.000000 0.000000 0.000000 1.000000
0.972642 -0.159224 0.169160 -10.581060 0.155617 0.987216 0.034456 44.740971 -0.172483 -0.007189 0.984986 -66.107071 0.000000 0.000000 0.000000 1.000000
0.972056 -0.158582 0.173089 -11.346832 0.156166 0.987346 0.027576 42.545296 -0.175272 0.000225 0.984520 -64.455849 0.000000 0.000000 0.000000 1.000000
0.974883 -0.125261 0.184154 -11.583446 0.129948 0.991428 -0.013560 42.436478 -0.180877 0.037150 0.982804 -62.019833 0.000000 0.000000 0.000000 1.000000
0.979249 -0.108598 0.171107 -11.948465 0.125121 0.988150 -0.088910 42.937653 -0.159423 0.108474 0.981233 -59.104980 0.000000 0.000000 0.000000 1.000000
0.984607 -0.127833 0.119198 -12.426110 0.144561 0.978922 -0.144272 43.355530 -0.098242 0.159282 0.982333 -56.226753 0.000000 0.000000 0.000000 1.000000
0.987287 -0.154388 0.037792 -12.972959 0.158678 0.971172 -0.177894 43.424232 -0.009238 0.181629 0.983324 -53.579769 0.000000 0.000000 0.000000 1.000000
0.984601 -0.169831 -0.041462 -13.584092 0.157186 0.963835 -0.215208 42.810276 0.076511 0.205377 0.975688 -51.144550 0.000000 0.000000 0.000000 1.000000
0.981110 -0.169446 -0.093331 -13.995898 0.140384 0.955580 -0.259152 41.662132 0.133097 0.241154 0.961317 -48.611084 0.000000 0.000000 0.000000 1.000000
0.978856 -0.157369 -0.130674 -14.274781 0.111420 0.945950 -0.304572 40.364933 0.171541 0.283573 0.943483 -45.816017 0.000000 0.000000 0.000000 1.000000
0.974091 -0.138821 -0.178537 -14.602535 0.066651 0.930594 -0.359935 38.985336 0.216112 0.338710 0.915735 -42.568180 0.000000 0.000000 0.000000 1.000000
0.960754 -0.124342 -0.247974 -14.992996 0.006246 0.903385 -0.428785 37.100052 0.277332 0.410408 0.868707 -39.322483 0.000000 0.000000 0.000000 1.000000
0.937316 -0.116246 -0.328520 -15.374601 -0.060536 0.874074 -0.482007 35.056515 0.343182 0.471680 0.812247 -36.110855 0.000000 0.000000 0.000000 1.000000
0.916107 -0.115635 -0.383897 -16.050678 -0.115682 0.840548 -0.529241 32.960590 0.383882 0.529251 0.756655 -32.967171 0.000000 0.000000 0.000000 1.000000
0.916614 -0.139801 -0.374533 -16.944202 -0.125818 0.788372 -0.602195 30.738140 0.379459 0.599103 0.705043 -30.257433 0.000000 0.000000 0.000000 1.000000
0.935848 -0.199229 -0.290684 -17.823639 -0.061661 0.719561 -0.691686 28.279663 0.346969 0.665237 0.661115 -27.829231 0.000000 0.000000 0.000000 1.000000
0.948776 -0.254159 -0.187691 -18.599579 0.014335 0.628071 -0.778024 25.472923 0.315625 0.735480 0.599542 -25.099285 0.000000 0.000000 0.000000 1.000000
0.947661 -0.297952 -0.114736 -19.577389 0.065490 0.533116 -0.843504 22.342333 0.312491 0.791841 0.524726 -21.540703 0.000000 0.000000 0.000000 1.000000
0.938955 -0.340435 -0.049675 -20.751999 0.115068 0.446825 -0.887190 18.729204 0.324227 0.827316 0.458722 -17.606089 0.000000 0.000000 0.000000 1.000000
0.929747 -0.368199 -0.000810 -21.832298 0.142209 0.361123 -0.921611 15.112763 0.339628 0.856750 0.388114 -14.356225 0.000000 0.000000 0.000000 1.000000
0.922693 -0.384416 0.029365 -23.007908 0.143745 0.272347 -0.951401 11.818272 0.357736 0.882072 0.306551 -11.385633 0.000000 0.000000 0.000000 1.000000
0.912195 -0.401160 0.083488 -24.141523 0.159877 0.160851 -0.973944 9.160589 0.377278 0.901775 0.210864 -8.974106 0.000000 0.000000 0.000000 1.000000
0.890434 -0.439660 0.117590 -25.620317 0.166939 0.075163 -0.983098 8.252018 0.423390 0.895014 0.140324 -7.222376 0.000000 0.000000 0.000000 1.000000
0.874114 -0.472712 0.111661 -27.335726 0.160733 0.064577 -0.984883 8.763407 0.458355 0.878848 0.132428 -5.570999 0.000000 0.000000 0.000000 1.000000
0.871132 -0.480633 0.100601 -28.761940 0.155236 0.075188 -0.985012 9.480570 0.465865 0.873693 0.140110 -4.084890 0.000000 0.000000 0.000000 1.000000
0.873376 -0.478814 0.089176 -29.757309 0.140644 0.072644 -0.987392 9.722370 0.466299 0.874906 0.130788 -2.778235 0.000000 0.000000 0.000000 1.000000
0.874848 -0.478055 0.078136 -30.352886 0.128877 0.074219 -0.988879 9.478153 0.466940 0.875188 0.126541 -1.660682 0.000000 0.000000 0.000000 1.000000
0.875860 -0.475307 0.083384 -30.600063 0.135125 0.075682 -0.987934 9.056807 0.463261 0.876559 0.130513 -0.934866 0.000000 0.000000 0.000000 1.000000
0.878428 -0.469147 0.090914 -30.591942 0.144102 0.078659 -0.986432 8.864902 0.455630 0.879610 0.136701 -0.523876 0.000000 0.000000 0.000000 1.000000
0.883766 -0.458607 0.092934 -30.401930 0.148029 0.085601 -0.985271 8.916363 0.443897 0.884506 0.143539 -0.318665 0.000000 0.000000 0.000000 1.000000
0.888034 -0.451051 0.089158 -30.142117 0.144265 0.089228 -0.985508 8.968405 0.436559 0.888027 0.144308 -0.322326 0.000000 0.000000 0.000000 1.000000
0.891059 -0.447004 0.078749 -29.885136 0.131878 0.088959 -0.987266 8.959158 0.434306 0.890098 0.138218 -0.429513 0.000000 0.000000 0.000000 1.000000
0.892397 -0.446481 0.065446 -29.737110 0.118803 0.092547 -0.988595 8.904879 0.435332 0.889994 0.135632 -0.853168 0.000000 0.000000 0.000000 1.000000
0.893853 -0.444709 0.057095 -29.538158 0.112306 0.098789 -0.988751 8.782578 0.434066 0.890210 0.138247 -1.185294 0.000000 0.000000 0.000000 1.000000
0.897379 -0.437966 0.053824 -29.419334 0.111210 0.106436 -0.988081 8.634646 0.427017 0.892668 0.144220 -1.403448 0.000000 0.000000 0.000000 1.000000
0.899250 -0.434361 0.051778 -29.332184 0.111273 0.112666 -0.987383 8.539312 0.423047 0.893665 0.149647 -1.489275 0.000000 0.000000 0.000000 1.000000
0.898674 -0.435902 0.048737 -29.252155 0.108188 0.112608 -0.987732 8.512625 0.425066 0.892922 0.148357 -1.458370 0.000000 0.000000 0.000000 1.000000
0.898984 -0.435250 0.048841 -29.243193 0.107467 0.111103 -0.987981 8.486826 0.424592 0.893428 0.146655 -1.381424 0.000000 0.000000 0.000000 1.000000
0.899609 -0.433550 0.052317 -29.280975 0.110267 0.109598 -0.987841 8.453198 0.422545 0.894440 0.146401 -1.240051 0.000000 0.000000 0.000000 1.000000
0.900336 -0.431703 0.055026 -29.365728 0.112958 0.109705 -0.987525 8.400834 0.420281 0.895320 0.147536 -1.072982 0.000000 0.000000 0.000000 1.000000
0.900719 -0.430769 0.056065 -29.473026 0.114531 0.110994 -0.987200 8.343585 0.419032 0.895610 0.149311 -0.954894 0.000000 0.000000 0.000000 1.000000
0.900932 -0.430305 0.056214 -29.563148 0.115416 0.112720 -0.986901 8.294655 0.418332 0.895618 0.151217 -0.888961 0.000000 0.000000 0.000000 1.000000
0.901173 -0.429800 0.056211 -29.607325 0.115971 0.114119 -0.986675 8.259941 0.417658 0.895684 0.152685 -0.856875 0.000000 0.000000 0.000000 1.000000
0.901239 -0.429652 0.056282 -29.599352 0.116006 0.114086 -0.986675 8.249301 0.417506 0.895759 0.152661 -0.858667 0.000000 0.000000 0.000000 1.000000
0.900832 -0.430378 0.057237 -29.547781 0.116489 0.112592 -0.986789 8.264540 0.418248 0.895599 0.151560 -0.890114 0.000000 0.000000 0.000000 1.000000
0.900074 -0.431751 0.058800 -29.474829 0.117803 0.111195 -0.986792 8.288052 0.419510 0.895113 0.150946 -0.932332 0.000000 0.000000 0.000000 1.000000
0.899700 -0.432494 0.059067 -29.424328 0.117929 0.110547 -0.986850 8.298162 0.420277 0.894834 0.150463 -0.962499 0.000000 0.000000 0.000000 1.000000
0.899823 -0.432308 0.058550 -29.400986 0.117384 0.110666 -0.986901 8.295109 0.420166 0.894909 0.150326 -0.969752 0.000000 0.000000 0.000000 1.000000
0.900173 -0.431561 0.058676 -29.390923 0.117476 0.110861 -0.986868 8.290874 0.419389 0.895246 0.150492 -0.959633 0.000000 0.000000 0.000000 1.000000
0.900399 -0.431027 0.059130 -29.393730 0.118028 0.111188 -0.986766 8.279541 0.418749 0.895462 0.150987 -0.936111 0.000000 0.000000 0.000000 1.000000
0.900492 -0.430796 0.059414 -29.403673 0.118508 0.111641 -0.986657 8.264443 0.418415 0.895517 0.151584 -0.907010 0.000000 0.000000 0.000000 1.000000
0.900629 -0.430430 0.059975 -29.409918 0.119055 0.111640 -0.986591 8.255123 0.417963 0.895693 0.151791 -0.886687 0.000000 0.000000 0.000000 1.000000
0.900737 -0.430121 0.060565 -29.413290 0.119571 0.111486 -0.986546 8.247098 0.417582 0.895861 0.151849 -0.880789 0.000000 0.000000 0.000000 1.000000
0.900743 -0.430069 0.060850 -29.415728 0.119695 0.111102 -0.986575 8.242022 0.417535 0.895933 0.151551 -0.888893 0.000000 0.000000 0.000000 1.000000
0.900818 -0.429878 0.061093 -29.417801 0.119612 0.110426 -0.986661 8.241615 0.417398 0.896109 0.150892 -0.901126 0.000000 0.000000 0.000000 1.000000
0.901085 -0.429257 0.061523 -29.422291 0.119863 0.110203 -0.986655 8.237031 0.416749 0.896434 0.150754 -0.907593 0.000000 0.000000 0.000000 1.000000
0.901773 -0.427680 0.062416 -29.434309 0.120899 0.110956 -0.986444 8.220190 0.414957 0.897095 0.151763 -0.908209 0.000000 0.000000 0.000000 1.000000
0.902364 -0.426346 0.062991 -29.447239 0.121577 0.111599 -0.986288 8.204585 0.413470 0.897650 0.152537 -0.907281 0.000000 0.000000 0.000000 1.000000
0.902455 -0.426126 0.063172 -29.452202 0.121703 0.111530 -0.986281 8.194549 0.413234 0.897762 0.152512 -0.904894 0.000000 0.000000 0.000000 1.000000
0.902330 -0.426384 0.063219 -29.455124 0.121691 0.111289 -0.986309 8.183758 0.413511 0.897670 0.152307 -0.904775 0.000000 0.000000 0.000000 1.000000
0.902326 -0.426436 0.062928 -29.460321 0.121297 0.111103 -0.986379 8.175313 0.413636 0.897668 0.151976 -0.904182 0.000000 0.000000 0.000000 1.000000
0.902340 -0.426431 0.062757 -29.463892 0.120995 0.110856 -0.986444 8.167213 0.413693 0.897701 0.151626 -0.904298 0.000000 0.000000 0.000000 1.000000
0.902293 -0.426579 0.062428 -29.468546 0.120507 0.110520 -0.986541 8.160543 0.413938 0.897673 0.151127 -0.907738 0.000000 0.000000 0.000000 1.000000
0.902408 -0.426414 0.061893 -29.476116 0.119950 0.110645 -0.986595 8.147356 0.413850 0.897735 0.150995 -0.907112 0.000000 0.000000 0.000000 1.000000
0.902657 -0.425998 0.061117 -29.486921 0.119126 0.110864 -0.986670 8.131536 0.413544 0.897906 0.150819 -0.906935 0.000000 0.000000 0.000000 1.000000
0.902800 -0.425805 0.060352 -29.496555 0.118254 0.110862 -0.986775 8.120593 0.413483 0.897998 0.150439 -0.909790 0.000000 0.000000 0.000000 1.000000
0.902877 -0.425708 0.059886 -29.500643 0.117698 0.110799 -0.986849 8.114920 0.413474 0.898051 0.150142 -0.907685 0.000000 0.000000 0.000000 1.000000
0.902834 -0.425832 0.059649 -29.501251 0.117403 0.110675 -0.986898 8.109111 0.413651 0.898008 0.149915 -0.906261 0.000000 0.000000 0.000000 1.000000
0.903223 -0.424961 0.059963 -29.508224 0.117843 0.111229 -0.986783 8.094005 0.412675 0.898352 0.150543 -0.903624 0.000000 0.000000 0.000000 1.000000
0.903700 -0.424000 0.059579 -29.520800 0.117583 0.111960 -0.986732 8.080580 0.411704 0.898715 0.151034 -0.898328 0.000000 0.000000 0.000000 1.000000
0.903776 -0.423984 0.058535 -29.529076 0.116626 0.112366 -0.986799 8.070741 0.411809 0.898672 0.151001 -0.891096 0.000000 0.000000 0.000000 1.000000
0.903711 -0.424201 0.057961 -29.532257 0.116114 0.112530 -0.986841 8.059528 0.412096 0.898549 0.150950 -0.885684 0.000000 0.000000 0.000000 1.000000
0.903684 -0.424314 0.057558 -29.534456 0.115735 0.112617 -0.986875 8.051399 0.412263 0.898485 0.150878 -0.881134 0.000000 0.000000 0.000000 1.000000
0.903607 -0.424541 0.057088 -29.538815 0.115344 0.112794 -0.986901 8.042729 0.412540 0.898355 0.150890 -0.882290 0.000000 0.000000 0.000000 1.000000
0.903470 -0.424902 0.056563 -29.539669 0.114704 0.112504 -0.987009 8.037855 0.413018 0.898221 0.150382 -0.879754 0.000000 0.000000 0.000000 1.000000
0.903304 -0.425244 0.056650 -29.538982 0.114601 0.111938 -0.987085 8.032577 0.413411 0.898130 0.149848 -0.884179 0.000000 0.000000 0.000000 1.000000
0.903323 -0.425197 0.056711 -29.539747 0.114540 0.111679 -0.987121 8.031681 0.413387 0.898185 0.149584 -0.884091 0.000000 0.000000 0.000000 1.000000</float_array>
        <technique_common>
          <accessor source="#mixamorig_Hips-Matrix-animation-output-transform-array" count="133" stride="16">
            <param type="float4x4"/>
          </accessor>
        </technique_common>
      </source>
      <source id="mixamorig_Hips-Interpolations">
        <Name_array id="mixamorig_Hips-Interpolations-array" count="133">
 LINEAR LINEAR LINEAR LINEAR LINEAR LINEAR LINEAR LINEAR LINEAR LINEAR LINEAR
LINEAR LINEAR LINEAR LINEAR LINEAR LINEAR LINEAR LINEAR LINEAR LINEAR LINEAR LINEAR
LINEAR LINEAR LINEAR LINEAR LINEAR LINEAR LINEAR LINEAR LINEAR LINEAR LINEAR LINEAR
LINEAR LINEAR LINEAR LINEAR LINEAR LINEAR LINEAR LINEAR LINEAR LINEAR LINEAR LINEAR
LINEAR LINEAR LINEAR LINEAR LINEAR LINEAR LINEAR LINEAR LINEAR LINEAR LINEAR LINEAR
LINEAR LINEAR LINEAR LINEAR LINEAR LINEAR LINEAR LINEAR LINEAR LINEAR LINEAR LINEAR
LINEAR LINEAR LINEAR LINEAR LINEAR LINEAR LINEAR LINEAR LINEAR LINEAR LINEAR LINEAR
LINEAR LINEAR LINEAR LINEAR LINEAR LINEAR LINEAR LINEAR LINEAR LINEAR LINEAR LINEAR
LINEAR LINEAR LINEAR LINEAR LINEAR LINEAR LINEAR LINEAR LINEAR LINEAR LINEAR LINEAR
LINEAR LINEAR LINEAR LINEAR LINEAR LINEAR LINEAR LINEAR LINEAR LINEAR LINEAR LINEAR
LINEAR LINEAR LINEAR LINEAR LINEAR LINEAR LINEAR LINEAR LINEAR LINEAR LINEAR LINEAR
LINEAR LINEAR</Name_array>
        <technique_common>
          <accessor source="#mixamorig_Hips-Interpolations-array" count="133">
            <param type="name"/>
          </accessor>
        </technique_common>
      </source>
      <sampler id="mixamorig_Hips-Matrix-animation-transform">
        <input semantic="INPUT" source="#mixamorig_Hips-Matrix-animation-input"/>
        <input semantic="OUTPUT" source="#mixamorig_Hips-Matrix-animation-output-transform"/>
        <input semantic="INTERPOLATION" source="#mixamorig_Hips-Interpolations"/>
      </sampler>
      <channel source="#mixamorig_Hips-Matrix-animation-transform" target="mixamorig_Hips/matrix"/>
    </animation>
    <animation id="mixamorig_Spine-anim" name="mixamorig_Spine">
      <source id="mixamorig_Spine-Matrix-animation-input">
        <float_array id="mixamorig_Spine-Matrix-animation-input-array" count="133">

0.000000 0.033333 0.066667 0.100000 0.133333 0.166667 0.200000 0.233333 0.266667 0.300000 0.333333 0.366667 0.400000 0.433333 0.466667 0.500000
0.533333 0.566667 0.600000 0.633333 0.666667 0.700000 0.733333 0.766667 0.800000 0.833333 0.866667 0.900000 0.933333 0.966667 1.000000 1.033333
1.066667 1.100000 1.133333 1.166667 1.200000 1.233333 1.266667 1.300000 1.333333 1.366667 1.400000 1.433333 1.466667 1.500000 1.533333 1.566667
1.600000 1.633333 1.666667 1.700000 1.733333 1.766667 1.800000 1.833333 1.866667 1.900000 1.933333 1.966667 2.000000 2.033333 2.066667 2.100000
2.133333 2.166667 2.200000 2.233333 2.266667 2.300000 2.333333 2.366667 2.400000 2.433333 2.466667 2.500000 2.533333 2.566667 2.600000 2.633333
2.666667 2.700000 2.733333 2.766667 2.800000 2.833333 2.866667 2.900000 2.933333 2.966667 3.000000 3.033333 3.066667 3.100000 3.133333 3.166667
3.200000 3.233333 3.266667 3.300000 3.333333 3.366667 3.400000 3.433333 3.466667 3.500000 3.533333 3.566667 3.600000 3.633333 3.666667 3.700000
3.733333 3.766667 3.800000 3.833333 3.866667 3.900000 3.933333 3.966667 4.000000 4.033333 4.066667 4.100000 4.133333 4.166667 4.200000 4.233333
4.266667 4.300000 4.333333 4.366667 4.400000</float_array>
        <technique_common>
          <accessor source="#mixamorig_Spine-Matrix-animation-input-array" count="133">
            <param name="TIME" type="float"/>
          </accessor>
        </technique_common>
      </source>
      <source id="mixamorig_Spine-Matrix-animation-output-transform">
        <float_array id="mixamorig_Spine-Matrix-animation-output-transform-array" count="2128">

0.998840 -0.037773 0.029852 0.000000 0.034946 0.995318 0.090121 10.528800 -0.033117 -0.088973 0.995483 -0.610600 0.000000 0.000000 0.000000 1.000000
0.998843 -0.037758 0.029776 0.000000 0.034945 0.995336 0.089917 10.528800 -0.033032 -0.088772 0.995504 -0.610600 0.000000 0.000000 0.000000 1.000000
0.998837 -0.038070 0.029581 0.000000 0.035279 0.995340 0.089743 10.528800 -0.032860 -0.088595 0.995526 -0.610600 0.000000 0.000000 0.000000 1.000000
0.998838 -0.038437 0.029085 0.000000 0.035695 0.995343 0.089546 10.528800 -0.032392 -0.088403 0.995558 -0.610600 0.000000 0.000000 0.000000 1.000000
0.998866 -0.038287 0.028302 0.000000 0.035642 0.995420 0.088711 10.528800 -0.031568 -0.087602 0.995655 -0.610600 0.000000 0.000000 0.000000 1.000000
0.998851 -0.039582 0.027005 -0.000000 0.037105 0.995539 0.086750 10.528800 -0.030318 -0.085649 0.995864 -0.610600 0.000000 0.000000 0.000000 1.000000
0.998739 -0.042880 0.026105 0.000000 0.040571 0.995694 0.083346 10.528800 -0.029567 -0.082182 0.996179 -0.610600 0.000000 0.000000 0.000000 1.000000
0.998337 -0.050839 0.027174 -0.000000 0.048597 0.995798 0.077618 10.528800 -0.031006 -0.076168 0.996613 -0.610600 0.000000 0.000000 0.000000 1.000000
0.997661 -0.061315 0.030217 0.000000 0.059123 0.995880 0.068758 10.528800 -0.034309 -0.066810 0.997176 -0.610600 0.000000 0.000000 0.000000 1.000000
0.996653 -0.074971 0.032576 0.000000 0.072967 0.995594 0.058891 10.528800 -0.036847 -0.056317 0.997733 -0.610600 0.000000 0.000000 0.000000 1.000000
0.996260 -0.078775 0.035496 -0.000000 0.076850 0.995650 0.052674 10.528800 -0.039491 -0.049749 0.997981 -0.610600 0.000000 0.000000 0.000000 1.000000
0.996627 -0.073688 0.036129 0.000000 0.071679 0.995961 0.054072 10.528800 -0.039967 -0.051300 0.997883 -0.610600 0.000000 0.000000 0.000000 1.000000
0.997016 -0.070150 0.032217 -0.000000 0.068042 0.995727 0.062435 10.528800 -0.036459 -0.060057 0.997529 -0.610600 0.000000 0.000000 0.000000 1.000000
0.997324 -0.068428 0.025739 0.000000 0.066458 0.995269 0.070868 10.528800 -0.030466 -0.068968 0.997154 -0.610600 0.000000 0.000000 0.000000 1.000000
0.998002 -0.059833 0.020322 0.000000 0.058121 0.995386 0.076352 10.528800 -0.024797 -0.075018 0.996874 -0.610600 0.000000 0.000000 0.000000 1.000000
0.998585 -0.050561 0.016474 0.000000 0.049034 0.995368 0.082690 10.528800 -0.020578 -0.081766 0.996439 -0.610600 0.000000 0.000000 0.000000 1.000000
0.998848 -0.046872 0.010248 0.000000 0.045758 0.994858 0.090353 10.528800 -0.014430 -0.089780 0.995857 -0.610600 0.000000 0.000000 0.000000 1.000000
0.998942 -0.045985 0.000055 -0.000000 0.045766 0.994314 0.096152 10.528800 -0.004476 -0.096047 0.995367 -0.610600 0.000000 0.000000 0.000000 1.000000
0.998964 -0.043981 -0.011647 0.000000 0.044925 0.993998 0.099750 10.528800 0.007190 -0.100170 0.994944 -0.610600 0.000000 0.000000 0.000000 1.000000
0.999046 -0.038051 -0.021447 0.000000 0.040056 0.993931 0.102451 10.528800 0.017418 -0.103212 0.994507 -0.610600 0.000000 0.000000 0.000000 1.000000
0.999211 -0.029245 -0.026887 -0.000000 0.031921 0.993938 0.105202 10.528800 0.023647 -0.105977 0.994087 -0.610600 0.000000 0.000000 0.000000 1.000000
0.999432 -0.018346 -0.028264 -0.000000 0.021278 0.994007 0.107223 10.528800 0.026127 -0.107764 0.993833 -0.610600 0.000000 0.000000 0.000000 1.000000
0.999600 -0.007061 -0.027387 0.000000 0.009928 0.994314 0.106024 10.528800 0.026483 -0.106254 0.993986 -0.610600 0.000000 0.000000 0.000000 1.000000
0.999693 0.001591 -0.024715 0.000000 0.000904 0.994926 0.100609 10.528800 0.024749 -0.100601 0.994619 -0.610600 0.000000 0.000000 0.000000 1.000000
0.999764 0.010023 -0.019277 0.000000 -0.008236 0.995848 0.090656 10.528800 0.020105 -0.090476 0.995696 -0.610600 0.000000 0.000000 0.000000 1.000000
0.999662 0.023719 -0.010640 0.000000 -0.022833 0.996783 0.076833 10.528800 0.012428 -0.076564 0.996987 -0.610600 0.000000 0.000000 0.000000 1.000000
0.999599 0.028211 -0.002616 -0.000000 -0.028002 0.997787 0.060309 10.528800 0.004312 -0.060212 0.998176 -0.610600 0.000000 0.000000 0.000000 1.000000
0.999276 0.036500 0.010722 0.000000 -0.036992 0.998067 0.049946 10.528800 -0.008878 -0.050306 0.998694 -0.610600 0.000000 0.000000 0.000000 1.000000
0.998180 0.055194 0.024306 0.000000 -0.056270 0.997353 0.046057 10.528800 -0.021699 -0.047340 0.998643 -0.610600 0.000000 0.000000 0.000000 1.000000
0.997967 0.056302 0.029860 0.000000 -0.057428 0.997615 0.038288 10.528800 -0.027633 -0.039925 0.998820 -0.610600 0.000000 0.000000 0.000000 1.000000
0.998748 0.040697 0.029084 0.000000 -0.041590 0.998659 0.030818 10.528800 -0.027791 -0.031989 0.999102 -0.610600 0.000000 0.000000 0.000000 1.000000
0.999224 0.027158 0.028515 0.000000 -0.027998 0.999173 0.029482 10.528800 -0.027691 -0.030257 0.999158 -0.610600 0.000000 0.000000 0.000000 1.000000
0.999370 0.019849 0.029428 0.000000 -0.020877 0.999167 0.035059 10.528800 -0.028708 -0.035651 0.998952 -0.610600 0.000000 0.000000 0.000000 1.000000
0.999289 0.018248 0.032995 -0.000000 -0.019772 0.998725 0.046458 10.528800 -0.032105 -0.047077 0.998375 -0.610600 0.000000 0.000000 0.000000 1.000000
0.999162 0.013211 0.038730 0.000000 -0.015455 0.998184 0.058227 10.528800 -0.037891 -0.058777 0.997552 -0.610600 0.000000 0.000000 0.000000 1.000000
0.999010 0.004785 0.044236 0.000000 -0.007947 0.997403 0.071587 10.528800 -0.043779 -0.071868 0.996453 -0.610600 0.000000 0.000000 0.000000 1.000000
0.998753 -0.001247 0.049906 0.000000 -0.002986 0.996406 0.084655 10.528800 -0.049832 -0.084698 0.995160 -0.610600 0.000000 0.000000 0.000000 1.000000
0.998387 -0.006159 0.056445 -0.000000 0.000916 0.995717 0.092446 10.528800 -0.056772 -0.092245 0.994117 -0.610600 0.000000 0.000000 0.000000 1.000000
0.998020 -0.010647 0.061996 0.000000 0.004725 0.995477 0.094887 10.528800 -0.062726 -0.094407 0.993556 -0.610600 0.000000 0.000000 0.000000 1.000000
0.997808 -0.013249 0.064839 -0.000000 0.007166 0.995625 0.093168 10.528800 -0.065790 -0.092499 0.993537 -0.610600 0.000000 0.000000 0.000000 1.000000
0.997850 -0.011822 0.064466 -0.000000 0.005964 0.995895 0.090322 10.528800 -0.065269 -0.089744 0.993824 -0.610600 0.000000 0.000000 0.000000 1.000000
0.998006 -0.010046 0.062309 -0.000000 0.004446 0.995989 0.089371 10.528800 -0.062957 -0.088916 0.994047 -0.610600 0.000000 0.000000 0.000000 1.000000
0.998072 -0.007981 0.061558 0.000000 0.002419 0.995946 0.089916 10.528800 -0.062026 -0.089594 0.994045 -0.610600 0.000000 0.000000 0.000000 1.000000
0.998054 -0.002150 0.062316 -0.000000 -0.003354 0.996107 0.088085 10.528800 -0.062263 -0.088123 0.994162 -0.610600 0.000000 0.000000 0.000000 1.000000
0.998148 0.000549 0.060824 -0.000000 -0.005546 0.996616 0.082016 10.528800 -0.060574 -0.082202 0.994773 -0.610600 0.000000 0.000000 0.000000 1.000000
0.998500 -0.002631 0.054686 -0.000000 -0.001693 0.996883 0.078876 10.528800 -0.054723 -0.078850 0.995383 -0.610600 0.000000 0.000000 0.000000 1.000000
0.998877 -0.001179 0.047357 0.000000 -0.002629 0.996769 0.080280 10.528800 -0.047298 -0.080315 0.995647 -0.610600 0.000000 0.000000 0.000000 1.000000
0.999199 -0.002279 0.039945 0.000000 -0.001034 0.996571 0.082737 10.528800 -0.039997 -0.082712 0.995771 -0.610600 0.000000 0.000000 0.000000 1.000000
0.999453 -0.013548 0.030160 -0.000000 0.010842 0.996049 0.088138 10.528800 -0.031235 -0.087763 0.995652 -0.610600 0.000000 0.000000 0.000000 1.000000
0.999550 -0.020904 0.021515 -0.000000 0.018790 0.995376 0.094203 10.528800 -0.023385 -0.093756 0.995321 -0.610600 0.000000 0.000000 0.000000 1.000000
0.999523 -0.025840 0.016892 -0.000000 0.024012 0.994629 0.100677 10.528800 -0.019403 -0.100224 0.994776 -0.610600 0.000000 0.000000 0.000000 1.000000
0.999546 -0.026483 0.014385 0.000000 0.024862 0.994361 0.103090 10.528800 -0.017034 -0.102686 0.994568 -0.610600 0.000000 0.000000 0.000000 1.000000
0.999755 -0.018287 0.012464 -0.000000 0.016948 0.994823 0.100201 10.528800 -0.014232 -0.099965 0.994889 -0.610600 0.000000 0.000000 0.000000 1.000000
0.999919 -0.007378 0.010393 0.000000 0.006349 0.995380 0.095807 10.528800 -0.011052 -0.095733 0.995346 -0.610600 0.000000 0.000000 0.000000 1.000000
0.999932 0.008963 0.007478 0.000000 -0.009622 0.995593 0.093284 10.528800 -0.006609 -0.093350 0.995611 -0.610600 0.000000 0.000000 0.000000 1.000000
0.999697 0.024090 0.004993 -0.000000 -0.024453 0.995270 0.094020 10.528800 -0.002705 -0.094114 0.995558 -0.610600 0.000000 0.000000 0.000000 1.000000
0.999349 0.035719 0.005032 0.000000 -0.036036 0.994788 0.095386 10.528800 -0.001599 -0.095505 0.995428 -0.610600 0.000000 0.000000 0.000000 1.000000
0.999051 0.042750 0.008366 -0.000000 -0.043350 0.994585 0.094452 10.528800 -0.004283 -0.094725 0.995494 -0.610600 0.000000 0.000000 0.000000 1.000000
0.999244 0.037659 0.009604 -0.000000 -0.038402 0.994746 0.094903 10.528800 -0.005979 -0.095200 0.995440 -0.610600 0.000000 0.000000 0.000000 1.000000
0.999728 0.022133 0.007326 -0.000000 -0.022777 0.994271 0.104435 10.528800 -0.004973 -0.104574 0.994505 -0.610600 0.000000 0.000000 0.000000 1.000000
0.999753 0.017998 0.013070 -0.000000 -0.019488 0.992013 0.124623 10.528800 -0.010723 -0.124847 0.992118 -0.610600 0.000000 0.000000 0.000000 1.000000
0.999597 0.019084 0.021007 -0.000000 -0.021911 0.989362 0.143817 10.528800 -0.018039 -0.144219 0.989381 -0.610600 0.000000 0.000000 0.000000 1.000000
0.999457 0.018723 0.027102 -0.000000 -0.022618 0.988211 0.151417 10.528800 -0.023948 -0.151948 0.988098 -0.610600 0.000000 0.000000 0.000000 1.000000
0.999407 0.016259 0.030360 -0.000000 -0.020622 0.988555 0.149444 10.528800 -0.027583 -0.149981 0.988304 -0.610600 0.000000 0.000000 0.000000 1.000000
0.999651 0.005268 0.025895 0.000000 -0.008990 0.989272 0.145811 10.528800 -0.024849 -0.145992 0.988974 -0.610600 0.000000 0.000000 0.000000 1.000000
0.999738 -0.014771 0.017491 0.000000 0.012097 0.989480 0.144161 10.528800 -0.019436 -0.143911 0.989400 -0.610600 0.000000 0.000000 0.000000 1.000000
0.999180 -0.038346 0.012991 0.000000 0.036044 0.988636 0.145942 10.528800 -0.018439 -0.145354 0.989208 -0.610600 0.000000 0.000000 0.000000 1.000000
0.998257 -0.056095 0.018327 0.000000 0.052731 0.987315 0.149760 10.528800 -0.026495 -0.148533 0.988553 -0.610600 0.000000 0.000000 0.000000 1.000000
0.997104 -0.071679 0.025419 -0.000000 0.067093 0.986438 0.149798 10.528800 -0.035812 -0.147659 0.988390 -0.610600 0.000000 0.000000 0.000000 1.000000
0.996125 -0.082880 0.029443 0.000000 0.077690 0.986050 0.147209 10.528800 -0.041233 -0.144351 0.988667 -0.610600 0.000000 0.000000 0.000000 1.000000
0.995999 -0.084903 0.027899 0.000000 0.079931 0.985923 0.146859 10.528800 -0.039975 -0.144041 0.988764 -0.610600 0.000000 0.000000 0.000000 1.000000
0.996937 -0.075606 0.020010 0.000000 0.071903 0.986702 0.145772 10.528800 -0.030765 -0.143886 0.989116 -0.610600 0.000000 0.000000 0.000000 1.000000
0.997743 -0.065657 0.014103 -0.000000 0.062894 0.987209 0.146499 10.528800 -0.023541 -0.145282 0.989110 -0.610600 0.000000 0.000000 0.000000 1.000000
0.997714 -0.067420 0.004561 -0.000000 0.066005 0.986786 0.147978 10.528800 -0.014477 -0.147339 0.988980 -0.610600 0.000000 0.000000 0.000000 1.000000
0.996492 -0.079632 -0.025756 0.000000 0.082566 0.985711 0.146820 10.528800 0.013696 -0.148431 0.988828 -0.610600 0.000000 0.000000 0.000000 1.000000
0.994236 -0.090681 -0.057197 -0.000000 0.098148 0.984523 0.145194 10.528800 0.043145 -0.149971 0.987749 -0.610600 0.000000 0.000000 0.000000 1.000000
0.992652 -0.100078 -0.068019 -0.000000 0.109144 0.983220 0.146174 10.528800 0.052249 -0.152523 0.986918 -0.610600 0.000000 0.000000 0.000000 1.000000
0.992474 -0.105327 -0.062461 0.000000 0.113884 0.981381 0.154668 10.528800 0.045008 -0.160618 0.985990 -0.610600 0.000000 0.000000 0.000000 1.000000
0.995319 -0.085303 -0.045426 -0.000000 0.091453 0.983308 0.157296 10.528800 0.031250 -0.160714 0.986506 -0.610600 0.000000 0.000000 0.000000 1.000000
0.997479 -0.061754 -0.034954 0.000000 0.066116 0.987685 0.141801 10.528800 0.025767 -0.143754 0.989278 -0.610600 0.000000 0.000000 0.000000 1.000000
0.998115 -0.053018 -0.030913 -0.000000 0.056438 0.990805 0.122963 10.528800 0.024109 -0.124476 0.991930 -0.610600 0.000000 0.000000 0.000000 1.000000
0.998291 -0.052061 -0.026554 0.000000 0.054706 0.992293 0.111187 10.528800 0.020561 -0.112450 0.993445 -0.610600 0.000000 0.000000 0.000000 1.000000
0.998275 -0.053471 -0.024245 0.000000 0.055701 0.993097 0.103230 10.528800 0.018558 -0.104402 0.994362 -0.610600 0.000000 0.000000 0.000000 1.000000
0.998069 -0.056686 -0.025389 0.000000 0.058901 0.993514 0.097270 10.528800 0.019710 -0.098578 0.994934 -0.610600 0.000000 0.000000 0.000000 1.000000
0.997740 -0.061598 -0.026858 0.000000 0.063815 0.993757 0.091509 10.528800 0.021054 -0.093016 0.995442 -0.610600 0.000000 0.000000 0.000000 1.000000
0.997191 -0.069394 -0.028177 -0.000000 0.071584 0.993712 0.086099 10.528800 0.022025 -0.087874 0.995888 -0.610600 0.000000 0.000000 0.000000 1.000000
0.996787 -0.075088 -0.027898 0.000000 0.077171 0.993544 0.083156 10.528800 0.021473 -0.085042 0.996146 -0.610600 0.000000 0.000000 0.000000 1.000000
0.996618 -0.077837 -0.026352 0.000000 0.079790 0.993291 0.083702 10.528800 0.019660 -0.085521 0.996142 -0.610600 0.000000 0.000000 0.000000 1.000000
0.997182 -0.071216 -0.023582 0.000000 0.072963 0.993779 0.084137 10.528800 0.017443 -0.085621 0.996175 -0.610600 0.000000 0.000000 0.000000 1.000000
0.997483 -0.067173 -0.022707 0.000000 0.068861 0.994056 0.084326 10.528800 0.016907 -0.085677 0.996179 -0.610600 0.000000 0.000000 0.000000 1.000000
0.997485 -0.066949 -0.023282 -0.000000 0.068688 0.994068 0.084323 10.528800 0.017498 -0.085710 0.996166 -0.610600 0.000000 0.000000 0.000000 1.000000
0.997452 -0.067293 -0.023687 -0.000000 0.069064 0.994051 0.084220 10.528800 0.017879 -0.085642 0.996166 -0.610600 0.000000 0.000000 0.000000 1.000000
0.997409 -0.068187 -0.022944 0.000000 0.069901 0.993943 0.084801 10.528800 0.017022 -0.086185 0.996134 -0.610600 0.000000 0.000000 0.000000 1.000000
