<?xml version="1.0" encoding="utf-8"?>
<COLLADA xmlns="http://www.collada.org/2005/11/COLLADASchema" version="1.4.1">
  <asset>
    <contributor>
      <author>Mixamo</author>
      <authoring_tool>COLLADA Mixamo exporter</authoring_tool>
      <comments/>
    </contributor>
    <created>2024-12-14T06:35:28Z</created>
    <modified>2024-12-14T06:35:28Z</modified>
    <revision/>
    <title/>
    <unit meter="0.010000"/>
    <up_axis>Y_UP</up_axis>
  </asset>
  <library_animations>
    <animation id="mixamorig_Hips-anim" name="mixamorig_Hips">
      <source id="mixamorig_Hips-Matrix-animation-input">
        <float_array id="mixamorig_Hips-Matrix-animation-input-array" count="72">

0.000000 0.033333 0.066667 0.100000 0.133333 0.166667 0.200000 0.233333 0.266667 0.300000 0.333333 0.366667 0.400000 0.433333 0.466667 0.500000
0.533333 0.566667 0.600000 0.633333 0.666667 0.700000 0.733333 0.766667 0.800000 0.833333 0.866667 0.900000 0.933333 0.966667 1.000000 1.033333
1.066667 1.100000 1.133333 1.166667 1.200000 1.233333 1.266667 1.300000 1.333333 1.366667 1.400000 1.433333 1.466667 1.500000 1.533333 1.566667
1.600000 1.633333 1.666667 1.700000 1.733333 1.766667 1.800000 1.833333 1.866667 1.900000 1.933333 1.966667 2.000000 2.033333 2.066667 2.100000
2.133333 2.166667 2.200000 2.233333 2.266667 2.300000 2.333333 2.366667</float_array>
        <technique_common>
          <accessor source="#mixamorig_Hips-Matrix-animation-input-array" count="72">
            <param name="TIME" type="float"/>
          </accessor>
        </technique_common>
      </source>
      <source id="mixamorig_Hips-Matrix-animation-output-transform">
        <float_array id="mixamorig_Hips-Matrix-animation-output-transform-array" count="1152">

0.497855 -0.166708 -0.851087 -3.690196 0.067955 0.985833 -0.153350 77.144615 0.864594 0.018511 0.502130 4.444532 0.000000 0.000000 0.000000 1.000000
0.502476 -0.173377 -0.847029 -3.772074 0.072123 0.984678 -0.158767 76.915840 0.861577 0.018686 0.507282 3.717010 0.000000 0.000000 0.000000 1.000000
0.505371 -0.175947 -0.844774 -3.808539 0.075853 0.984260 -0.159621 76.767372 0.859562 0.016589 0.510763 2.999743 0.000000 0.000000 0.000000 1.000000
0.507002 -0.174258 -0.844146 -3.809831 0.077528 0.984601 -0.156688 76.698647 0.858451 0.013996 0.512704 2.326898 0.000000 0.000000 0.000000 1.000000
0.506369 -0.168476 -0.845699 -3.791609 0.077204 0.985647 -0.150130 76.754608 0.858854 0.010730 0.512108 1.719432 0.000000 0.000000 0.000000 1.000000
0.504577 -0.164372 -0.847575 -3.771894 0.076530 0.986360 -0.145727 76.928391 0.859968 0.008666 0.510274 1.204943 0.000000 0.000000 0.000000 1.000000
0.499579 -0.162664 -0.850859 -3.770848 0.075962 0.986654 -0.144024 77.197075 0.862932 0.007318 0.505268 0.784597 0.000000 0.000000 0.000000 1.000000
0.492392 -0.158690 -0.855784 -3.752747 0.075317 0.987319 -0.139746 77.536407 0.867108 0.004355 0.498100 0.487395 0.000000 0.000000 0.000000 1.000000
0.485592 -0.158544 -0.859688 -3.752482 0.075590 0.987348 -0.139391 77.873146 0.870911 0.002703 0.491433 0.305937 0.000000 0.000000 0.000000 1.000000
0.477099 -0.158308 -0.864474 -3.750333 0.076115 0.987390 -0.138809 78.214706 0.875547 0.000426 0.483133 0.219769 0.000000 0.000000 0.000000 1.000000
0.467816 -0.160335 -0.869161 -3.754177 0.075465 0.987062 -0.141466 78.528679 0.880598 0.000589 0.473864 0.234566 0.000000 0.000000 0.000000 1.000000
0.457402 -0.162959 -0.874201 -3.758639 0.075415 0.986633 -0.144458 78.784836 0.886056 0.000148 0.463578 0.329252 0.000000 0.000000 0.000000 1.000000
0.445665 -0.161326 -0.880544 -3.741553 0.075718 0.986896 -0.142488 78.801376 0.891992 -0.003171 0.452040 0.538211 0.000000 0.000000 0.000000 1.000000
0.434110 -0.159481 -0.886631 -3.720245 0.071459 0.987200 -0.142582 78.584961 0.898021 -0.001462 0.439949 0.846683 0.000000 0.000000 0.000000 1.000000
0.427291 -0.157097 -0.890361 -3.632583 0.065628 0.987580 -0.142755 78.210510 0.901729 0.002565 0.432294 1.238302 0.000000 0.000000 0.000000 1.000000
0.424267 -0.151542 -0.892767 -3.501733 0.059127 0.988430 -0.139682 77.770645 0.903605 0.006476 0.428318 1.698635 0.000000 0.000000 0.000000 1.000000
0.423259 -0.147945 -0.893848 -3.370014 0.052933 0.988930 -0.138617 77.356735 0.904461 0.011357 0.426405 2.255019 0.000000 0.000000 0.000000 1.000000
0.424480 -0.146717 -0.893471 -3.241924 0.049306 0.989066 -0.138989 77.115379 0.904094 0.014945 0.427073 2.893150 0.000000 0.000000 0.000000 1.000000
0.426119 -0.146776 -0.892681 -3.131770 0.047138 0.989013 -0.140114 77.091049 0.903438 0.017626 0.428356 3.631935 0.000000 0.000000 0.000000 1.000000
0.426687 -0.142394 -0.893119 -3.023558 0.043044 0.989606 -0.137214 77.239838 0.903374 0.020104 0.428381 4.409423 0.000000 0.000000 0.000000 1.000000
0.426663 -0.140388 -0.893448 -2.930530 0.039726 0.989835 -0.136562 77.453392 0.903538 0.022773 0.427902 5.266086 0.000000 0.000000 0.000000 1.000000
0.425029 -0.140354 -0.894232 -2.856714 0.037709 0.989794 -0.137429 77.696609 0.904394 0.024690 0.425984 6.155669 0.000000 0.000000 0.000000 1.000000
0.423542 -0.135277 -0.895719 -2.764185 0.033680 0.990455 -0.133659 77.997986 0.905250 0.026442 0.424055 7.066698 0.000000 0.000000 0.000000 1.000000
0.422281 -0.131892 -0.896819 -2.686314 0.029445 0.990832 -0.131854 78.315765 0.905987 0.029272 0.422293 7.954423 0.000000 0.000000 0.000000 1.000000
0.421491 -0.129231 -0.897577 -2.628285 0.025356 0.991086 -0.130787 78.635139 0.906478 0.032367 0.421010 8.756215 0.000000 0.000000 0.000000 1.000000
0.422674 -0.128111 -0.897181 -2.584939 0.020811 0.991069 -0.131713 78.916420 0.906043 0.037000 0.421565 9.430275 0.000000 0.000000 0.000000 1.000000
0.426156 -0.127853 -0.895570 -2.548721 0.016386 0.990891 -0.133664 79.184669 0.904501 0.042287 0.424369 9.938967 0.000000 0.000000 0.000000 1.000000
0.431625 -0.126090 -0.893197 -2.524456 0.013252 0.990962 -0.133488 79.429237 0.901956 0.045780 0.429395 10.243433 0.000000 0.000000 0.000000 1.000000
0.437336 -0.124228 -0.890676 -2.507533 0.012099 0.991136 -0.132299 79.583267 0.899217 0.047083 0.434963 10.380128 0.000000 0.000000 0.000000 1.000000
0.444181 -0.124060 -0.887306 -2.473735 0.012918 0.991151 -0.132112 79.561440 0.895844 0.047219 0.441853 10.381140 0.000000 0.000000 0.000000 1.000000
0.453354 -0.122262 -0.882905 -2.432493 0.016187 0.991514 -0.128990 79.369965 0.891184 0.044187 0.451486 10.202703 0.000000 0.000000 0.000000 1.000000
0.460954 -0.117481 -0.879613 -2.413297 0.018202 0.992242 -0.122985 79.048660 0.887237 0.040680 0.459517 9.770844 0.000000 0.000000 0.000000 1.000000
0.468864 -0.114468 -0.875822 -2.416291 0.020158 0.992695 -0.118952 78.604378 0.883040 0.038117 0.467747 9.168564 0.000000 0.000000 0.000000 1.000000
0.474825 -0.110347 -0.873135 -2.413454 0.023618 0.993349 -0.112696 78.110870 0.879763 0.032889 0.474273 8.453138 0.000000 0.000000 0.000000 1.000000
0.476888 -0.107717 -0.872339 -2.416750 0.027821 0.993815 -0.107508 77.604225 0.878524 0.026999 0.476935 7.706308 0.000000 0.000000 0.000000 1.000000
0.475150 -0.106938 -0.873382 -2.427920 0.033164 0.994058 -0.103672 77.142120 0.879279 0.020295 0.475874 6.944257 0.000000 0.000000 0.000000 1.000000
0.469408 -0.108486 -0.876292 -2.453281 0.038771 0.993999 -0.102290 76.777359 0.882130 0.014041 0.470797 6.177846 0.000000 0.000000 0.000000 1.000000
0.463129 -0.115815 -0.878691 -2.466739 0.045559 0.993226 -0.106898 76.536888 0.885119 0.009476 0.465268 5.422257 0.000000 0.000000 0.000000 1.000000
0.455736 -0.121808 -0.881741 -2.491698 0.051741 0.992543 -0.110371 76.437851 0.888610 0.004678 0.458640 4.692200 0.000000 0.000000 0.000000 1.000000
0.446013 -0.127975 -0.885830 -2.535444 0.054688 0.991772 -0.115745 76.451523 0.893354 0.003180 0.449342 3.960693 0.000000 0.000000 0.000000 1.000000
0.433730 -0.137251 -0.890528 -2.582022 0.060780 0.990536 -0.123062 76.588722 0.898991 -0.000751 0.437967 3.268417 0.000000 0.000000 0.000000 1.000000
0.419587 -0.142132 -0.896518 -2.639211 0.066425 0.989825 -0.125837 76.850372 0.905281 -0.006752 0.424759 2.719546 0.000000 0.000000 0.000000 1.000000
0.406375 -0.143667 -0.902341 -2.708113 0.070322 0.989550 -0.125881 77.218285 0.910996 -0.012299 0.412232 2.283524 0.000000 0.000000 0.000000 1.000000
0.396005 -0.143623 -0.906947 -2.764902 0.073807 0.989475 -0.124466 77.653938 0.915277 -0.017650 0.402437 1.949909 0.000000 0.000000 0.000000 1.000000
0.387031 -0.144442 -0.910683 -2.816204 0.077513 0.989255 -0.123961 78.082855 0.918803 -0.022613 0.394069 1.724098 0.000000 0.000000 0.000000 1.000000
0.379320 -0.144935 -0.913843 -2.872555 0.079836 0.989099 -0.123732 78.442848 0.921815 -0.026023 0.386756 1.591129 0.000000 0.000000 0.000000 1.000000
0.375583 -0.146583 -0.915123 -2.919779 0.081092 0.988824 -0.125107 78.696663 0.923234 -0.027221 0.383272 1.563434 0.000000 0.000000 0.000000 1.000000
0.375483 -0.147450 -0.915025 -2.939276 0.080692 0.988716 -0.126212 78.835320 0.923310 -0.026445 0.383144 1.628406 0.000000 0.000000 0.000000 1.000000
0.379089 -0.147915 -0.913462 -2.936861 0.078642 0.988720 -0.127465 78.837227 0.922013 -0.023516 0.386445 1.772969 0.000000 0.000000 0.000000 1.000000
0.384304 -0.148719 -0.911149 -2.930462 0.077905 0.988644 -0.128509 78.694695 0.919914 -0.021597 0.391526 2.012625 0.000000 0.000000 0.000000 1.000000
0.392606 -0.147737 -0.907763 -2.899880 0.077991 0.988807 -0.127196 78.451721 0.916394 -0.020860 0.399733 2.345416 0.000000 0.000000 0.000000 1.000000
0.401939 -0.147256 -0.903748 -2.865348 0.078458 0.988893 -0.126235 78.149269 0.912299 -0.020168 0.409028 2.784928 0.000000 0.000000 0.000000 1.000000
0.413503 -0.150450 -0.897987 -2.823993 0.079015 0.988462 -0.129224 77.811035 0.907068 -0.017520 0.420620 3.325030 0.000000 0.000000 0.000000 1.000000
0.426189 -0.148247 -0.892405 -2.765068 0.078707 0.988817 -0.126674 77.542198 0.901204 -0.016251 0.433091 3.890067 0.000000 0.000000 0.000000 1.000000
0.437379 -0.145376 -0.887449 -2.707237 0.079521 0.989233 -0.122858 77.384552 0.895755 -0.016835 0.444230 4.512568 0.000000 0.000000 0.000000 1.000000
0.446203 -0.143935 -0.883281 -2.672810 0.078928 0.989465 -0.121367 77.334702 0.891445 -0.015561 0.452862 5.138175 0.000000 0.000000 0.000000 1.000000
0.452262 -0.145457 -0.879944 -2.676697 0.077771 0.989285 -0.123559 77.438248 0.888488 -0.012553 0.458728 5.767346 0.000000 0.000000 0.000000 1.000000
0.450308 -0.158070 -0.878770 -2.733977 0.080824 0.987380 -0.136190 77.618668 0.889208 -0.009699 0.457401 6.389115 0.000000 0.000000 0.000000 1.000000
0.444776 -0.166651 -0.880001 -2.786062 0.086484 0.985937 -0.143001 77.875793 0.891457 -0.012503 0.452934 7.002327 0.000000 0.000000 0.000000 1.000000
0.439486 -0.172365 -0.881557 -2.805673 0.089330 0.984938 -0.148044 78.182869 0.893796 -0.013687 0.448264 7.498961 0.000000 0.000000 0.000000 1.000000
0.438530 -0.171662 -0.882170 -2.803487 0.086861 0.985089 -0.148510 78.462654 0.894509 -0.011500 0.446902 7.961782 0.000000 0.000000 0.000000 1.000000
0.440048 -0.166767 -0.882353 -2.815669 0.082902 0.985952 -0.145003 78.704994 0.894139 -0.009340 0.447691 8.279944 0.000000 0.000000 0.000000 1.000000
0.444631 -0.162825 -0.880790 -2.840888 0.079228 0.986634 -0.142396 78.857391 0.892203 -0.006469 0.451589 8.452828 0.000000 0.000000 0.000000 1.000000
0.451394 -0.159929 -0.877876 -2.876960 0.075135 0.987126 -0.141198 78.924599 0.889156 -0.002223 0.457599 8.495687 0.000000 0.000000 0.000000 1.000000
0.459806 -0.153947 -0.874573 -2.920369 0.071738 0.988079 -0.136211 78.921875 0.885117 -0.000109 0.465369 8.380552 0.000000 0.000000 0.000000 1.000000
0.469446 -0.156249 -0.869026 -3.014349 0.073745 0.987717 -0.137753 78.787560 0.879876 0.000581 0.475202 8.168172 0.000000 0.000000 0.000000 1.000000
0.475946 -0.159677 -0.864858 -3.131152 0.072676 0.987157 -0.142262 78.577995 0.876466 0.004855 0.481438 7.720280 0.000000 0.000000 0.000000 1.000000
0.481159 -0.160231 -0.861865 -3.245658 0.070248 0.987040 -0.144285 78.357368 0.873814 0.008880 0.486179 7.093106 0.000000 0.000000 0.000000 1.000000
0.485893 -0.160366 -0.859180 -3.362800 0.067416 0.986971 -0.146092 78.092178 0.871415 0.013063 0.490373 6.363474 0.000000 0.000000 0.000000 1.000000
0.489833 -0.158178 -0.857347 -3.465374 0.064309 0.987280 -0.145408 77.784416 0.869441 0.016091 0.493774 5.612151 0.000000 0.000000 0.000000 1.000000
0.495403 -0.163665 -0.853106 -3.580216 0.066391 0.986352 -0.150674 77.476639 0.866122 0.018006 0.499508 4.795334 0.000000 0.000000 0.000000 1.000000
0.497856 -0.166708 -0.851086 -3.690278 0.067956 0.985833 -0.153350 77.144646 0.864593 0.018510 0.502131 4.444299 0.000000 0.000000 0.000000 1.000000</float_array>
        <technique_common>
          <accessor source="#mixamorig_Hips-Matrix-animation-output-transform-array" count="72" stride="16">
            <param type="float4x4"/>
          </accessor>
        </technique_common>
      </source>
      <source id="mixamorig_Hips-Interpolations">
        <Name_array id="mixamorig_Hips-Interpolations-array" count="72">
 LINEAR LINEAR LINEAR LINEAR LINEAR LINEAR LINEAR LINEAR LINEAR LINEAR LINEAR
LINEAR LINEAR LINEAR LINEAR LINEAR LINEAR LINEAR LINEAR LINEAR LINEAR LINEAR LINEAR
LINEAR LINEAR LINEAR LINEAR LINEAR LINEAR LINEAR LINEAR LINEAR LINEAR LINEAR LINEAR
LINEAR LINEAR LINEAR LINEAR LINEAR LINEAR LINEAR LINEAR LINEAR LINEAR LINEAR LINEAR
LINEAR LINEAR LINEAR LINEAR LINEAR LINEAR LINEAR LINEAR LINEAR LINEAR LINEAR LINEAR
LINEAR LINEAR LINEAR LINEAR LINEAR LINEAR LINEAR LINEAR LINEAR LINEAR LINEAR LINEAR
LINEAR</Name_array>
        <technique_common>
          <accessor source="#mixamorig_Hips-Interpolations-array" count="72">
            <param type="name"/>
          </accessor>
        </technique_common>
      </source>
      <sampler id="mixamorig_Hips-Matrix-animation-transform">
        <input semantic="INPUT" source="#mixamorig_Hips-Matrix-animation-input"/>
        <input semantic="OUTPUT" source="#mixamorig_Hips-Matrix-animation-output-transform"/>
        <input semantic="INTERPOLATION" source="#mixamorig_Hips-Interpolations"/>
      </sampler>
      <channel source="#mixamorig_Hips-Matrix-animation-transform" target="mixamorig_Hips/matrix"/>
    </animation>
    <animation id="mixamorig_Spine-anim" name="mixamorig_Spine">
      <source id="mixamorig_Spine-Matrix-animation-input">
        <float_array id="mixamorig_Spine-Matrix-animation-input-array" count="72">

0.000000 0.033333 0.066667 0.100000 0.133333 0.166667 0.200000 0.233333 0.266667 0.300000 0.333333 0.366667 0.400000 0.433333 0.466667 0.500000
0.533333 0.566667 0.600000 0.633333 0.666667 0.700000 0.733333 0.766667 0.800000 0.833333 0.866667 0.900000 0.933333 0.966667 1.000000 1.033333
1.066667 1.100000 1.133333 1.166667 1.200000 1.233333 1.266667 1.300000 1.333333 1.366667 1.400000 1.433333 1.466667 1.500000 1.533333 1.566667
1.600000 1.633333 1.666667 1.700000 1.733333 1.766667 1.800000 1.833333 1.866667 1.900000 1.933333 1.966667 2.000000 2.033333 2.066667 2.100000
2.133333 2.166667 2.200000 2.233333 2.266667 2.300000 2.333333 2.366667</float_array>
        <technique_common>
          <accessor source="#mixamorig_Spine-Matrix-animation-input-array" count="72">
            <param name="TIME" type="float"/>
          </accessor>
        </technique_common>
      </source>
      <source id="mixamorig_Spine-Matrix-animation-output-transform">
        <float_array id="mixamorig_Spine-Matrix-animation-output-transform-array" count="1152">

0.999797 0.019857 -0.003416 -0.000000 -0.019558 0.997198 0.072206 10.528800 0.004841 -0.072125 0.997384 -0.610600 0.000000 0.000000 0.000000 1.000000
0.999734 0.022905 -0.002872 0.000000 -0.022617 0.996786 0.076852 10.528800 0.004623 -0.076766 0.997038 -0.610600 0.000000 0.000000 0.000000 1.000000
0.999715 0.023654 -0.003201 -0.000000 -0.023340 0.996799 0.076469 10.528800 0.005000 -0.076373 0.997067 -0.610600 0.000000 0.000000 0.000000 1.000000
0.999747 0.022025 -0.004500 0.000000 -0.021643 0.997157 0.072172 10.528800 0.006077 -0.072056 0.997382 -0.610600 0.000000 0.000000 0.000000 1.000000
0.999813 0.018223 -0.006481 0.000000 -0.017769 0.997775 0.064253 10.528800 0.007637 -0.064125 0.997913 -0.610600 0.000000 0.000000 0.000000 1.000000
0.999854 0.015072 -0.008075 0.000000 -0.014588 0.998271 0.056932 10.528800 0.008919 -0.056806 0.998345 -0.610600 0.000000 0.000000 0.000000 1.000000
0.999871 0.013353 -0.008927 0.000000 -0.012880 0.998608 0.051155 10.528800 0.009597 -0.051033 0.998651 -0.610600 0.000000 0.000000 0.000000 1.000000
0.999894 0.010451 -0.010177 0.000000 -0.009998 0.999003 0.043510 10.528800 0.010621 -0.043404 0.999001 -0.610600 0.000000 0.000000 0.000000 1.000000
0.999894 0.009184 -0.011258 0.000000 -0.008728 0.999165 0.039913 10.528800 0.011615 -0.039811 0.999140 -0.610600 0.000000 0.000000 0.000000 1.000000
0.999897 0.007218 -0.012411 0.000000 -0.006750 0.999280 0.037346 10.528800 0.012672 -0.037258 0.999225 -0.610600 0.000000 0.000000 0.000000 1.000000
0.999890 0.006540 -0.013330 -0.000000 -0.006033 0.999269 0.037747 10.528800 0.013567 -0.037663 0.999198 -0.610600 0.000000 0.000000 0.000000 1.000000
0.999872 0.007120 -0.014333 0.000000 -0.006547 0.999193 0.039623 10.528800 0.014603 -0.039524 0.999112 -0.610600 0.000000 0.000000 0.000000 1.000000
0.999855 0.006750 -0.015633 0.000000 -0.006114 0.999165 0.040392 10.528800 0.015892 -0.040290 0.999062 -0.610600 0.000000 0.000000 0.000000 1.000000
0.999846 0.006789 -0.016183 0.000000 -0.006093 0.999070 0.042677 10.528800 0.016457 -0.042571 0.998958 -0.610600 0.000000 0.000000 0.000000 1.000000
0.999846 0.005928 -0.016516 0.000000 -0.005185 0.998988 0.044683 10.528800 0.016764 -0.044591 0.998865 -0.610600 0.000000 0.000000 0.000000 1.000000
0.999846 0.003843 -0.017138 0.000000 -0.003082 0.999018 0.044193 10.528800 0.017291 -0.044133 0.998876 -0.610600 0.000000 0.000000 0.000000 1.000000
0.999843 0.003186 -0.017434 0.000000 -0.002398 0.998981 0.045073 10.528800 0.017560 -0.045024 0.998832 -0.610600 0.000000 0.000000 0.000000 1.000000
0.999841 0.003912 -0.017410 0.000000 -0.003091 0.998893 0.046941 10.528800 0.017575 -0.046879 0.998746 -0.610600 0.000000 0.000000 0.000000 1.000000
0.999841 0.005454 -0.016960 0.000000 -0.004608 0.998763 0.049506 10.528800 0.017209 -0.049420 0.998630 -0.610600 0.000000 0.000000 0.000000 1.000000
0.999850 0.005367 -0.016466 0.000000 -0.004569 0.998831 0.048121 10.528800 0.016705 -0.048038 0.998706 -0.610600 0.000000 0.000000 0.000000 1.000000
0.999865 0.006222 -0.015219 0.000000 -0.005470 0.998787 0.048926 10.528800 0.015505 -0.048836 0.998686 -0.610600 0.000000 0.000000 0.000000 1.000000
0.999876 0.008637 -0.013165 -0.000000 -0.007949 0.998644 0.051456 10.528800 0.013591 -0.051345 0.998588 -0.610600 0.000000 0.000000 0.000000 1.000000
0.999885 0.010408 -0.011049 0.000000 -0.009846 0.998714 0.049733 10.528800 0.011553 -0.049619 0.998701 -0.610600 0.000000 0.000000 0.000000 1.000000
0.999868 0.013842 -0.008458 0.000000 -0.013400 0.998645 0.050280 10.528800 0.009143 -0.050160 0.998699 -0.610600 0.000000 0.000000 0.000000 1.000000
0.999821 0.017899 -0.006120 0.000000 -0.017550 0.998444 0.052926 10.528800 0.007057 -0.052809 0.998580 -0.610600 0.000000 0.000000 0.000000 1.000000
0.999757 0.021560 -0.004572 0.000000 -0.021270 0.998191 0.056227 10.528800 0.005776 -0.056116 0.998408 -0.610600 0.000000 0.000000 0.000000 1.000000
0.999680 0.025034 -0.003538 0.000000 -0.024777 0.997902 0.059821 10.528800 0.005028 -0.059715 0.998203 -0.610600 0.000000 0.000000 0.000000 1.000000
0.999602 0.028052 -0.002863 0.000000 -0.027822 0.997708 0.061685 10.528800 0.004587 -0.061581 0.998092 -0.610600 0.000000 0.000000 0.000000 1.000000
0.999529 0.030585 -0.002362 -0.000000 -0.030375 0.997545 0.063097 10.528800 0.004286 -0.062995 0.998005 -0.610600 0.000000 0.000000 0.000000 1.000000
0.999447 0.033192 -0.002000 0.000000 -0.032994 0.997378 0.064407 10.528800 0.004133 -0.064305 0.997922 -0.610600 0.000000 0.000000 0.000000 1.000000
0.999371 0.035397 -0.002079 -0.000000 -0.035189 0.997288 0.064635 10.528800 0.004361 -0.064521 0.997907 -0.610600 0.000000 0.000000 0.000000 1.000000
0.999286 0.037700 -0.002460 0.000000 -0.037473 0.997351 0.062345 10.528800 0.004804 -0.062208 0.998052 -0.610600 0.000000 0.000000 0.000000 1.000000
0.999154 0.041047 -0.002596 0.000000 -0.040816 0.997344 0.060321 10.528800 0.005065 -0.060164 0.998176 -0.610600 0.000000 0.000000 0.000000 1.000000
0.999101 0.042261 -0.003204 0.000000 -0.042010 0.997482 0.057131 10.528800 0.005610 -0.056946 0.998362 -0.610600 0.000000 0.000000 0.000000 1.000000
0.999107 0.042073 -0.003896 0.000000 -0.041795 0.997610 0.055029 10.528800 0.006202 -0.054817 0.998477 -0.610600 0.000000 0.000000 0.000000 1.000000
0.999152 0.040910 -0.004581 0.000000 -0.040604 0.997715 0.054006 10.528800 0.006780 -0.053774 0.998530 -0.610600 0.000000 0.000000 0.000000 1.000000
0.999203 0.039545 -0.005343 0.000000 -0.039201 0.997778 0.053867 10.528800 0.007462 -0.053614 0.998534 -0.610600 0.000000 0.000000 0.000000 1.000000
0.999199 0.039562 -0.005986 0.000000 -0.039162 0.997635 0.056493 10.528800 0.008207 -0.056214 0.998385 -0.610600 0.000000 0.000000 0.000000 1.000000
0.999223 0.038749 -0.007259 0.000000 -0.038271 0.997622 0.057314 10.528800 0.009463 -0.056992 0.998330 -0.610600 0.000000 0.000000 0.000000 1.000000
0.999265 0.037461 -0.008188 0.000000 -0.036926 0.997642 0.057848 10.528800 0.010336 -0.057503 0.998292 -0.610600 0.000000 0.000000 0.000000 1.000000
0.999327 0.035875 -0.007714 0.000000 -0.035341 0.997526 0.060769 10.528800 0.009875 -0.060455 0.998122 -0.610600 0.000000 0.000000 0.000000 1.000000
0.999459 0.032139 -0.006923 -0.000000 -0.031656 0.997622 0.061225 10.528800 0.008875 -0.060973 0.998100 -0.610600 0.000000 0.000000 0.000000 1.000000
0.999592 0.027908 -0.006048 0.000000 -0.027486 0.997748 0.061189 10.528800 0.007742 -0.060998 0.998108 -0.610600 0.000000 0.000000 0.000000 1.000000
0.999700 0.023909 -0.005374 -0.000000 -0.023538 0.997863 0.060960 10.528800 0.006820 -0.060816 0.998126 -0.610600 0.000000 0.000000 0.000000 1.000000
0.999777 0.020577 -0.004665 0.000000 -0.020252 0.997898 0.061564 10.528800 0.005922 -0.061456 0.998092 -0.610600 0.000000 0.000000 0.000000 1.000000
0.999838 0.017484 -0.004160 0.000000 -0.017194 0.997944 0.061748 10.528800 0.005231 -0.061666 0.998083 -0.610600 0.000000 0.000000 0.000000 1.000000
0.999877 0.015169 -0.003950 0.000000 -0.014893 0.997939 0.062414 10.528800 0.004888 -0.062348 0.998043 -0.610600 0.000000 0.000000 0.000000 1.000000
0.999905 0.013064 -0.004405 0.000000 -0.012765 0.997980 0.062237 10.528800 0.005209 -0.062175 0.998052 -0.610600 0.000000 0.000000 0.000000 1.000000
0.999918 0.011660 -0.005274 -0.000000 -0.011310 0.998013 0.061985 10.528800 0.005986 -0.061921 0.998063 -0.610600 0.000000 0.000000 0.000000 1.000000
0.999913 0.011676 -0.006189 -0.000000 -0.011267 0.997985 0.062447 10.528800 0.006905 -0.062372 0.998029 -0.610600 0.000000 0.000000 0.000000 1.000000
0.999895 0.012484 -0.007351 0.000000 -0.012009 0.998038 0.061454 10.528800 0.008104 -0.061359 0.998083 -0.610600 0.000000 0.000000 0.000000 1.000000
0.999862 0.014222 -0.008551 0.000000 -0.013682 0.998093 0.060185 10.528800 0.009390 -0.060059 0.998151 -0.610600 0.000000 0.000000 0.000000 1.000000
0.999806 0.017369 -0.009322 0.000000 -0.016767 0.997986 0.061184 10.528800 0.010366 -0.061015 0.998083 -0.610600 0.000000 0.000000 0.000000 1.000000
0.999769 0.018802 -0.010373 0.000000 -0.018161 0.998105 0.058789 10.528800 0.011459 -0.058587 0.998217 -0.610600 0.000000 0.000000 0.000000 1.000000
0.999727 0.020621 -0.010941 0.000000 -0.019966 0.998177 0.056961 10.528800 0.012095 -0.056727 0.998316 -0.610600 0.000000 0.000000 0.000000 1.000000
0.999683 0.022667 -0.010986 -0.000000 -0.022014 0.998172 0.056288 10.528800 0.012242 -0.056028 0.998354 -0.610600 0.000000 0.000000 0.000000 1.000000
0.999667 0.023534 -0.010603 -0.000000 -0.022890 0.998097 0.057253 10.528800 0.011931 -0.056991 0.998303 -0.610600 0.000000 0.000000 0.000000 1.000000
0.999622 0.026269 -0.008055 -0.000000 -0.025672 0.997428 0.066915 10.528800 0.009792 -0.066683 0.997726 -0.610600 0.000000 0.000000 0.000000 1.000000
0.999629 0.026835 -0.004764 -0.000000 -0.026420 0.997020 0.072472 10.528800 0.006695 -0.072319 0.997359 -0.610600 0.000000 0.000000 0.000000 1.000000
0.999625 0.027367 -0.001086 0.000000 -0.027206 0.996745 0.075886 10.528800 0.003160 -0.075828 0.997116 -0.610600 0.000000 0.000000 0.000000 1.000000
0.999670 0.025671 0.001219 0.000000 -0.025690 0.996823 0.075392 10.528800 0.000720 -0.075398 0.997153 -0.610600 0.000000 0.000000 0.000000 1.000000
0.999752 0.022189 0.001657 0.000000 -0.022251 0.997149 0.072102 10.528800 -0.000052 -0.072121 0.997396 -0.610600 0.000000 0.000000 0.000000 1.000000
0.999818 0.019050 0.001164 0.000000 -0.019085 0.997426 0.069114 10.528800 0.000155 -0.069124 0.997608 -0.610600 0.000000 0.000000 0.000000 1.000000
0.999864 0.016514 0.000335 0.000000 -0.016500 0.997660 0.066355 10.528800 0.000762 -0.066352 0.997796 -0.610600 0.000000 0.000000 0.000000 1.000000
0.999917 0.012880 -0.000997 0.000000 -0.012796 0.998070 0.060758 10.528800 0.001778 -0.060740 0.998152 -0.610600 0.000000 0.000000 0.000000 1.000000
0.999916 0.012891 -0.001380 0.000000 -0.012780 0.997994 0.061999 10.528800 0.002177 -0.061976 0.998075 -0.610600 0.000000 0.000000 0.000000 1.000000
0.999901 0.013932 -0.001706 0.000000 -0.013793 0.997833 0.064337 10.528800 0.002599 -0.064307 0.997927 -0.610600 0.000000 0.000000 0.000000 1.000000
0.999894 0.014334 -0.002422 -0.000000 -0.014147 0.997811 0.064599 10.528800 0.003343 -0.064558 0.997908 -0.610600 0.000000 0.000000 0.000000 1.000000
0.999882 0.015073 -0.003087 0.000000 -0.014841 0.997768 0.065111 10.528800 0.004061 -0.065058 0.997873 -0.610600 0.000000 0.000000 0.000000 1.000000
0.999881 0.014940 -0.003954 0.000000 -0.014656 0.997837 0.064089 10.528800 0.004903 -0.064024 0.997936 -0.610600 0.000000 0.000000 0.000000 1.000000
0.999828 0.018181 -0.003629 0.000000 -0.017883 0.997393 0.069908 10.528800 0.004891 -0.069831 0.997547 -0.610600 0.000000 0.000000 0.000000 1.000000
0.999797 0.019871 -0.003415 0.000000 -0.019572 0.997196 0.072227 10.528800 0.004841 -0.072146 0.997382 -0.610600 0.000000 0.000000 0.000000 1.000000</float_array>
        <technique_common>
          <accessor source="#mixamorig_Spine-Matrix-animation-output-transform-array" count="72" stride="16">
            <param type="float4x4"/>
          </accessor>
        </technique_common>
      </source>
      <source id="mixamorig_Spine-Interpolations">
        <Name_array id="mixamorig_Spine-Interpolations-array" count="72">
 LINEAR LINEAR LINEAR LINEAR LINEAR LINEAR LINEAR LINEAR LINEAR LINEAR LINEAR
LINEAR LINEAR LINEAR LINEAR LINEAR LINEAR LINEAR LINEAR LINEAR LINEAR LINEAR LINEAR
LINEAR LINEAR LINEAR LINEAR LINEAR LINEAR LINEAR LINEAR LINEAR LINEAR LINEAR LINEAR
LINEAR LINEAR LINEAR LINEAR LINEAR LINEAR LINEAR LINEAR LINEAR LINEAR LINEAR LINEAR
LINEAR LINEAR LINEAR LINEAR LINEAR LINEAR LINEAR LINEAR LINEAR LINEAR LINEAR LINEAR
LINEAR LINEAR LINEAR LINEAR LINEAR LINEAR LINEAR LINEAR LINEAR LINEAR LINEAR LINEAR
LINEAR</Name_array>
        <technique_common>
          <accessor source="#mixamorig_Spine-Interpolations-array" count="72">
            <param type="name"/>
          </accessor>
        </technique_common>
      </source>
      <sampler id="mixamorig_Spine-Matrix-animation-transform">
        <input semantic="INPUT" source="#mixamorig_Spine-Matrix-animation-input"/>
        <input semantic="OUTPUT" source="#mixamorig_Spine-Matrix-animation-output-transform"/>
        <input semantic="INTERPOLATION" source="#mixamorig_Spine-Interpolations"/>
      </sampler>
      <channel source="#mixamorig_Spine-Matrix-animation-transform" target="mixamorig_Spine/matrix"/>
    </animation>
    <animation id="mixamorig_Spine1-anim" name="mixamorig_Spine1">
      <source id="mixamorig_Spine1-Matrix-animation-input">
        <float_array id="mixamorig_Spine1-Matrix-animation-input-array" count="72">

0.000000 0.033333 0.066667 0.100000 0.133333 0.166667 0.200000 0.233333 0.266667 0.300000 0.333333 0.366667 0.400000 0.433333 0.466667 0.500000
0.533333 0.566667 0.600000 0.633333 0.666667 0.700000 0.733333 0.766667 0.800000 0.833333 0.866667 0.900000 0.933333 0.966667 1.000000 1.033333
1.066667 1.100000 1.133333 1.166667 1.200000 1.233333 1.266667 1.300000 1.333333 1.366667 1.400000 1.433333 1.466667 1.500000 1.533333 1.566667
1.600000 1.633333 1.666667 1.700000 1.733333 1.766667 1.800000 1.833333 1.866667 1.900000 1.933333 1.966667 2.000000 2.033333 2.066667 2.100000
2.133333 2.166667 2.200000 2.233333 2.266667 2.300000 2.333333 2.366667</float_array>
        <technique_common>
          <accessor source="#mixamorig_Spine1-Matrix-animation-input-array" count="72">
            <param name="TIME" type="float"/>
          </accessor>
        </technique_common>
      </source>
      <source id="mixamorig_Spine1-Matrix-animation-output-transform">
        <float_array id="mixamorig_Spine1-Matrix-animation-output-transform-array" count="1152">

0.999848 0.015823 0.007285 0.000000 -0.015405 0.998412 -0.054194 11.377000 -0.008131 0.054074 0.998504 -0.000000 0.000000 0.000000 0.000000 1.000000
0.999802 0.019127 0.005571 0.000000 -0.018797 0.998352 -0.054218 11.377000 -0.006598 0.054102 0.998514 0.000000 0.000000 0.000000 0.000000 1.000000
0.999783 0.020553 0.003344 0.000000 -0.020327 0.998142 -0.057440 11.377000 -0.004518 0.057359 0.998343 -0.000000 0.000000 0.000000 0.000000 1.000000
0.999802 0.019912 0.000621 -0.000000 -0.019833 0.997820 -0.062941 11.377000 -0.001873 0.062916 0.998017 0.000000 0.000000 0.000000 0.000000 1.000000
0.999845 0.017447 -0.002358 0.000000 -0.017570 0.997369 -0.070334 11.377000 0.001125 0.070364 0.997521 0.000000 0.000000 0.000000 0.000000 1.000000
0.999875 0.015045 -0.004951 0.000000 -0.015381 0.996922 -0.076870 11.377000 0.003779 0.076937 0.997029 0.000000 0.000000 0.000000 0.000000 1.000000
0.999884 0.013707 -0.006704 0.000000 -0.014211 0.996536 -0.081934 11.377000 0.005557 0.082020 0.996615 0.000000 0.000000 0.000000 0.000000 1.000000
0.999887 0.012315 -0.008643 -0.000000 -0.013026 0.996059 -0.087726 11.377000 0.007529 0.087829 0.996107 0.000000 0.000000 0.000000 0.000000 1.000000
0.999858 0.012561 -0.011270 -0.000000 -0.013532 0.995789 -0.090674 11.377000 0.010084 0.090813 0.995817 0.000000 0.000000 0.000000 0.000000 1.000000
0.999822 0.012643 -0.013995 0.000000 -0.013877 0.995669 -0.091926 11.377000 0.012772 0.092104 0.995668 0.000000 0.000000 0.000000 0.000000 1.000000
0.999777 0.012912 -0.016733 0.000000 -0.014377 0.995784 -0.090599 11.377000 0.015493 0.090820 0.995747 0.000000 0.000000 0.000000 0.000000 1.000000
0.999723 0.013085 -0.019580 0.000000 -0.014765 0.995986 -0.088284 11.377000 0.018347 0.088548 0.995903 0.000000 0.000000 0.000000 0.000000 1.000000
0.999696 0.011358 -0.021906 0.000000 -0.013224 0.996120 -0.087001 11.377000 0.020833 0.087264 0.995967 0.000000 0.000000 0.000000 0.000000 1.000000
0.999703 0.008390 -0.022902 0.000000 -0.010323 0.996271 -0.085660 11.377000 0.022097 0.085871 0.996061 -0.000000 0.000000 0.000000 0.000000 1.000000
0.999720 0.004205 -0.023292 0.000000 -0.006195 0.996271 -0.086051 11.377000 0.022844 0.086171 0.996018 0.000000 0.000000 0.000000 0.000000 1.000000
0.999714 -0.000306 -0.023900 0.000000 -0.001832 0.995995 -0.089388 11.377000 0.023832 0.089406 0.995710 0.000000 0.000000 0.000000 0.000000 1.000000
0.999699 -0.003168 -0.024317 0.000000 0.000918 0.995759 -0.091991 11.377000 0.024505 0.091941 0.995463 -0.000000 0.000000 0.000000 0.000000 1.000000
0.999697 -0.004817 -0.024120 0.000000 0.002551 0.995652 -0.093118 11.377000 0.024464 0.093029 0.995363 -0.000000 0.000000 0.000000 0.000000 1.000000
0.999714 -0.006201 -0.023090 -0.000000 0.004026 0.995652 -0.093059 11.377000 0.023566 0.092940 0.995393 0.000000 0.000000 0.000000 0.000000 1.000000
0.999731 -0.009100 -0.021333 -0.000000 0.007032 0.995446 -0.095070 11.377000 0.022101 0.094894 0.995242 -0.000000 0.000000 0.000000 0.000000 1.000000
0.999763 -0.011408 -0.018550 0.000000 0.009593 0.995415 -0.095169 11.377000 0.019550 0.094968 0.995288 0.000000 0.000000 0.000000 0.000000 1.000000
0.999823 -0.011859 -0.014576 0.000000 0.010442 0.995543 -0.093726 11.377000 0.015623 0.093557 0.995491 -0.000000 0.000000 0.000000 0.000000 1.000000
0.999888 -0.011421 -0.009672 -0.000000 0.010454 0.995451 -0.094702 11.377000 0.010709 0.094591 0.995459 0.000000 0.000000 0.000000 0.000000 1.000000
0.999949 -0.009157 -0.004289 -0.000000 0.008715 0.995572 -0.093598 11.377000 0.005127 0.093556 0.995601 0.000000 0.000000 0.000000 0.000000 1.000000
0.999977 -0.006719 0.000314 0.000000 0.006720 0.995919 -0.090006 11.377000 0.000292 0.090006 0.995941 0.000000 0.000000 0.000000 0.000000 1.000000
0.999982 -0.004972 0.003435 0.000000 0.005246 0.996361 -0.085070 11.377000 -0.002999 0.085087 0.996369 0.000000 0.000000 0.000000 0.000000 1.000000
0.999980 -0.003016 0.005561 0.000000 0.003450 0.996808 -0.079764 11.377000 -0.005302 0.079782 0.996798 -0.000000 0.000000 0.000000 0.000000 1.000000
0.999973 -0.000455 0.007288 0.000000 0.001006 0.997125 -0.075773 11.377000 -0.007232 0.075778 0.997098 0.000000 0.000000 0.000000 0.000000 1.000000
0.999958 0.002695 0.008741 -0.000000 -0.002057 0.997388 -0.072199 11.377000 -0.008913 0.072178 0.997352 -0.000000 0.000000 0.000000 0.000000 1.000000
0.999932 0.006268 0.009834 0.000000 -0.005576 0.997612 -0.068849 11.377000 -0.010242 0.068789 0.997579 -0.000000 0.000000 0.000000 0.000000 1.000000
0.999895 0.009745 0.010689 0.000000 -0.009008 0.997716 -0.066942 11.377000 -0.011317 0.066839 0.997700 -0.000000 0.000000 0.000000 0.000000 1.000000
0.999839 0.013643 0.011692 0.000000 -0.012816 0.997597 -0.068083 11.377000 -0.012593 0.067922 0.997611 0.000000 0.000000 0.000000 0.000000 1.000000
0.999742 0.018818 0.012719 0.000000 -0.017875 0.997346 -0.070573 11.377000 -0.014013 0.070328 0.997425 0.000000 0.000000 0.000000 0.000000 1.000000
0.999657 0.022939 0.012675 0.000000 -0.021934 0.996983 -0.074453 11.377000 -0.014345 0.074149 0.997144 0.000000 0.000000 0.000000 0.000000 1.000000
0.999598 0.025911 0.011542 0.000000 -0.024946 0.996710 -0.077110 11.377000 -0.013502 0.076791 0.996956 0.000000 0.000000 0.000000 0.000000 1.000000
0.999563 0.027881 0.009863 -0.000000 -0.027028 0.996586 -0.078010 11.377000 -0.012004 0.077709 0.996904 -0.000000 0.000000 0.000000 0.000000 1.000000
0.999539 0.029353 0.007783 -0.000000 -0.028662 0.996577 -0.077540 11.377000 -0.010032 0.077281 0.996959 -0.000000 0.000000 0.000000 0.000000 1.000000
0.999497 0.031310 0.005118 -0.000000 -0.030840 0.996717 -0.074862 11.377000 -0.007446 0.074667 0.997181 -0.000000 0.000000 0.000000 0.000000 1.000000
0.999475 0.032362 0.001838 0.000000 -0.032142 0.996813 -0.073015 11.377000 -0.004195 0.072917 0.997329 0.000000 0.000000 0.000000 0.000000 1.000000
0.999465 0.032704 -0.000908 0.000000 -0.032685 0.996920 -0.071296 11.377000 -0.001426 0.071288 0.997455 0.000000 0.000000 0.000000 0.000000 1.000000
0.999455 0.032926 -0.002279 0.000000 -0.033005 0.997114 -0.068367 11.377000 0.000022 0.068405 0.997658 0.000000 0.000000 0.000000 0.000000 1.000000
0.999478 0.032185 -0.002835 -0.000000 -0.032303 0.997199 -0.067452 11.377000 0.000656 0.067508 0.997719 0.000000 0.000000 0.000000 0.000000 1.000000
0.999497 0.031569 -0.003088 0.000000 -0.031705 0.997240 -0.067136 11.377000 0.000960 0.067201 0.997739 -0.000000 0.000000 0.000000 0.000000 1.000000
0.999518 0.030876 -0.003336 0.000000 -0.031030 0.997281 -0.066838 11.377000 0.001263 0.066910 0.997758 -0.000000 0.000000 0.000000 0.000000 1.000000
0.999553 0.029710 -0.003313 0.000000 -0.029864 0.997392 -0.065712 11.377000 0.001352 0.065781 0.997833 -0.000000 0.000000 0.000000 0.000000 1.000000
0.999617 0.027491 -0.003097 -0.000000 -0.027633 0.997525 -0.064650 11.377000 0.001312 0.064710 0.997903 -0.000000 0.000000 0.000000 0.000000 1.000000
0.999690 0.024685 -0.003133 0.000000 -0.024834 0.997685 -0.063302 11.377000 0.001563 0.063360 0.997990 0.000000 0.000000 0.000000 0.000000 1.000000
0.999773 0.020948 -0.003880 0.000000 -0.021150 0.997802 -0.062807 11.377000 0.002556 0.062875 0.998018 -0.000000 0.000000 0.000000 0.000000 1.000000
0.999849 0.016647 -0.005062 -0.000000 -0.016933 0.997870 -0.062995 11.377000 0.004002 0.063071 0.998001 -0.000000 0.000000 0.000000 0.000000 1.000000
0.999899 0.012792 -0.006223 0.000000 -0.013161 0.997905 -0.063342 11.377000 0.005400 0.063418 0.997972 -0.000000 0.000000 0.000000 0.000000 1.000000
0.999924 0.010009 -0.007197 0.000000 -0.010454 0.997852 -0.064666 11.377000 0.006534 0.064737 0.997881 0.000000 0.000000 0.000000 0.000000 1.000000
0.999930 0.008938 -0.007798 -0.000000 -0.009432 0.997788 -0.065808 11.377000 0.007192 0.065877 0.997802 0.000000 0.000000 0.000000 0.000000 1.000000
0.999928 0.008983 -0.007984 0.000000 -0.009490 0.997784 -0.065852 11.377000 0.007375 0.065923 0.997797 -0.000000 0.000000 0.000000 0.000000 1.000000
0.999943 0.006991 -0.008117 -0.000000 -0.007539 0.997552 -0.069525 11.377000 0.007611 0.069582 0.997547 0.000000 0.000000 0.000000 0.000000 1.000000
0.999959 0.004776 -0.007690 0.000000 -0.005331 0.997259 -0.073793 11.377000 0.007317 0.073831 0.997244 0.000000 0.000000 0.000000 0.000000 1.000000
0.999969 0.004313 -0.006546 0.000000 -0.004794 0.997148 -0.075323 11.377000 0.006202 0.075352 0.997138 -0.000000 0.000000 0.000000 0.000000 1.000000
0.999971 0.006115 -0.004535 0.000000 -0.006423 0.997444 -0.071157 11.377000 0.004089 0.071184 0.997455 -0.000000 0.000000 0.000000 0.000000 1.000000
0.999938 0.011138 -0.000437 -0.000000 -0.011144 0.998232 -0.058386 11.377000 -0.000214 0.058387 0.998294 0.000000 0.000000 0.000000 0.000000 1.000000
0.999885 0.014136 0.005419 0.000000 -0.013848 0.998660 -0.049863 11.377000 -0.006117 0.049782 0.998741 0.000000 0.000000 0.000000 0.000000 1.000000
0.999830 0.014326 0.011650 -0.000000 -0.013766 0.998809 -0.046809 11.377000 -0.012307 0.046640 0.998836 -0.000000 0.000000 0.000000 0.000000 1.000000
0.999814 0.010908 0.015899 0.000000 -0.010129 0.998782 -0.048287 11.377000 -0.016407 0.048117 0.998707 0.000000 0.000000 0.000000 0.000000 1.000000
0.999829 0.005910 0.017512 0.000000 -0.005012 0.998692 -0.050878 11.377000 -0.017790 0.050782 0.998551 0.000000 0.000000 0.000000 0.000000 1.000000
0.999844 0.002226 0.017511 0.000000 -0.001308 0.998634 -0.052243 11.377000 -0.017604 0.052212 0.998481 0.000000 0.000000 0.000000 0.000000 1.000000
0.999858 0.000568 0.016870 -0.000000 0.000331 0.998582 -0.053237 11.377000 -0.016876 0.053235 0.998439 -0.000000 0.000000 0.000000 0.000000 1.000000
0.999874 -0.000077 0.015897 0.000000 0.000966 0.998433 -0.055949 11.377000 -0.015868 0.055958 0.998307 -0.000000 0.000000 0.000000 0.000000 1.000000
0.999879 0.002706 0.015287 -0.000000 -0.001875 0.998535 -0.054086 11.377000 -0.015411 0.054051 0.998419 0.000000 0.000000 0.000000 0.000000 1.000000
0.999877 0.005904 0.014517 -0.000000 -0.005148 0.998655 -0.051596 11.377000 -0.014802 0.051515 0.998563 0.000000 0.000000 0.000000 0.000000 1.000000
0.999881 0.007883 0.013238 0.000000 -0.007193 0.998655 -0.051354 11.377000 -0.013625 0.051253 0.998593 -0.000000 0.000000 0.000000 0.000000 1.000000
0.999887 0.009545 0.011628 0.000000 -0.008924 0.998592 -0.052299 11.377000 -0.012111 0.052189 0.998564 0.000000 0.000000 0.000000 0.000000 1.000000
0.999897 0.010591 0.009684 0.000000 -0.010041 0.998427 -0.055155 11.377000 -0.010252 0.055052 0.998431 -0.000000 0.000000 0.000000 0.000000 1.000000
0.999870 0.014006 0.008000 0.000000 -0.013551 0.998432 -0.054312 11.377000 -0.008748 0.054196 0.998492 0.000000 0.000000 0.000000 0.000000 1.000000
0.999850 0.015741 0.007267 0.000000 -0.015325 0.998414 -0.054181 11.377000 -0.008109 0.054061 0.998505 0.000000 0.000000 0.000000 0.000000 1.000000</float_array>
        <technique_common>
          <accessor source="#mixamorig_Spine1-Matrix-animation-output-transform-array" count="72" stride="16">
            <param type="float4x4"/>
          </accessor>
        </technique_common>
      </source>
      <source id="mixamorig_Spine1-Interpolations">
        <Name_array id="mixamorig_Spine1-Interpolations-array" count="72">
