<?xml version="1.0" encoding="utf-8"?>
<COLLADA xmlns="http://www.collada.org/2005/11/COLLADASchema" version="1.4.1">
  <asset>
    <contributor>
      <author>Mixamo</author>
      <authoring_tool>COLLADA Mixamo exporter</authoring_tool>
      <comments/>
    </contributor>
    <created>2024-12-20T04:02:40Z</created>
    <modified>2024-12-20T04:02:40Z</modified>
    <revision/>
    <title/>
    <unit meter="0.010000"/>
    <up_axis>Y_UP</up_axis>
  </asset>
  <library_animations>
    <animation id="mixamorig_Hips-anim" name="mixamorig_Hips">
      <source id="mixamorig_Hips-Matrix-animation-input">
        <float_array id="mixamorig_Hips-Matrix-animation-input-array" count="44">

0.000000 0.033333 0.066667 0.100000 0.133333 0.166667 0.200000 0.233333 0.266667 0.300000 0.333333 0.366667 0.400000 0.433333 0.466667 0.500000
0.533333 0.566667 0.600000 0.633333 0.666667 0.700000 0.733333 0.766667 0.800000 0.833333 0.866667 0.900000 0.933333 0.966667 1.000000 1.033333
1.066667 1.100000 1.133333 1.166667 1.200000 1.233333 1.266667 1.300000 1.333333 1.366667 1.400000 1.433333</float_array>
        <technique_common>
          <accessor source="#mixamorig_Hips-Matrix-animation-input-array" count="44">
            <param name="TIME" type="float"/>
          </accessor>
        </technique_common>
      </source>
      <source id="mixamorig_Hips-Matrix-animation-output-transform">
        <float_array id="mixamorig_Hips-Matrix-animation-output-transform-array" count="704">

0.692921 -0.004766 -0.720997 -2.618654 0.066085 0.996189 0.056926 78.352097 0.717978 -0.087092 0.690596 2.394690 0.000000 0.000000 0.000000 1.000000
0.729181 0.006644 -0.684288 -3.379021 0.089166 0.990506 0.104633 78.881569 0.678486 -0.137312 0.721666 2.821035 0.000000 0.000000 0.000000 1.000000
0.802108 0.018470 -0.596893 -5.124348 0.125452 0.972006 0.198660 80.283569 0.583853 -0.234229 0.777337 4.678405 0.000000 0.000000 0.000000 1.000000
0.871514 0.004245 -0.490352 -7.591225 0.173925 0.932277 0.317190 82.640213 0.458491 -0.361720 0.811754 7.692212 0.000000 0.000000 0.000000 1.000000
0.887815 -0.012993 -0.460017 -9.407467 0.217000 0.893315 0.393572 85.031502 0.405827 -0.449243 0.795918 10.148430 0.000000 0.000000 0.000000 1.000000
0.861257 -0.008253 -0.508103 -9.976830 0.253667 0.873368 0.415789 86.182068 0.440330 -0.486990 0.754288 10.751854 0.000000 0.000000 0.000000 1.000000
0.829346 -0.007917 -0.558680 -10.058531 0.291696 0.858955 0.420843 86.013260 0.476549 -0.511989 0.714680 10.184292 0.000000 0.000000 0.000000 1.000000
0.808181 -0.019618 -0.588607 -10.108818 0.328122 0.844953 0.422364 85.334061 0.489059 -0.534481 0.689312 9.645874 0.000000 0.000000 0.000000 1.000000
0.785018 -0.031884 -0.618652 -9.854524 0.359487 0.836763 0.413034 84.100128 0.504495 -0.546637 0.668336 8.880569 0.000000 0.000000 0.000000 1.000000
0.753848 -0.041504 -0.655737 -9.187178 0.388163 0.833362 0.393494 82.694298 0.530135 -0.551167 0.644338 7.880214 0.000000 0.000000 0.000000 1.000000
0.719852 -0.056440 -0.691829 -8.210005 0.413962 0.834953 0.362614 81.369743 0.557179 -0.547419 0.624406 6.827393 0.000000 0.000000 0.000000 1.000000
0.681848 -0.079593 -0.727151 -7.008262 0.435558 0.842808 0.316170 80.158676 0.587684 -0.532296 0.609334 5.764707 0.000000 0.000000 0.000000 1.000000
0.638027 -0.103974 -0.762962 -5.579211 0.450645 0.853852 0.260492 79.016632 0.624372 -0.510026 0.591636 4.689291 0.000000 0.000000 0.000000 1.000000
0.590887 -0.124929 -0.797022 -4.007218 0.457043 0.865944 0.203106 77.999710 0.664803 -0.484286 0.568774 3.599564 0.000000 0.000000 0.000000 1.000000
0.546439 -0.149239 -0.824095 -2.532798 0.452761 0.880449 0.140771 77.210983 0.704565 -0.450041 0.548681 2.479032 0.000000 0.000000 0.000000 1.000000
0.514367 -0.181254 -0.838197 -1.321447 0.436853 0.896465 0.074225 76.680893 0.737961 -0.404347 0.540293 1.313522 0.000000 0.000000 0.000000 1.000000
0.499869 -0.209942 -0.840271 -0.317974 0.411295 0.911344 0.016976 76.345177 0.762212 -0.354085 0.541901 0.085295 0.000000 0.000000 0.000000 1.000000
0.497469 -0.224756 -0.837860 0.577100 0.377720 0.925608 -0.024028 76.093826 0.780930 -0.304523 0.545356 -1.247602 0.000000 0.000000 0.000000 1.000000
0.501781 -0.231422 -0.833462 1.367161 0.335416 0.940213 -0.059127 75.856071 0.797315 -0.249888 0.549404 -2.700586 0.000000 0.000000 0.000000 1.000000
0.512502 -0.239896 -0.824494 2.038620 0.286684 0.952891 -0.099053 75.654938 0.809415 -0.185605 0.557133 -4.189086 0.000000 0.000000 0.000000 1.000000
0.524082 -0.247245 -0.814990 2.589144 0.235961 0.961626 -0.139994 75.549103 0.818328 -0.118937 0.562310 -5.529324 0.000000 0.000000 0.000000 1.000000
0.525893 -0.243617 -0.814916 2.949633 0.183112 0.968065 -0.171232 75.519005 0.830606 -0.059171 0.553708 -6.556416 0.000000 0.000000 0.000000 1.000000
0.515816 -0.228299 -0.825720 3.082725 0.127405 0.973563 -0.189587 75.522804 0.847173 -0.007409 0.531266 -7.226699 0.000000 0.000000 0.000000 1.000000
0.501761 -0.209060 -0.839363 3.114220 0.075125 0.977220 -0.198488 75.588196 0.861738 0.036536 0.506037 -7.534331 0.000000 0.000000 0.000000 1.000000
0.489475 -0.189344 -0.851213 3.131659 0.035257 0.979641 -0.197637 75.844582 0.871304 0.066728 0.486185 -7.508725 0.000000 0.000000 0.000000 1.000000
0.475376 -0.165206 -0.864132 3.045794 0.006658 0.982858 -0.184241 76.240746 0.879757 0.081830 0.468328 -7.195729 0.000000 0.000000 0.000000 1.000000
0.457729 -0.137593 -0.878381 2.742041 -0.015336 0.986584 -0.162534 76.601868 0.888960 0.087868 0.449478 -6.712223 0.000000 0.000000 0.000000 1.000000
0.443510 -0.112916 -0.889128 2.257476 -0.028791 0.989725 -0.140053 76.860840 0.895807 0.087714 0.435702 -6.134088 0.000000 0.000000 0.000000 1.000000
0.442214 -0.091419 -0.892239 1.688112 -0.029863 0.992740 -0.116517 77.096786 0.896412 0.078170 0.436273 -5.418965 0.000000 0.000000 0.000000 1.000000
0.457782 -0.068081 -0.886454 1.050053 -0.020063 0.996019 -0.086857 77.422325 0.888838 0.057547 0.454593 -4.523332 0.000000 0.000000 0.000000 1.000000
0.486767 -0.043579 -0.872444 0.329823 -0.004356 0.998621 -0.052312 77.868103 0.873521 0.029264 0.485906 -3.498075 0.000000 0.000000 0.000000 1.000000
0.520420 -0.022946 -0.853602 -0.425055 0.012722 0.999736 -0.019118 78.371368 0.853816 -0.000910 0.520574 -2.423607 0.000000 0.000000 0.000000 1.000000
0.550033 -0.008235 -0.835102 -1.103251 0.028015 0.999571 0.008595 78.834320 0.834673 -0.028123 0.550028 -1.391446 0.000000 0.000000 0.000000 1.000000
0.572270 0.000039 -0.820065 -1.583275 0.039557 0.998835 0.027652 79.150475 0.819111 -0.048264 0.571602 -0.558111 0.000000 0.000000 0.000000 1.000000
0.590060 0.003489 -0.807352 -1.898683 0.048127 0.998060 0.039487 79.333069 0.805924 -0.062155 0.588748 0.077013 0.000000 0.000000 0.000000 1.000000
0.606386 0.004960 -0.795155 -2.151850 0.055463 0.997281 0.048517 79.462685 0.793234 -0.073522 0.604462 0.635091 0.000000 0.000000 0.000000 1.000000
0.621338 0.005186 -0.783526 -2.354802 0.061622 0.996557 0.055462 79.542450 0.781116 -0.082743 0.618879 1.127540 0.000000 0.000000 0.000000 1.000000
0.634955 0.004453 -0.772536 -2.507390 0.066431 0.995965 0.060340 79.561874 0.769688 -0.089633 0.632097 1.543236 0.000000 0.000000 0.000000 1.000000
0.647785 0.003456 -0.761815 -2.631887 0.070170 0.995468 0.064183 79.535629 0.758585 -0.095034 0.644607 1.904735 0.000000 0.000000 0.000000 1.000000
0.659719 0.002461 -0.751509 -2.722822 0.072355 0.995141 0.066776 79.439140 0.748021 -0.098429 0.656335 2.188401 0.000000 0.000000 0.000000 1.000000
0.669470 0.000797 -0.742839 -2.725974 0.071536 0.995283 0.065538 79.194580 0.739387 -0.097015 0.666255 2.299191 0.000000 0.000000 0.000000 1.000000
0.677571 -0.001369 -0.735456 -2.674129 0.069137 0.995688 0.061843 78.871597 0.732201 -0.092750 0.674744 2.307520 0.000000 0.000000 0.000000 1.000000
0.685540 -0.003167 -0.728029 -2.641560 0.067488 0.995961 0.059216 78.596336 0.724901 -0.089728 0.682985 2.346064 0.000000 0.000000 0.000000 1.000000
0.692921 -0.004766 -0.720997 -2.618654 0.066085 0.996189 0.056926 78.352097 0.717978 -0.087092 0.690596 2.394687 0.000000 0.000000 0.000000 1.000000</float_array>
        <technique_common>
          <accessor source="#mixamorig_Hips-Matrix-animation-output-transform-array" count="44" stride="16">
            <param type="float4x4"/>
          </accessor>
        </technique_common>
      </source>
      <source id="mixamorig_Hips-Interpolations">
        <Name_array id="mixamorig_Hips-Interpolations-array" count="44">
 LINEAR LINEAR LINEAR LINEAR LINEAR LINEAR LINEAR LINEAR LINEAR LINEAR LINEAR
LINEAR LINEAR LINEAR LINEAR LINEAR LINEAR LINEAR LINEAR LINEAR LINEAR LINEAR LINEAR
LINEAR LINEAR LINEAR LINEAR LINEAR LINEAR LINEAR LINEAR LINEAR LINEAR LINEAR LINEAR
LINEAR LINEAR LINEAR LINEAR LINEAR LINEAR LINEAR LINEAR LINEAR</Name_array>
        <technique_common>
          <accessor source="#mixamorig_Hips-Interpolations-array" count="44">
            <param type="name"/>
          </accessor>
        </technique_common>
      </source>
      <sampler id="mixamorig_Hips-Matrix-animation-transform">
        <input semantic="INPUT" source="#mixamorig_Hips-Matrix-animation-input"/>
        <input semantic="OUTPUT" source="#mixamorig_Hips-Matrix-animation-output-transform"/>
        <input semantic="INTERPOLATION" source="#mixamorig_Hips-Interpolations"/>
      </sampler>
      <channel source="#mixamorig_Hips-Matrix-animation-transform" target="mixamorig_Hips/matrix"/>
    </animation>
    <animation id="mixamorig_Spine-anim" name="mixamorig_Spine">
      <source id="mixamorig_Spine-Matrix-animation-input">
        <float_array id="mixamorig_Spine-Matrix-animation-input-array" count="44">

0.000000 0.033333 0.066667 0.100000 0.133333 0.166667 0.200000 0.233333 0.266667 0.300000 0.333333 0.366667 0.400000 0.433333 0.466667 0.500000
0.533333 0.566667 0.600000 0.633333 0.666667 0.700000 0.733333 0.766667 0.800000 0.833333 0.866667 0.900000 0.933333 0.966667 1.000000 1.033333
1.066667 1.100000 1.133333 1.166667 1.200000 1.233333 1.266667 1.300000 1.333333 1.366667 1.400000 1.433333</float_array>
        <technique_common>
          <accessor source="#mixamorig_Spine-Matrix-animation-input-array" count="44">
            <param name="TIME" type="float"/>
          </accessor>
        </technique_common>
      </source>
      <source id="mixamorig_Spine-Matrix-animation-output-transform">
        <float_array id="mixamorig_Spine-Matrix-animation-output-transform-array" count="704">

0.991926 0.015586 0.125855 0.000000 -0.010754 0.999182 -0.038982 10.528800 -0.126359 0.037314 0.991283 -0.610600 0.000000 0.000000 0.000000 1.000000
0.994955 0.008416 0.099970 0.000000 -0.006432 0.999776 -0.020153 10.528800 -0.100117 0.019409 0.994786 -0.610600 0.000000 0.000000 0.000000 1.000000
0.995466 -0.004876 0.094992 -0.000000 0.001587 0.999398 0.034661 10.528800 -0.095104 -0.034353 0.994874 -0.610600 0.000000 0.000000 0.000000 1.000000
0.991871 -0.018861 0.125838 0.000000 0.003576 0.992695 0.120598 10.528800 -0.127194 -0.119168 0.984693 -0.610600 0.000000 0.000000 0.000000 1.000000
0.987521 -0.030615 0.154486 0.000000 0.001203 0.982361 0.186990 10.528800 -0.157486 -0.184471 0.970139 -0.610600 0.000000 0.000000 0.000000 1.000000
0.988059 -0.044163 0.147612 0.000000 0.012129 0.977362 0.211225 10.528800 -0.153599 -0.206913 0.966227 -0.610600 0.000000 0.000000 0.000000 1.000000
0.990529 -0.065098 0.120892 0.000000 0.037409 0.975105 0.218567 10.528800 -0.132110 -0.211974 0.968305 -0.610600 0.000000 0.000000 0.000000 1.000000
0.990771 -0.090889 0.100559 0.000000 0.066368 0.972149 0.224769 10.528800 -0.118187 -0.216021 0.969209 -0.610600 0.000000 0.000000 0.000000 1.000000
0.988404 -0.117286 0.096447 0.000000 0.093767 0.971012 0.219874 10.528800 -0.119439 -0.208280 0.970749 -0.610600 0.000000 0.000000 0.000000 1.000000
0.984976 -0.143115 0.096645 0.000000 0.121753 0.972391 0.199077 10.528800 -0.122468 -0.184319 0.975207 -0.610600 0.000000 0.000000 0.000000 1.000000
0.981510 -0.166821 0.093851 0.000000 0.149249 0.974003 0.170422 10.528800 -0.119841 -0.153264 0.980892 -0.610600 0.000000 0.000000 0.000000 1.000000
0.978239 -0.187143 0.089583 0.000000 0.173518 0.974645 0.141276 10.528800 -0.113751 -0.122657 0.985909 -0.610600 0.000000 0.000000 0.000000 1.000000
0.974990 -0.203528 0.089282 -0.000000 0.193687 0.975126 0.107774 10.528800 -0.108996 -0.087786 0.990158 -0.610600 0.000000 0.000000 0.000000 1.000000
0.972128 -0.214645 0.094310 0.000000 0.208829 0.975596 0.067847 10.528800 -0.106572 -0.046262 0.993228 -0.610600 0.000000 0.000000 0.000000 1.000000
0.970205 -0.220540 0.100316 0.000000 0.218329 0.975329 0.032651 10.528800 -0.105042 -0.009776 0.994420 -0.610600 0.000000 0.000000 0.000000 1.000000
0.969675 -0.222289 0.101576 0.000000 0.222516 0.974885 0.009241 10.528800 -0.101079 0.013642 0.994785 -0.610600 0.000000 0.000000 0.000000 1.000000
0.970954 -0.218780 0.096871 0.000000 0.221080 0.975162 -0.013551 10.528800 -0.091500 0.034573 0.995205 -0.610600 0.000000 0.000000 0.000000 1.000000
0.973803 -0.208672 0.090351 -0.000000 0.213456 0.975827 -0.046884 10.528800 -0.078383 0.064942 0.994806 -0.610600 0.000000 0.000000 0.000000 1.000000
0.977437 -0.193530 0.084640 0.000000 0.200550 0.976056 -0.084231 10.528800 -0.066312 0.099305 0.992845 -0.610600 0.000000 0.000000 0.000000 1.000000
0.981554 -0.174746 0.077565 -0.000000 0.182835 0.976557 -0.113609 10.528800 -0.055894 0.125695 0.990493 -0.610600 0.000000 0.000000 0.000000 1.000000
0.986281 -0.150657 0.067470 -0.000000 0.158579 0.978247 -0.133740 10.528800 -0.045854 0.142604 0.988717 -0.610600 0.000000 0.000000 0.000000 1.000000
0.991284 -0.119893 0.054605 -0.000000 0.126789 0.980792 -0.148227 10.528800 -0.035784 0.153858 0.987445 -0.610600 0.000000 0.000000 0.000000 1.000000
0.995643 -0.085337 0.037581 -0.000000 0.090185 0.983706 -0.155530 10.528800 -0.023696 0.158241 0.987116 -0.610600 0.000000 0.000000 0.000000 1.000000
0.998438 -0.053012 0.017644 -0.000000 0.055102 0.986524 -0.154059 10.528800 -0.009239 0.154790 0.987904 -0.610600 0.000000 0.000000 0.000000 1.000000
0.999669 -0.025500 0.003312 0.000000 0.025709 0.988622 -0.148210 10.528800 0.000505 0.148246 0.988950 -0.610600 0.000000 0.000000 0.000000 1.000000
0.999995 -0.001954 0.002629 0.000000 0.002304 0.990076 -0.140517 10.528800 -0.002329 0.140522 0.990075 -0.610600 0.000000 0.000000 0.000000 1.000000
0.999718 0.019147 0.014056 0.000000 -0.017209 0.991753 -0.127003 10.528800 -0.016372 0.126726 0.991803 -0.610600 0.000000 0.000000 0.000000 1.000000
0.998853 0.036988 0.030414 0.000000 -0.033570 0.993789 -0.106096 10.528800 -0.034149 0.104953 0.993891 -0.610600 0.000000 0.000000 0.000000 1.000000
0.997703 0.048930 0.046847 0.000000 -0.044845 0.995405 -0.084608 10.528800 -0.050772 0.082313 0.995312 -0.610600 0.000000 0.000000 0.000000 1.000000
0.996715 0.054333 0.060063 0.000000 -0.050123 0.996321 -0.069514 10.528800 -0.063619 0.066275 0.995771 -0.610600 0.000000 0.000000 0.000000 1.000000
0.996213 0.055723 0.066747 -0.000000 -0.051762 0.996875 -0.059666 10.528800 -0.069864 0.055985 0.995984 -0.610600 0.000000 0.000000 0.000000 1.000000
0.996185 0.055001 0.067752 0.000000 -0.051649 0.997400 -0.050263 10.528800 -0.070340 0.046572 0.996435 -0.610600 0.000000 0.000000 0.000000 1.000000
0.996304 0.052050 0.068329 -0.000000 -0.049314 0.997936 -0.041129 10.528800 -0.070329 0.037608 0.996815 -0.610600 0.000000 0.000000 0.000000 1.000000
0.996313 0.047575 0.071391 0.000000 -0.045140 0.998355 -0.035355 10.528800 -0.072956 0.032002 0.996822 -0.610600 0.000000 0.000000 0.000000 1.000000
0.996210 0.042827 0.075712 -0.000000 -0.040464 0.998653 -0.032486 10.528800 -0.077001 0.029299 0.996600 -0.610600 0.000000 0.000000 0.000000 1.000000
0.996040 0.038041 0.080352 0.000000 -0.035686 0.998896 -0.030547 10.528800 -0.081426 0.027559 0.996298 -0.610600 0.000000 0.000000 0.000000 1.000000
0.995790 0.033300 0.085406 -0.000000 -0.030890 0.999091 -0.029391 10.528800 -0.086307 0.026629 0.995913 -0.610600 0.000000 0.000000 0.000000 1.000000
0.995451 0.028853 0.090805 0.000000 -0.026315 0.999232 -0.029027 10.528800 -0.091573 0.026506 0.995446 -0.610600 0.000000 0.000000 0.000000 1.000000
0.995036 0.024825 0.096368 0.000000 -0.022117 0.999333 -0.029065 10.528800 -0.097025 0.026789 0.994921 -0.610600 0.000000 0.000000 0.000000 1.000000
0.994537 0.021575 0.102128 0.000000 -0.018638 0.999387 -0.029625 10.528800 -0.102705 0.027560 0.994330 -0.610600 0.000000 0.000000 0.000000 1.000000
0.993905 0.019712 0.108459 -0.000000 -0.016364 0.999364 -0.031672 10.528800 -0.109015 0.029704 0.993596 -0.610600 0.000000 0.000000 0.000000 1.000000
0.993239 0.018250 0.114644 0.000000 -0.014374 0.999300 -0.034540 10.528800 -0.115194 0.032658 0.992806 -0.610600 0.000000 0.000000 0.000000 1.000000
0.992574 0.016866 0.120466 -0.000000 -0.012507 0.999242 -0.036854 10.528800 -0.120996 0.035074 0.992033 -0.610600 0.000000 0.000000 0.000000 1.000000
0.991926 0.015586 0.125855 0.000000 -0.010754 0.999182 -0.038982 10.528800 -0.126359 0.037314 0.991283 -0.610600 0.000000 0.000000 0.000000 1.000000</float_array>
        <technique_common>
          <accessor source="#mixamorig_Spine-Matrix-animation-output-transform-array" count="44" stride="16">
            <param type="float4x4"/>
          </accessor>
        </technique_common>
      </source>
      <source id="mixamorig_Spine-Interpolations">
        <Name_array id="mixamorig_Spine-Interpolations-array" count="44">
 LINEAR LINEAR LINEAR LINEAR LINEAR LINEAR LINEAR LINEAR LINEAR LINEAR LINEAR
LINEAR LINEAR LINEAR LINEAR LINEAR LINEAR LINEAR LINEAR LINEAR LINEAR LINEAR LINEAR
LINEAR LINEAR LINEAR LINEAR LINEAR LINEAR LINEAR LINEAR LINEAR LINEAR LINEAR LINEAR
LINEAR LINEAR LINEAR LINEAR LINEAR LINEAR LINEAR LINEAR LINEAR</Name_array>
        <technique_common>
          <accessor source="#mixamorig_Spine-Interpolations-array" count="44">
            <param type="name"/>
          </accessor>
        </technique_common>
      </source>
      <sampler id="mixamorig_Spine-Matrix-animation-transform">
        <input semantic="INPUT" source="#mixamorig_Spine-Matrix-animation-input"/>
        <input semantic="OUTPUT" source="#mixamorig_Spine-Matrix-animation-output-transform"/>
        <input semantic="INTERPOLATION" source="#mixamorig_Spine-Interpolations"/>
      </sampler>
      <channel source="#mixamorig_Spine-Matrix-animation-transform" target="mixamorig_Spine/matrix"/>
    </animation>
    <animation id="mixamorig_Spine1-anim" name="mixamorig_Spine1">
      <source id="mixamorig_Spine1-Matrix-animation-input">
        <float_array id="mixamorig_Spine1-Matrix-animation-input-array" count="44">

0.000000 0.033333 0.066667 0.100000 0.133333 0.166667 0.200000 0.233333 0.266667 0.300000 0.333333 0.366667 0.400000 0.433333 0.466667 0.500000
0.533333 0.566667 0.600000 0.633333 0.666667 0.700000 0.733333 0.766667 0.800000 0.833333 0.866667 0.900000 0.933333 0.966667 1.000000 1.033333
1.066667 1.100000 1.133333 1.166667 1.200000 1.233333 1.266667 1.300000 1.333333 1.366667 1.400000 1.433333</float_array>
        <technique_common>
          <accessor source="#mixamorig_Spine1-Matrix-animation-input-array" count="44">
            <param name="TIME" type="float"/>
          </accessor>
        </technique_common>
      </source>
      <source id="mixamorig_Spine1-Matrix-animation-output-transform">
        <float_array id="mixamorig_Spine1-Matrix-animation-output-transform-array" count="704">

0.999723 0.012252 0.020091 0.000000 -0.013123 0.998954 0.043808 11.377000 -0.019533 -0.044060 0.998838 -0.000000 0.000000 0.000000 0.000000 1.000000
0.999721 0.017439 0.015920 0.000000 -0.017745 0.999657 0.019268 11.377000 -0.015578 -0.019545 0.999688 0.000000 0.000000 0.000000 0.000000 1.000000
0.999465 0.017398 0.027712 -0.000000 -0.017777 0.999751 0.013483 11.377000 -0.027470 -0.013969 0.999525 -0.000000 0.000000 0.000000 0.000000 1.000000
0.997746 0.018873 0.064399 -0.000000 -0.020789 0.999357 0.029217 11.377000 -0.063806 -0.030490 0.997496 0.000000 0.000000 0.000000 0.000000 1.000000
0.994330 0.027756 0.102653 -0.000000 -0.031636 0.998838 0.036359 11.377000 -0.101524 -0.039400 0.994053 -0.000000 0.000000 0.000000 0.000000 1.000000
0.992603 0.033637 0.116650 0.000000 -0.036265 0.999132 0.020473 11.377000 -0.115860 -0.024552 0.992962 0.000000 0.000000 0.000000 0.000000 1.000000
0.993280 0.026786 0.112593 0.000000 -0.027136 0.999631 0.001578 11.377000 -0.112509 -0.004623 0.993640 0.000000 0.000000 0.000000 0.000000 1.000000
0.994046 0.011977 0.108306 -0.000000 -0.011280 0.999912 -0.007041 11.377000 -0.108380 0.005777 0.994093 0.000000 0.000000 0.000000 0.000000 1.000000
0.994036 -0.004837 0.108943 -0.000000 0.006255 0.999900 -0.012672 11.377000 -0.108871 0.013278 0.993967 0.000000 0.000000 0.000000 0.000000 1.000000
0.993546 -0.020420 0.111578 0.000000 0.023799 0.999295 -0.029032 11.377000 -0.110907 0.031500 0.993331 -0.000000 0.000000 0.000000 0.000000 1.000000
0.993138 -0.033956 0.111908 -0.000000 0.039907 0.997882 -0.051373 11.377000 -0.109927 0.055486 0.992390 0.000000 0.000000 0.000000 0.000000 1.000000
0.992955 -0.043509 0.110215 0.000000 0.051771 0.995969 -0.073246 11.377000 -0.106584 0.078436 0.991205 0.000000 0.000000 0.000000 0.000000 1.000000
0.992774 -0.049791 0.109185 0.000000 0.060342 0.993593 -0.095561 11.377000 -0.103727 0.101459 0.989417 0.000000 0.000000 0.000000 0.000000 1.000000
0.992462 -0.054942 0.109543 0.000000 0.068001 0.990529 -0.119284 11.377000 -0.101952 0.125833 0.986799 0.000000 0.000000 0.000000 0.000000 1.000000
0.992252 -0.059036 0.109322 0.000000 0.074006 0.987611 -0.138376 11.377000 -0.099799 0.145394 0.984328 -0.000000 0.000000 0.000000 0.000000 1.000000
0.992494 -0.061152 0.105908 -0.000000 0.076658 0.985838 -0.149157 11.377000 -0.095287 0.156156 0.983125 0.000000 0.000000 0.000000 0.000000 1.000000
0.993212 -0.061236 0.098893 0.000000 0.076545 0.984258 -0.159299 11.377000 -0.087581 0.165787 0.982265 0.000000 0.000000 0.000000 0.000000 1.000000
0.994076 -0.059404 0.091013 -0.000000 0.074863 0.981330 -0.177165 11.377000 -0.078789 0.182929 0.979964 0.000000 0.000000 0.000000 0.000000 1.000000
0.994902 -0.055180 0.084412 0.000000 0.071136 0.977298 -0.199569 11.377000 -0.071483 0.204556 0.976241 -0.000000 0.000000 0.000000 0.000000 1.000000
0.995808 -0.047493 0.078168 -0.000000 0.063613 0.973696 -0.218791 11.377000 -0.065720 0.222847 0.972636 0.000000 0.000000 0.000000 0.000000 1.000000
0.996853 -0.035499 0.070874 -0.000000 0.051129 0.971205 -0.232694 11.377000 -0.060573 0.235585 0.969964 0.000000 0.000000 0.000000 0.000000 1.000000
0.997883 -0.020308 0.061782 0.000000 0.034663 0.969894 -0.241049 11.377000 -0.055027 0.242680 0.968544 0.000000 0.000000 0.000000 0.000000 1.000000
0.998754 -0.004230 0.049732 -0.000000 0.016156 0.970153 -0.241957 11.377000 -0.047224 0.242459 0.969012 0.000000 0.000000 0.000000 0.000000 1.000000
0.999281 0.011994 0.035955 -0.000000 -0.003127 0.971466 -0.237160 11.377000 -0.037773 0.236877 0.970805 0.000000 0.000000 0.000000 0.000000 1.000000
0.999259 0.028205 0.026192 -0.000000 -0.021397 0.972694 -0.231103 11.377000 -0.031995 0.230371 0.972577 0.000000 0.000000 0.000000 0.000000 1.000000
0.998754 0.043001 0.025334 0.000000 -0.036251 0.973921 -0.223973 11.377000 -0.034305 0.222775 0.974266 -0.000000 0.000000 0.000000 0.000000 1.000000
0.998017 0.054517 0.031462 0.000000 -0.046729 0.976599 -0.209931 11.377000 -0.042171 0.208045 0.977210 0.000000 0.000000 0.000000 0.000000 1.000000
0.997255 0.062568 0.039598 -0.000000 -0.054085 0.980762 -0.187566 11.377000 -0.050572 0.184910 0.981453 0.000000 0.000000 0.000000 0.000000 1.000000
0.996606 0.067566 0.047017 0.000000 -0.059040 0.984747 -0.163671 11.377000 -0.057358 0.160340 0.985394 0.000000 0.000000 0.000000 0.000000 1.000000
0.996213 0.069742 0.051925 0.000000 -0.061611 0.987594 -0.144435 11.377000 -0.061354 0.140688 0.988151 -0.000000 0.000000 0.000000 0.000000 1.000000
0.996183 0.069969 0.052199 0.000000 -0.062749 0.989653 -0.129033 11.377000 -0.060687 0.125265 0.990265 0.000000 0.000000 0.000000 0.000000 1.000000
0.996464 0.068708 0.048358 0.000000 -0.062842 0.991510 -0.113835 11.377000 -0.055769 0.110394 0.992322 0.000000 0.000000 0.000000 0.000000 1.000000
0.996891 0.065496 0.043800 0.000000 -0.060948 0.993302 -0.098162 11.377000 -0.049936 0.095187 0.994206 -0.000000 0.000000 0.000000 0.000000 1.000000
0.997329 0.060787 0.040485 -0.000000 -0.057256 0.994878 -0.083301 11.377000 -0.045341 0.080760 0.995702 0.000000 0.000000 0.000000 0.000000 1.000000
0.997737 0.055640 0.037749 0.000000 -0.052941 0.996204 -0.069095 11.377000 -0.041450 0.066941 0.996896 -0.000000 0.000000 0.000000 0.000000 1.000000
0.998116 0.050354 0.035049 -0.000000 -0.048385 0.997318 -0.054914 11.377000 -0.037721 0.053115 0.997876 0.000000 0.000000 0.000000 0.000000 1.000000
0.998461 0.044952 0.032492 -0.000000 -0.043611 0.998212 -0.040871 11.377000 -0.034271 0.039391 0.998636 0.000000 0.000000 0.000000 0.000000 1.000000
0.998764 0.039566 0.030093 -0.000000 -0.038754 0.998881 -0.027102 11.377000 -0.031132 0.025902 0.999180 0.000000 0.000000 0.000000 0.000000 1.000000
0.999025 0.034299 0.027803 0.000000 -0.033931 0.999332 -0.013601 11.377000 -0.028251 0.012645 0.999521 -0.000000 0.000000 0.000000 0.000000 1.000000
0.999241 0.029276 0.025708 -0.000000 -0.029272 0.999571 -0.000529 11.377000 -0.025713 -0.000224 0.999669 0.000000 0.000000 0.000000 0.000000 1.000000
0.999402 0.024681 0.024198 -0.000000 -0.024965 0.999622 0.011509 11.377000 -0.023905 -0.012106 0.999641 0.000000 0.000000 0.000000 0.000000 1.000000
0.999536 0.020276 0.022746 -0.000000 -0.020799 0.999519 0.023001 11.377000 -0.022269 -0.023463 0.999477 0.000000 0.000000 0.000000 0.000000 1.000000
0.999642 0.016115 0.021371 0.000000 -0.016832 0.999286 0.033812 11.377000 -0.020811 -0.034160 0.999200 -0.000000 0.000000 0.000000 0.000000 1.000000
0.999723 0.012252 0.020091 -0.000000 -0.013123 0.998954 0.043808 11.377000 -0.019533 -0.044060 0.998838 0.000000 0.000000 0.000000 0.000000 1.000000</float_array>
        <technique_common>
          <accessor source="#mixamorig_Spine1-Matrix-animation-output-transform-array" count="44" stride="16">
            <param type="float4x4"/>
          </accessor>
        </technique_common>
      </source>
      <source id="mixamorig_Spine1-Interpolations">
        <Name_array id="mixamorig_Spine1-Interpolations-array" count="44">
 LINEAR LINEAR LINEAR LINEAR LINEAR LINEAR LINEAR LINEAR LINEAR LINEAR LINEAR
LINEAR LINEAR LINEAR LINEAR LINEAR LINEAR LINEAR LINEAR LINEAR LINEAR LINEAR LINEAR
LINEAR LINEAR LINEAR LINEAR LINEAR LINEAR LINEAR LINEAR LINEAR LINEAR LINEAR LINEAR
LINEAR LINEAR LINEAR LINEAR LINEAR LINEAR LINEAR LINEAR LINEAR</Name_array>
        <technique_common>
          <accessor source="#mixamorig_Spine1-Interpolations-array" count="44">
            <param type="name"/>
          </accessor>
        </technique_common>
      </source>
      <sampler id="mixamorig_Spine1-Matrix-animation-transform">
        <input semantic="INPUT" source="#mixamorig_Spine1-Matrix-animation-input"/>
        <input semantic="OUTPUT" source="#mixamorig_Spine1-Matrix-animation-output-transform"/>
        <input semantic="INTERPOLATION" source="#mixamorig_Spine1-Interpolations"/>
      </sampler>
      <channel source="#mixamorig_Spine1-Matrix-animation-transform" target="mixamorig_Spine1/matrix"/>
    </animation>
    <animation id="mixamorig_Spine2-anim" name="mixamorig_Spine2">
      <source id="mixamorig_Spine2-Matrix-animation-input">
        <float_array id="mixamorig_Spine2-Matrix-animation-input-array" count="44">

0.000000 0.033333 0.066667 0.100000 0.133333 0.166667 0.200000 0.233333 0.266667 0.300000 0.333333 0.366667 0.400000 0.433333 0.466667 0.500000
0.533333 0.566667 0.600000 0.633333 0.666667 0.700000 0.733333 0.766667 0.800000 0.833333 0.866667 0.900000 0.933333 0.966667 1.000000 1.033333
1.066667 1.100000 1.133333 1.166667 1.200000 1.233333 1.266667 1.300000 1.333333 1.366667 1.400000 1.433333</float_array>
        <technique_common>
          <accessor source="#mixamorig_Spine2-Matrix-animation-input-array" count="44">
            <param name="TIME" type="float"/>
          </accessor>
        </technique_common>
      </source>
      <source id="mixamorig_Spine2-Matrix-animation-output-transform">
        <float_array id="mixamorig_Spine2-Matrix-animation-output-transform-array" count="704">

0.999731 0.010351 0.020748 -0.000000 -0.011138 0.999208 0.038207 14.062000 -0.020337 -0.038427 0.999054 0.000000 0.000000 0.000000 0.000000 1.000000
0.999734 0.015943 0.016671 0.000000 -0.016170 0.999777 0.013586 14.062000 -0.016451 -0.013852 0.999769 -0.000000 0.000000 0.000000 0.000000 1.000000
0.999499 0.014844 0.027957 0.000000 -0.015067 0.999856 0.007784 14.062000 -0.027837 -0.008202 0.999579 0.000000 0.000000 0.000000 0.000000 1.000000
0.997852 0.012958 0.064221 0.000000 -0.014513 0.999611 0.023803 14.062000 -0.063887 -0.024684 0.997652 0.000000 0.000000 0.000000 0.000000 1.000000
0.994524 0.018370 0.102877 0.000000 -0.021711 0.999269 0.031458 14.062000 -0.102223 -0.033519 0.994197 0.000000 0.000000 0.000000 0.000000 1.000000
0.992829 0.023108 0.117286 -0.000000 -0.025124 0.999560 0.015740 14.062000 -0.116870 -0.018574 0.992973 0.000000 0.000000 0.000000 0.000000 1.000000
0.993489 0.016813 0.112681 0.000000 -0.016536 0.999858 -0.003393 14.062000 -0.112722 0.001508 0.993625 0.000000 0.000000 0.000000 0.000000 1.000000
0.994248 0.002457 0.107079 -0.000000 -0.001150 0.999924 -0.012265 14.062000 -0.107101 0.012071 0.994175 -0.000000 0.000000 0.000000 0.000000 1.000000
0.994254 -0.014507 0.106055 -0.000000 0.016508 0.999701 -0.018013 14.062000 -0.105762 0.019660 0.994197 0.000000 0.000000 0.000000 0.000000 1.000000
0.993785 -0.030412 0.107084 0.000000 0.034281 0.998818 -0.034470 14.062000 -0.105909 0.037927 0.993652 0.000000 0.000000 0.000000 0.000000 1.000000
0.993391 -0.043992 0.106011 -0.000000 0.050245 0.997106 -0.057055 14.062000 -0.103194 0.062005 0.992727 0.000000 0.000000 0.000000 0.000000 1.000000
0.993231 -0.053394 0.103152 -0.000000 0.061728 0.994932 -0.079370 14.062000 -0.098392 0.085200 0.991494 -0.000000 0.000000 0.000000 0.000000 1.000000
0.993085 -0.059556 0.101172 -0.000000 0.069922 0.992303 -0.102204 14.062000 -0.094306 0.108571 0.989605 0.000000 0.000000 0.000000 0.000000 1.000000
0.992815 -0.064558 0.100747 0.000000 0.077134 0.988977 -0.126390 14.062000 -0.091477 0.133253 0.986851 0.000000 0.000000 0.000000 0.000000 1.000000
0.992632 -0.068298 0.100081 0.000000 0.082538 0.985856 -0.145861 14.062000 -0.088703 0.153047 0.984230 0.000000 0.000000 0.000000 0.000000 1.000000
0.992869 -0.069728 0.096689 0.000000 0.084382 0.984008 -0.156870 14.062000 -0.084205 0.163911 0.982875 -0.000000 0.000000 0.000000 0.000000 1.000000
0.993548 -0.068849 0.090121 0.000000 0.083225 0.982442 -0.166979 14.062000 -0.077042 0.173402 0.981833 0.000000 0.000000 0.000000 0.000000 1.000000
0.994363 -0.066027 0.082962 0.000000 0.080442 0.979517 -0.184595 14.062000 -0.069074 0.190228 0.979307 0.000000 0.000000 0.000000 0.000000 1.000000
0.995140 -0.060982 0.077320 0.000000 0.075834 0.975467 -0.206672 14.062000 -0.062820 0.211531 0.975350 0.000000 0.000000 0.000000 0.000000 1.000000
0.995989 -0.052618 0.072363 -0.000000 0.067730 0.971880 -0.225525 14.062000 -0.058461 0.229521 0.971546 0.000000 0.000000 0.000000 0.000000 1.000000
0.996973 -0.040004 0.066673 -0.000000 0.054885 0.969460 -0.239028 14.062000 -0.055075 0.241964 0.968721 0.000000 0.000000 0.000000 0.000000 1.000000
0.997946 -0.024161 0.059333 -0.000000 0.038130 0.968256 -0.247036 14.062000 -0.051480 0.248791 0.967188 0.000000 0.000000 0.000000 0.000000 1.000000
0.998772 -0.007287 0.048999 0.000000 0.019220 0.968644 -0.247707 14.062000 -0.045658 0.248345 0.967595 0.000000 0.000000 0.000000 0.000000 1.000000
0.999273 0.009802 0.036845 0.000000 -0.000564 0.970080 -0.242784 14.062000 -0.038122 0.242587 0.969380 0.000000 0.000000 0.000000 0.000000 1.000000
0.999236 0.026613 0.028626 0.000000 -0.019092 0.971403 -0.236668 14.062000 -0.034105 0.235941 0.971169 0.000000 0.000000 0.000000 0.000000 1.000000
0.998713 0.041458 0.029212 0.000000 -0.033667 0.972732 -0.229475 14.062000 -0.037929 0.228196 0.972876 0.000000 0.000000 0.000000 0.000000 1.000000
0.997950 0.052561 0.036523 0.000000 -0.043503 0.975578 -0.215303 14.062000 -0.046947 0.213273 0.975864 0.000000 0.000000 0.000000 0.000000 1.000000
0.997164 0.060009 0.045428 0.000000 -0.050193 0.979962 -0.192757 14.062000 -0.056085 0.189930 0.980194 0.000000 0.000000 0.000000 0.000000 1.000000
0.996506 0.064398 0.053183 -0.000000 -0.054596 0.984155 -0.168695 14.062000 -0.063204 0.165202 0.984232 0.000000 0.000000 0.000000 0.000000 1.000000
0.996119 0.066117 0.058104 -0.000000 -0.056809 0.987148 -0.149368 14.062000 -0.067233 0.145488 0.987073 -0.000000 0.000000 0.000000 0.000000 1.000000
0.996106 0.066196 0.058226 0.000000 -0.057912 0.989290 -0.133982 14.062000 -0.066472 0.130089 0.989272 0.000000 0.000000 0.000000 0.000000 1.000000
0.996413 0.065060 0.054120 0.000000 -0.058262 0.991198 -0.118877 14.062000 -0.061378 0.115297 0.991433 0.000000 0.000000 0.000000 0.000000 1.000000
0.996864 0.062034 0.049131 0.000000 -0.056704 0.993031 -0.103315 14.062000 -0.055198 0.100205 0.993435 -0.000000 0.000000 0.000000 0.000000 1.000000
0.997319 0.057476 0.045298 -0.000000 -0.053301 0.994646 -0.088538 14.062000 -0.050144 0.085887 0.995042 -0.000000 0.000000 0.000000 0.000000 1.000000
0.997736 0.052483 0.042061 -0.000000 -0.049256 0.996012 -0.074391 14.062000 -0.045797 0.072151 0.996342 -0.000000 0.000000 0.000000 0.000000 1.000000
0.998121 0.047363 0.038874 0.000000 -0.044971 0.997169 -0.060260 14.062000 -0.041618 0.058398 0.997425 0.000000 0.000000 0.000000 0.000000 1.000000
0.998469 0.042130 0.035833 -0.000000 -0.040455 0.998110 -0.046260 14.062000 -0.037714 0.044740 0.998287 0.000000 0.000000 0.000000 0.000000 1.000000
0.998775 0.036909 0.032968 0.000000 -0.035837 0.998828 -0.032530 14.062000 -0.034130 0.031309 0.998927 0.000000 0.000000 0.000000 0.000000 1.000000
0.999037 0.031802 0.030227 0.000000 -0.031234 0.999330 -0.019068 14.062000 -0.030813 0.018105 0.999361 0.000000 0.000000 0.000000 0.000000 1.000000
0.999252 0.026981 0.027713 -0.000000 -0.026824 0.999622 -0.006033 14.062000 -0.027865 0.005285 0.999598 0.000000 0.000000 0.000000 0.000000 1.000000
0.999413 0.022492 0.025839 -0.000000 -0.022653 0.999725 0.005981 14.062000 -0.025698 -0.006563 0.999648 0.000000 0.000000 0.000000 0.000000 1.000000
0.999546 0.018188 0.024038 -0.000000 -0.018610 0.999675 0.017449 14.062000 -0.023713 -0.017889 0.999559 0.000000 0.000000 0.000000 0.000000 1.000000
0.999651 0.014123 0.022334 0.000000 -0.014752 0.999492 0.028235 14.062000 -0.021924 -0.028555 0.999352 0.000000 0.000000 0.000000 0.000000 1.000000
0.999731 0.010351 0.020748 -0.000000 -0.011138 0.999208 0.038207 14.062000 -0.020337 -0.038427 0.999054 0.000000 0.000000 0.000000 0.000000 1.000000</float_array>
        <technique_common>
          <accessor source="#mixamorig_Spine2-Matrix-animation-output-transform-array" count="44" stride="16">
            <param type="float4x4"/>
          </accessor>
        </technique_common>
      </source>
      <source id="mixamorig_Spine2-Interpolations">
        <Name_array id="mixamorig_Spine2-Interpolations-array" count="44">
 LINEAR LINEAR LINEAR LINEAR LINEAR LINEAR LINEAR LINEAR LINEAR LINEAR LINEAR
LINEAR LINEAR LINEAR LINEAR LINEAR LINEAR LINEAR LINEAR LINEAR LINEAR LINEAR LINEAR
LINEAR LINEAR LINEAR LINEAR LINEAR LINEAR LINEAR LINEAR LINEAR LINEAR LINEAR LINEAR
LINEAR LINEAR LINEAR LINEAR LINEAR LINEAR LINEAR LINEAR LINEAR</Name_array>
        <technique_common>
          <accessor source="#mixamorig_Spine2-Interpolations-array" count="44">
            <param type="name"/>
          </accessor>
        </technique_common>
      </source>
      <sampler id="mixamorig_Spine2-Matrix-animation-transform">
        <input semantic="INPUT" source="#mixamorig_Spine2-Matrix-animation-input"/>
        <input semantic="OUTPUT" source="#mixamorig_Spine2-Matrix-animation-output-transform"/>
        <input semantic="INTERPOLATION" source="#mixamorig_Spine2-Interpolations"/>
      </sampler>
      <channel source="#mixamorig_Spine2-Matrix-animation-transform" target="mixamorig_Spine2/matrix"/>
    </animation>
    <animation id="mixamorig_Neck-anim" name="mixamorig_Neck">
      <source id="mixamorig_Neck-Matrix-animation-input">
        <float_array id="mixamorig_Neck-Matrix-animation-input-array" count="44">

0.000000 0.033333 0.066667 0.100000 0.133333 0.166667 0.200000 0.233333 0.266667 0.300000 0.333333 0.366667 0.400000 0.433333 0.466667 0.500000
0.533333 0.566667 0.600000 0.633333 0.666667 0.700000 0.733333 0.766667 0.800000 0.833333 0.866667 0.900000 0.933333 0.966667 1.000000 1.033333
1.066667 1.100000 1.133333 1.166667 1.200000 1.233333 1.266667 1.300000 1.333333 1.366667 1.400000 1.433333</float_array>
        <technique_common>
          <accessor source="#mixamorig_Neck-Matrix-animation-input-array" count="44">
            <param name="TIME" type="float"/>
          </accessor>
        </technique_common>
      </source>
      <source id="mixamorig_Neck-Matrix-animation-output-transform">
        <float_array id="mixamorig_Neck-Matrix-animation-output-transform-array" count="704">

0.970444 -0.127570 0.204851 -0.000000 0.138438 0.989580 -0.039566 10.523900 -0.197669 0.066756 0.977993 0.000000 0.000000 0.000000 0.000000 1.000000
0.979304 -0.097083 0.177589 0.000000 0.107798 0.992828 -0.051692 10.523900 -0.171297 0.069766 0.982746 -0.000000 0.000000 0.000000 0.000000 1.000000
0.988547 -0.047055 0.143390 -0.000000 0.053802 0.997602 -0.043544 10.523900 -0.140997 0.050760 0.988708 -0.000000 0.000000 0.000000 0.000000 1.000000
0.994895 0.002222 0.100893 -0.000000 -0.004110 0.999820 0.018508 10.523900 -0.100833 -0.018828 0.994725 -0.000000 0.000000 0.000000 0.000000 1.000000
0.998548 0.014637 0.051849 0.000000 -0.020201 0.993896 0.108456 10.523900 -0.049945 -0.109345 0.992748 0.000000 0.000000 0.000000 0.000000 1.000000
0.999991 -0.003087 0.003002 0.000000 0.002511 0.984410 0.175870 10.523900 -0.003498 -0.175861 0.984409 0.000000 0.000000 0.000000 0.000000 1.000000
0.999186 -0.012442 -0.038384 0.000000 0.020318 0.977014 0.212203 10.523900 0.034861 -0.212810 0.976472 0.000000 0.000000 0.000000 0.000000 1.000000
0.997776 -0.002846 -0.066602 0.000000 0.017742 0.974390 0.224162 10.523900 0.064259 -0.224845 0.972273 -0.000000 0.000000 0.000000 0.000000 1.000000
0.996957 0.010198 -0.077279 -0.000000 0.006480 0.977130 0.212542 10.523900 0.077680 -0.212396 0.974091 0.000000 0.000000 0.000000 0.000000 1.000000
0.996748 0.019981 -0.078060 0.000000 -0.005046 0.982343 0.187020 10.523900 0.080419 -0.186018 0.979250 -0.000000 0.000000 0.000000 0.000000 1.000000
0.996824 0.020948 -0.076831 0.000000 -0.008448 0.987154 0.159548 10.523900 0.079186 -0.158392 0.984196 0.000000 0.000000 0.000000 0.000000 1.000000
0.996777 0.010922 -0.079471 0.000000 -0.000614 0.991698 0.128585 10.523900 0.080216 -0.128122 0.988509 0.000000 0.000000 0.000000 0.000000 1.000000
0.996245 -0.003528 -0.086507 -0.000000 0.011537 0.995667 0.092267 10.523900 0.085807 -0.092919 0.991969 0.000000 0.000000 0.000000 0.000000 1.000000
0.995375 -0.011995 -0.095318 -0.000000 0.017241 0.998370 0.054409 10.523900 0.094510 -0.055801 0.993959 0.000000 0.000000 0.000000 0.000000 1.000000
0.994703 -0.010169 -0.102284 0.000000 0.011766 0.999818 0.015022 10.523900 0.102113 -0.016146 0.994642 0.000000 0.000000 0.000000 0.000000 1.000000
0.994450 -0.002644 -0.105174 0.000000 -0.000122 0.999654 -0.026287 10.523900 0.105207 0.026154 0.994106 0.000000 0.000000 0.000000 0.000000 1.000000
0.994521 0.005212 -0.104404 -0.000000 -0.011754 0.997998 -0.062139 10.523900 0.103871 0.063026 0.992592 -0.000000 0.000000 0.000000 0.000000 1.000000
0.994859 0.014787 -0.100186 -0.000000 -0.023455 0.996027 -0.085902 10.523900 0.098518 0.087810 0.991254 0.000000 0.000000 0.000000 0.000000 1.000000
