<?xml version="1.0" encoding="utf-8"?>
<COLLADA xmlns="http://www.collada.org/2005/11/COLLADASchema" version="1.4.1">
  <asset>
    <contributor>
      <author>Mixamo</author>
      <authoring_tool>COLLADA Mixamo exporter</authoring_tool>
      <comments/>
    </contributor>
    <created>2025-01-20T03:46:37Z</created>
    <modified>2025-01-20T03:46:37Z</modified>
    <revision/>
    <title/>
    <unit meter="0.010000"/>
    <up_axis>Y_UP</up_axis>
  </asset>
  <library_animations>
    <animation id="mixamorig_Hips-anim" name="mixamorig_Hips">
      <source id="mixamorig_Hips-Matrix-animation-input">
        <float_array id="mixamorig_Hips-Matrix-animation-input-array" count="37">

0.000000 0.033333 0.066667 0.100000 0.133333 0.166667 0.200000 0.233333 0.266667 0.300000 0.333333 0.366667 0.400000 0.433333 0.466667 0.500000
0.533333 0.566667 0.600000 0.633333 0.666667 0.700000 0.733333 0.766667 0.800000 0.833333 0.866667 0.900000 0.933333 0.966667 1.000000 1.033333
1.066667 1.100000 1.133333 1.166667 1.200000</float_array>
        <technique_common>
          <accessor source="#mixamorig_Hips-Matrix-animation-input-array" count="37">
            <param name="TIME" type="float"/>
          </accessor>
        </technique_common>
      </source>
      <source id="mixamorig_Hips-Matrix-animation-output-transform">
        <float_array id="mixamorig_Hips-Matrix-animation-output-transform-array" count="592">

0.692921 -0.004766 -0.720997 -2.618655 0.066085 0.996189 0.056926 78.352097 0.717978 -0.087092 0.690596 2.394686 0.000000 0.000000 0.000000 1.000000
0.692582 0.005370 -0.721320 -3.140667 0.075128 0.993997 0.079535 78.818863 0.717417 -0.109275 0.688021 1.980508 0.000000 0.000000 0.000000 1.000000
0.725274 0.007574 -0.688419 -3.881253 0.093823 0.989523 0.109733 79.375107 0.682037 -0.144176 0.716965 1.691807 0.000000 0.000000 0.000000 1.000000
0.792829 0.009561 -0.609369 -5.166713 0.136410 0.971725 0.192725 80.386139 0.593982 -0.235922 0.769107 2.371616 0.000000 0.000000 0.000000 1.000000
0.815883 -0.001099 -0.578215 -7.127312 0.216228 0.928024 0.303342 82.159218 0.536265 -0.372518 0.757397 4.553065 0.000000 0.000000 0.000000 1.000000
0.743077 0.002195 -0.669202 -8.247540 0.298029 0.894268 0.333861 84.010170 0.599179 -0.447526 0.663856 6.036597 0.000000 0.000000 0.000000 1.000000
0.632860 0.011330 -0.774183 -8.478537 0.353948 0.885066 0.302290 85.002960 0.688628 -0.465328 0.556112 6.298705 0.000000 0.000000 0.000000 1.000000
0.525410 0.001431 -0.850848 -8.107367 0.407604 0.877360 0.253177 85.023888 0.746862 -0.479831 0.460390 6.235868 0.000000 0.000000 0.000000 1.000000
0.363138 -0.030363 -0.931241 -7.117352 0.468581 0.869830 0.154363 84.249657 0.805334 -0.492417 0.330095 5.901834 0.000000 0.000000 0.000000 1.000000
0.155918 -0.079256 -0.984585 -5.669255 0.499640 0.866182 0.009397 82.785011 0.852085 -0.493403 0.174653 5.238404 0.000000 0.000000 0.000000 1.000000
-0.019429 -0.132694 -0.990967 -3.957614 0.481230 0.867549 -0.125603 81.222832 0.876379 -0.479324 0.047001 4.497157 0.000000 0.000000 0.000000 1.000000
-0.124889 -0.177148 -0.976228 -2.171544 0.437087 0.873487 -0.214420 79.786469 0.890706 -0.453475 -0.031659 3.654236 0.000000 0.000000 0.000000 1.000000
-0.165810 -0.209028 -0.963750 -0.373563 0.389645 0.883872 -0.258740 78.338356 0.905916 -0.418422 -0.065108 2.551389 0.000000 0.000000 0.000000 1.000000
-0.167501 -0.235104 -0.957429 1.372728 0.343486 0.896383 -0.280206 76.988876 0.924100 -0.375798 -0.069390 1.281745 0.000000 0.000000 0.000000 1.000000
-0.149623 -0.258037 -0.954479 2.968221 0.297031 0.909025 -0.292311 75.856766 0.943072 -0.327246 -0.059366 0.020022 0.000000 0.000000 0.000000 1.000000
-0.108341 -0.266951 -0.957601 4.394147 0.255350 0.923478 -0.286328 75.045471 0.960759 -0.275545 -0.031885 -1.234469 0.000000 0.000000 0.000000 1.000000
-0.040907 -0.262756 -0.963995 5.732553 0.212463 0.940450 -0.265354 74.466209 0.976313 -0.215668 0.017355 -2.560994 0.000000 0.000000 0.000000 1.000000
0.027995 -0.261964 -0.964671 6.915004 0.153371 0.954749 -0.254819 73.710892 0.987772 -0.140819 0.066906 -3.834296 0.000000 0.000000 0.000000 1.000000
0.088345 -0.255655 -0.962723 7.776538 0.097946 0.964048 -0.247018 72.866798 0.991263 -0.072472 0.110209 -4.859027 0.000000 0.000000 0.000000 1.000000
0.154923 -0.223744 -0.962257 8.155453 0.070767 0.974028 -0.215087 72.443092 0.985389 -0.034774 0.166733 -5.500999 0.000000 0.000000 0.000000 1.000000
0.236025 -0.175094 -0.955842 7.879470 0.058604 0.984407 -0.165855 72.585205 0.969978 -0.016870 0.242606 -5.715925 0.000000 0.000000 0.000000 1.000000
0.321569 -0.124282 -0.938695 7.042456 0.056848 0.992095 -0.111877 73.294510 0.945178 -0.017386 0.326092 -5.549942 0.000000 0.000000 0.000000 1.000000
0.398643 -0.084078 -0.913244 5.829145 0.062622 0.995960 -0.064358 74.459892 0.914966 -0.031533 0.402298 -5.141851 0.000000 0.000000 0.000000 1.000000
0.465263 -0.062828 -0.882940 4.400403 0.066625 0.997134 -0.035846 75.757286 0.882661 -0.042148 0.468116 -4.572101 0.000000 0.000000 0.000000 1.000000
0.521892 -0.054010 -0.851300 2.969888 0.070310 0.997321 -0.020170 76.974396 0.850109 -0.049328 0.524292 -3.885884 0.000000 0.000000 0.000000 1.000000
0.566922 -0.045623 -0.822507 1.682675 0.075449 0.997144 -0.003306 78.055862 0.820309 -0.060184 0.568745 -3.104360 0.000000 0.000000 0.000000 1.000000
0.597317 -0.034754 -0.801252 0.538562 0.078543 0.996793 0.015317 78.962097 0.798150 -0.072081 0.598131 -2.215917 0.000000 0.000000 0.000000 1.000000
0.614250 -0.023648 -0.788757 -0.507484 0.079557 0.996314 0.032085 79.657761 0.785091 -0.082460 0.613867 -1.248387 0.000000 0.000000 0.000000 1.000000
0.623477 -0.013534 -0.781724 -1.345162 0.079632 0.995750 0.046273 80.049057 0.777776 -0.091100 0.621905 -0.329630 0.000000 0.000000 0.000000 1.000000
0.630658 -0.006106 -0.776037 -1.923899 0.079119 0.995265 0.056467 80.164513 0.772017 -0.097011 0.628155 0.506210 0.000000 0.000000 0.000000 1.000000
0.638380 -0.002499 -0.769717 -2.232505 0.077910 0.995069 0.061385 80.049316 0.765768 -0.099156 0.635427 1.066915 0.000000 0.000000 0.000000 1.000000
0.647046 -0.000917 -0.762450 -2.428835 0.076214 0.995069 0.063481 79.838531 0.758632 -0.099184 0.643925 1.489686 0.000000 0.000000 0.000000 1.000000
0.656229 -0.000425 -0.754561 -2.550074 0.074259 0.995182 0.064021 79.573555 0.750898 -0.098045 0.653099 1.807457 0.000000 0.000000 0.000000 1.000000
0.665703 -0.000857 -0.746216 -2.614509 0.072175 0.995385 0.063244 79.274376 0.742718 -0.095960 0.662692 2.039634 0.000000 0.000000 0.000000 1.000000
0.675124 -0.001819 -0.737702 -2.641551 0.070078 0.995633 0.061679 78.963211 0.734369 -0.093338 0.672303 2.206846 0.000000 0.000000 0.000000 1.000000
0.684243 -0.003155 -0.729248 -2.633430 0.068051 0.995903 0.059543 78.648888 0.726072 -0.090368 0.681654 2.307385 0.000000 0.000000 0.000000 1.000000
0.692921 -0.004766 -0.720997 -2.618655 0.066085 0.996189 0.056926 78.352097 0.717978 -0.087092 0.690596 2.394690 0.000000 0.000000 0.000000 1.000000</float_array>
        <technique_common>
          <accessor source="#mixamorig_Hips-Matrix-animation-output-transform-array" count="37" stride="16">
            <param type="float4x4"/>
          </accessor>
        </technique_common>
      </source>
      <source id="mixamorig_Hips-Interpolations">
        <Name_array id="mixamorig_Hips-Interpolations-array" count="37">
 LINEAR LINEAR LINEAR LINEAR LINEAR LINEAR LINEAR LINEAR LINEAR LINEAR LINEAR
LINEAR LINEAR LINEAR LINEAR LINEAR LINEAR LINEAR LINEAR LINEAR LINEAR LINEAR LINEAR
LINEAR LINEAR LINEAR LINEAR LINEAR LINEAR LINEAR LINEAR LINEAR LINEAR LINEAR LINEAR
LINEAR LINEAR</Name_array>
        <technique_common>
          <accessor source="#mixamorig_Hips-Interpolations-array" count="37">
            <param type="name"/>
          </accessor>
        </technique_common>
      </source>
      <sampler id="mixamorig_Hips-Matrix-animation-transform">
        <input semantic="INPUT" source="#mixamorig_Hips-Matrix-animation-input"/>
        <input semantic="OUTPUT" source="#mixamorig_Hips-Matrix-animation-output-transform"/>
        <input semantic="INTERPOLATION" source="#mixamorig_Hips-Interpolations"/>
      </sampler>
      <channel source="#mixamorig_Hips-Matrix-animation-transform" target="mixamorig_Hips/matrix"/>
    </animation>
    <animation id="mixamorig_Spine-anim" name="mixamorig_Spine">
      <source id="mixamorig_Spine-Matrix-animation-input">
        <float_array id="mixamorig_Spine-Matrix-animation-input-array" count="37">

0.000000 0.033333 0.066667 0.100000 0.133333 0.166667 0.200000 0.233333 0.266667 0.300000 0.333333 0.366667 0.400000 0.433333 0.466667 0.500000
0.533333 0.566667 0.600000 0.633333 0.666667 0.700000 0.733333 0.766667 0.800000 0.833333 0.866667 0.900000 0.933333 0.966667 1.000000 1.033333
1.066667 1.100000 1.133333 1.166667 1.200000</float_array>
        <technique_common>
          <accessor source="#mixamorig_Spine-Matrix-animation-input-array" count="37">
            <param name="TIME" type="float"/>
          </accessor>
        </technique_common>
      </source>
      <source id="mixamorig_Spine-Matrix-animation-output-transform">
        <float_array id="mixamorig_Spine-Matrix-animation-output-transform-array" count="592">

0.991926 0.015586 0.125855 0.000000 -0.010754 0.999182 -0.038982 10.528800 -0.126359 0.037314 0.991283 -0.610600 0.000000 0.000000 0.000000 1.000000
0.993944 0.023331 0.107379 0.000000 -0.020547 0.999425 -0.026961 10.528800 -0.107947 0.024592 0.993852 -0.610600 0.000000 0.000000 0.000000 1.000000
0.995735 0.026593 0.088342 -0.000000 -0.026233 0.999642 -0.005231 10.528800 -0.088450 0.002891 0.996076 -0.610600 0.000000 0.000000 0.000000 1.000000
0.996347 0.006603 0.085139 0.000000 -0.010239 0.999051 0.042345 10.528800 -0.084779 -0.043062 0.995469 -0.610600 0.000000 0.000000 0.000000 1.000000
0.994121 -0.051288 0.095355 0.000000 0.040430 0.992828 0.112505 10.528800 -0.100441 -0.107989 0.989065 -0.610600 0.000000 0.000000 0.000000 1.000000
0.989313 -0.114814 0.089870 0.000000 0.100107 0.983010 0.153849 10.528800 -0.106007 -0.143209 0.983999 -0.610600 0.000000 0.000000 0.000000 1.000000
0.984612 -0.165279 0.056758 0.000000 0.155741 0.977245 0.144002 10.528800 -0.079267 -0.132947 0.987948 -0.610600 0.000000 0.000000 0.000000 1.000000
0.977521 -0.209352 0.024980 0.000000 0.205613 0.972798 0.106708 10.528800 -0.046640 -0.099173 0.993977 -0.610600 0.000000 0.000000 0.000000 1.000000
0.971976 -0.233600 0.026337 -0.000000 0.231379 0.970454 0.068433 10.528800 -0.041545 -0.060422 0.997308 -0.610600 0.000000 0.000000 0.000000 1.000000
0.970378 -0.235608 0.053432 0.000000 0.233794 0.971541 0.038064 10.528800 -0.060880 -0.024445 0.997846 -0.610600 0.000000 0.000000 0.000000 1.000000
0.970500 -0.231266 0.068158 -0.000000 0.231322 0.972851 0.007186 10.528800 -0.067969 0.008792 0.997649 -0.610600 0.000000 0.000000 0.000000 1.000000
0.972851 -0.225112 0.053717 0.000000 0.226935 0.973430 -0.030577 10.528800 -0.045407 0.041937 0.998088 -0.610600 0.000000 0.000000 0.000000 1.000000
0.976410 -0.213937 0.029233 0.000000 0.215574 0.973561 -0.075545 10.528800 -0.012298 0.080064 0.996714 -0.610600 0.000000 0.000000 0.000000 1.000000
0.979146 -0.202758 0.012701 0.000000 0.202803 0.971855 -0.119873 10.528800 0.011962 0.119949 0.992708 -0.610600 0.000000 0.000000 0.000000 1.000000
0.981785 -0.189982 -0.002113 0.000000 0.187422 0.970259 -0.153199 10.528800 0.031155 0.150012 0.988193 -0.610600 0.000000 0.000000 0.000000 1.000000
0.984946 -0.170977 -0.025460 0.000000 0.163595 0.969554 -0.182214 10.528800 0.055839 0.175306 0.982929 -0.610600 0.000000 0.000000 0.000000 1.000000
0.987779 -0.145953 -0.054679 0.000000 0.131396 0.968503 -0.211513 10.528800 0.083828 0.201744 0.975844 -0.610600 0.000000 0.000000 0.000000 1.000000
0.990101 -0.112721 -0.083634 -0.000000 0.091212 0.969611 -0.227013 10.528800 0.106681 0.217137 0.970294 -0.610600 0.000000 0.000000 0.000000 1.000000
0.991535 -0.069721 -0.109537 0.000000 0.043367 0.972987 -0.226750 10.528800 0.122387 0.220081 0.967774 -0.610600 0.000000 0.000000 0.000000 1.000000
0.993206 -0.030788 -0.112220 0.000000 0.005495 0.975698 -0.219052 10.528800 0.116237 0.216947 0.969238 -0.610600 0.000000 0.000000 0.000000 1.000000
0.996531 -0.014351 -0.081975 0.000000 -0.002718 0.978881 -0.204411 10.528800 0.083178 0.203925 0.975447 -0.610600 0.000000 0.000000 0.000000 1.000000
0.999119 -0.012451 -0.040067 0.000000 0.004884 0.982977 -0.183663 10.528800 0.041672 0.183305 0.982172 -0.610600 0.000000 0.000000 0.000000 1.000000
0.999937 -0.010242 -0.004596 0.000000 0.009390 0.987472 -0.157514 10.528800 0.006152 0.157461 0.987506 -0.610600 0.000000 0.000000 0.000000 1.000000
0.999751 -0.008893 0.020459 -0.000000 0.011373 0.992152 -0.124517 10.528800 -0.019191 0.124719 0.992007 -0.610600 0.000000 0.000000 0.000000 1.000000
0.999436 -0.005688 0.033096 0.000000 0.008824 0.995401 -0.095389 10.528800 -0.032402 0.095627 0.994890 -0.610600 0.000000 0.000000 0.000000 1.000000
0.999242 0.000738 0.038919 0.000000 0.002273 0.997008 -0.077265 10.528800 -0.038859 0.077295 0.996251 -0.610600 0.000000 0.000000 0.000000 1.000000
0.998897 0.006146 0.046558 0.000000 -0.003157 0.997945 -0.064000 10.528800 -0.046856 0.063783 0.996863 -0.610600 0.000000 0.000000 0.000000 1.000000
0.998249 0.011179 0.058089 0.000000 -0.008178 0.998631 -0.051656 10.528800 -0.058587 0.051091 0.996974 -0.610600 0.000000 0.000000 0.000000 1.000000
0.997513 0.016081 0.068623 0.000000 -0.013195 0.999018 -0.042305 10.528800 -0.069236 0.041294 0.996745 -0.610600 0.000000 0.000000 0.000000 1.000000
0.996895 0.019152 0.076372 0.000000 -0.016455 0.999224 -0.035783 10.528800 -0.076998 0.034415 0.996437 -0.610600 0.000000 0.000000 0.000000 1.000000
0.996300 0.020247 0.083529 0.000000 -0.017582 0.999317 -0.032511 10.528800 -0.084131 0.030922 0.995975 -0.610600 0.000000 0.000000 0.000000 1.000000
0.995655 0.020408 0.090850 0.000000 -0.017615 0.999351 -0.031434 10.528800 -0.091433 0.029698 0.995368 -0.610600 0.000000 0.000000 0.000000 1.000000
0.994967 0.020029 0.098177 0.000000 -0.017001 0.999356 -0.031584 10.528800 -0.098746 0.029756 0.994668 -0.610600 0.000000 0.000000 0.000000 1.000000
0.994239 0.019223 0.105453 0.000000 -0.015852 0.999339 -0.032715 10.528800 -0.106012 0.030854 0.993886 -0.610600 0.000000 0.000000 0.000000 1.000000
0.993480 0.018182 0.112551 0.000000 -0.014389 0.999304 -0.034423 10.528800 -0.113098 0.032579 0.993050 -0.610600 0.000000 0.000000 0.000000 1.000000
0.992705 0.016970 0.119369 0.000000 -0.012691 0.999252 -0.036521 10.528800 -0.119900 0.034740 0.992178 -0.610600 0.000000 0.000000 0.000000 1.000000
0.991926 0.015586 0.125855 0.000000 -0.010754 0.999182 -0.038982 10.528800 -0.126359 0.037314 0.991283 -0.610600 0.000000 0.000000 0.000000 1.000000</float_array>
        <technique_common>
          <accessor source="#mixamorig_Spine-Matrix-animation-output-transform-array" count="37" stride="16">
            <param type="float4x4"/>
          </accessor>
        </technique_common>
      </source>
      <source id="mixamorig_Spine-Interpolations">
        <Name_array id="mixamorig_Spine-Interpolations-array" count="37">
 LINEAR LINEAR LINEAR LINEAR LINEAR LINEAR LINEAR LINEAR LINEAR LINEAR LINEAR
LINEAR LINEAR LINEAR LINEAR LINEAR LINEAR LINEAR LINEAR LINEAR LINEAR LINEAR LINEAR
LINEAR LINEAR LINEAR LINEAR LINEAR LINEAR LINEAR LINEAR LINEAR LINEAR LINEAR LINEAR
LINEAR LINEAR</Name_array>
        <technique_common>
          <accessor source="#mixamorig_Spine-Interpolations-array" count="37">
            <param type="name"/>
          </accessor>
        </technique_common>
      </source>
      <sampler id="mixamorig_Spine-Matrix-animation-transform">
        <input semantic="INPUT" source="#mixamorig_Spine-Matrix-animation-input"/>
        <input semantic="OUTPUT" source="#mixamorig_Spine-Matrix-animation-output-transform"/>
        <input semantic="INTERPOLATION" source="#mixamorig_Spine-Interpolations"/>
      </sampler>
      <channel source="#mixamorig_Spine-Matrix-animation-transform" target="mixamorig_Spine/matrix"/>
    </animation>
    <animation id="mixamorig_Spine1-anim" name="mixamorig_Spine1">
      <source id="mixamorig_Spine1-Matrix-animation-input">
        <float_array id="mixamorig_Spine1-Matrix-animation-input-array" count="37">

0.000000 0.033333 0.066667 0.100000 0.133333 0.166667 0.200000 0.233333 0.266667 0.300000 0.333333 0.366667 0.400000 0.433333 0.466667 0.500000
0.533333 0.566667 0.600000 0.633333 0.666667 0.700000 0.733333 0.766667 0.800000 0.833333 0.866667 0.900000 0.933333 0.966667 1.000000 1.033333
1.066667 1.100000 1.133333 1.166667 1.200000</float_array>
        <technique_common>
          <accessor source="#mixamorig_Spine1-Matrix-animation-input-array" count="37">
            <param name="TIME" type="float"/>
          </accessor>
        </technique_common>
      </source>
      <source id="mixamorig_Spine1-Matrix-animation-output-transform">
        <float_array id="mixamorig_Spine1-Matrix-animation-output-transform-array" count="592">

0.999723 0.012252 0.020091 -0.000000 -0.013123 0.998954 0.043808 11.377000 -0.019533 -0.044060 0.998838 0.000000 0.000000 0.000000 0.000000 1.000000
0.999380 0.025819 0.023933 0.000000 -0.026124 0.999580 0.012520 11.377000 -0.023600 -0.013137 0.999635 0.000000 0.000000 0.000000 0.000000 1.000000
0.998775 0.039709 0.029518 -0.000000 -0.039119 0.999029 -0.020289 11.377000 -0.030295 0.019110 0.999358 0.000000 0.000000 0.000000 0.000000 1.000000
0.997999 0.042510 0.046817 0.000000 -0.040642 0.998366 -0.040161 11.377000 -0.048447 0.038178 0.998096 -0.000000 0.000000 0.000000 0.000000 1.000000
0.997006 0.020817 0.074471 -0.000000 -0.017942 0.999076 -0.039063 11.377000 -0.075216 0.037610 0.996458 0.000000 0.000000 0.000000 0.000000 1.000000
0.995726 -0.014433 0.091218 0.000000 0.018159 0.999029 -0.040144 11.377000 -0.090550 0.041629 0.995021 0.000000 0.000000 0.000000 0.000000 1.000000
0.995338 -0.051238 0.081709 0.000000 0.056077 0.996736 -0.058074 11.377000 -0.078466 0.062385 0.994963 0.000000 0.000000 0.000000 0.000000 1.000000
0.994083 -0.088674 0.062738 0.000000 0.093659 0.992258 -0.081562 11.377000 -0.055020 0.086955 0.994692 0.000000 0.000000 0.000000 0.000000 1.000000
0.991714 -0.113266 0.060613 0.000000 0.119228 0.987193 -0.105994 11.377000 -0.047832 0.112342 0.992518 0.000000 0.000000 0.000000 0.000000 1.000000
0.989601 -0.123779 0.073265 0.000000 0.132503 0.982684 -0.129517 11.377000 -0.055965 0.137878 0.988867 0.000000 0.000000 0.000000 0.000000 1.000000
0.988389 -0.129365 0.079695 -0.000000 0.140599 0.977552 -0.156921 11.377000 -0.057606 0.166304 0.984390 -0.000000 0.000000 0.000000 0.000000 1.000000
0.988997 -0.130870 0.068972 0.000000 0.141715 0.971900 -0.187955 11.377000 -0.042436 0.195661 0.979753 0.000000 0.000000 0.000000 0.000000 1.000000
0.990970 -0.123776 0.051549 0.000000 0.132138 0.966766 -0.218865 11.377000 -0.022746 0.223701 0.974392 0.000000 0.000000 0.000000 0.000000 1.000000
0.992990 -0.111623 0.038863 -0.000000 0.117751 0.962730 -0.243485 11.377000 -0.010236 0.246354 0.969126 0.000000 0.000000 0.000000 0.000000 1.000000
0.994605 -0.100254 0.026636 0.000000 0.103732 0.960710 -0.257441 11.377000 0.000220 0.258815 0.965927 0.000000 0.000000 0.000000 0.000000 1.000000
0.996017 -0.088764 0.008381 -0.000000 0.087745 0.959216 -0.268712 11.377000 0.015813 0.268377 0.963184 0.000000 0.000000 0.000000 0.000000 1.000000
0.997197 -0.073750 -0.012611 0.000000 0.067237 0.957238 -0.281379 11.377000 0.032823 0.279742 0.959514 -0.000000 0.000000 0.000000 0.000000 1.000000
0.997970 -0.055198 -0.031765 -0.000000 0.043781 0.956854 -0.287253 11.377000 0.046250 0.285279 0.957328 -0.000000 0.000000 0.000000 0.000000 1.000000
0.998354 -0.030340 -0.048669 0.000000 0.015213 0.958311 -0.285323 11.377000 0.055297 0.284113 0.957195 0.000000 0.000000 0.000000 0.000000 1.000000
0.998708 -0.002851 -0.050742 0.000000 -0.011335 0.960779 -0.277084 11.377000 0.049542 0.277301 0.959505 0.000000 0.000000 0.000000 0.000000 1.000000
0.999390 0.013638 -0.032147 -0.000000 -0.021528 0.965455 -0.259678 11.377000 0.027495 0.260212 0.965160 -0.000000 0.000000 0.000000 0.000000 1.000000
0.999751 0.021161 -0.007110 0.000000 -0.022243 0.971354 -0.236594 11.377000 0.001900 0.236693 0.971583 -0.000000 0.000000 0.000000 0.000000 1.000000
0.999527 0.027644 0.013483 0.000000 -0.024143 0.976775 -0.212904 11.377000 -0.019055 0.212478 0.976980 0.000000 0.000000 0.000000 0.000000 1.000000
0.999122 0.031665 0.027435 0.000000 -0.025922 0.981646 -0.188945 11.377000 -0.032915 0.188067 0.981604 -0.000000 0.000000 0.000000 0.000000 1.000000
0.998833 0.035513 0.032736 -0.000000 -0.029569 0.985526 -0.166926 11.377000 -0.038191 0.165763 0.985426 0.000000 0.000000 0.000000 0.000000 1.000000
0.998665 0.040115 0.032537 0.000000 -0.034908 0.988482 -0.147259 11.377000 -0.038070 0.145926 0.988563 0.000000 0.000000 0.000000 0.000000 1.000000
0.998571 0.042394 0.032545 0.000000 -0.037923 0.991116 -0.127477 11.377000 -0.037660 0.126060 0.991307 0.000000 0.000000 0.000000 0.000000 1.000000
0.998466 0.043253 0.034568 0.000000 -0.039327 0.993466 -0.107142 11.377000 -0.038976 0.105618 0.993643 0.000000 0.000000 0.000000 0.000000 1.000000
0.998426 0.043440 0.035473 0.000000 -0.040218 0.995400 -0.086960 11.377000 -0.039087 0.085397 0.995580 -0.000000 0.000000 0.000000 0.000000 1.000000
0.998534 0.042089 0.034040 0.000000 -0.039746 0.996974 -0.066810 11.377000 -0.036749 0.065359 0.997185 0.000000 0.000000 0.000000 0.000000 1.000000
0.998731 0.039020 0.031834 0.000000 -0.037476 0.998157 -0.047720 11.377000 -0.033638 0.046466 0.998353 -0.000000 0.000000 0.000000 0.000000 1.000000
0.998945 0.035102 0.029613 0.000000 -0.034221 0.998971 -0.029770 11.377000 -0.030628 0.028725 0.999118 -0.000000 0.000000 0.000000 0.000000 1.000000
0.999151 0.030753 0.027422 0.000000 -0.030413 0.999456 -0.012725 11.377000 -0.027799 0.011880 0.999543 0.000000 0.000000 0.000000 0.000000 1.000000
0.999338 0.026123 0.025333 0.000000 -0.026213 0.999651 0.003256 11.377000 -0.025239 -0.003918 0.999674 0.000000 0.000000 0.000000 0.000000 1.000000
0.999497 0.021437 0.023383 0.000000 -0.021864 0.999596 0.018141 11.377000 -0.022985 -0.018643 0.999562 -0.000000 0.000000 0.000000 0.000000 1.000000
0.999625 0.016799 0.021624 0.000000 -0.017481 0.999343 0.031734 11.377000 -0.021076 -0.032101 0.999262 0.000000 0.000000 0.000000 0.000000 1.000000
0.999723 0.012252 0.020091 0.000000 -0.013123 0.998954 0.043808 11.377000 -0.019533 -0.044060 0.998838 0.000000 0.000000 0.000000 0.000000 1.000000</float_array>
        <technique_common>
          <accessor source="#mixamorig_Spine1-Matrix-animation-output-transform-array" count="37" stride="16">
            <param type="float4x4"/>
          </accessor>
        </technique_common>
      </source>
      <source id="mixamorig_Spine1-Interpolations">
        <Name_array id="mixamorig_Spine1-Interpolations-array" count="37">
 LINEAR LINEAR LINEAR LINEAR LINEAR LINEAR LINEAR LINEAR LINEAR LINEAR LINEAR
LINEAR LINEAR LINEAR LINEAR LINEAR LINEAR LINEAR LINEAR LINEAR LINEAR LINEAR LINEAR
LINEAR LINEAR LINEAR LINEAR LINEAR LINEAR LINEAR LINEAR LINEAR LINEAR LINEAR LINEAR
LINEAR LINEAR</Name_array>
        <technique_common>
          <accessor source="#mixamorig_Spine1-Interpolations-array" count="37">
            <param type="name"/>
          </accessor>
        </technique_common>
      </source>
      <sampler id="mixamorig_Spine1-Matrix-animation-transform">
        <input semantic="INPUT" source="#mixamorig_Spine1-Matrix-animation-input"/>
        <input semantic="OUTPUT" source="#mixamorig_Spine1-Matrix-animation-output-transform"/>
        <input semantic="INTERPOLATION" source="#mixamorig_Spine1-Interpolations"/>
      </sampler>
      <channel source="#mixamorig_Spine1-Matrix-animation-transform" target="mixamorig_Spine1/matrix"/>
    </animation>
    <animation id="mixamorig_Spine2-anim" name="mixamorig_Spine2">
      <source id="mixamorig_Spine2-Matrix-animation-input">
        <float_array id="mixamorig_Spine2-Matrix-animation-input-array" count="37">

0.000000 0.033333 0.066667 0.100000 0.133333 0.166667 0.200000 0.233333 0.266667 0.300000 0.333333 0.366667 0.400000 0.433333 0.466667 0.500000
0.533333 0.566667 0.600000 0.633333 0.666667 0.700000 0.733333 0.766667 0.800000 0.833333 0.866667 0.900000 0.933333 0.966667 1.000000 1.033333
1.066667 1.100000 1.133333 1.166667 1.200000</float_array>
        <technique_common>
          <accessor source="#mixamorig_Spine2-Matrix-animation-input-array" count="37">
            <param name="TIME" type="float"/>
          </accessor>
        </technique_common>
      </source>
      <source id="mixamorig_Spine2-Matrix-animation-output-transform">
        <float_array id="mixamorig_Spine2-Matrix-animation-output-transform-array" count="592">

0.999731 0.010351 0.020748 0.000000 -0.011138 0.999208 0.038207 14.062000 -0.020336 -0.038428 0.999054 -0.000000 0.000000 0.000000 0.000000 1.000000
0.999397 0.023637 0.025430 0.000000 -0.023819 0.999693 0.006885 14.062000 -0.025260 -0.007486 0.999653 -0.000000 0.000000 0.000000 0.000000 1.000000
0.998806 0.037087 0.031809 -0.000000 -0.036265 0.999002 -0.026059 14.062000 -0.032744 0.024874 0.999154 0.000000 0.000000 0.000000 0.000000 1.000000
0.998068 0.038249 0.048958 0.000000 -0.036009 0.998300 -0.045840 14.062000 -0.050628 0.043988 0.997748 -0.000000 0.000000 0.000000 0.000000 1.000000
0.997125 0.014030 0.074469 0.000000 -0.010737 0.998954 -0.044444 14.062000 -0.075015 0.043516 0.996232 0.000000 0.000000 0.000000 0.000000 1.000000
0.995862 -0.022471 0.088052 0.000000 0.026572 0.998603 -0.045681 14.062000 -0.086902 0.047832 0.995068 0.000000 0.000000 0.000000 0.000000 1.000000
0.995452 -0.058216 0.075407 0.000000 0.063100 0.995946 -0.064102 14.062000 -0.071370 0.068569 0.995090 -0.000000 0.000000 0.000000 0.000000 1.000000
0.994150 -0.093853 0.053446 0.000000 0.098310 0.991260 -0.087976 14.062000 -0.044722 0.092715 0.994688 -0.000000 0.000000 0.000000 0.000000 1.000000
0.991767 -0.118106 0.049493 0.000000 0.123037 0.985994 -0.112592 14.062000 -0.035502 0.117755 0.992408 0.000000 0.000000 0.000000 0.000000 1.000000
0.989658 -0.129592 0.061499 -0.000000 0.136939 0.981188 -0.136080 14.062000 -0.042707 0.143094 0.988787 0.000000 0.000000 0.000000 0.000000 1.000000
0.988447 -0.135598 0.067722 0.000000 0.145067 0.975821 -0.163487 14.062000 -0.043916 0.171423 0.984218 0.000000 0.000000 0.000000 0.000000 1.000000
0.989050 -0.136095 0.057082 -0.000000 0.144727 0.970139 -0.194640 14.062000 -0.028888 0.200771 0.979212 0.000000 0.000000 0.000000 0.000000 1.000000
0.991008 -0.127495 0.040603 0.000000 0.133396 0.965075 -0.225466 14.062000 -0.010439 0.228855 0.973405 -0.000000 0.000000 0.000000 0.000000 1.000000
0.993016 -0.114189 0.029656 0.000000 0.117977 0.961073 -0.249841 14.062000 0.000027 0.251595 0.967833 -0.000000 0.000000 0.000000 0.000000 1.000000
0.994624 -0.101785 0.019046 0.000000 0.103197 0.959099 -0.263591 14.062000 0.008562 0.264139 0.964446 0.000000 0.000000 0.000000 0.000000 1.000000
0.996029 -0.089002 0.002147 -0.000000 0.086167 0.957672 -0.274664 14.062000 0.022390 0.273758 0.961538 0.000000 0.000000 0.000000 0.000000 1.000000
0.997222 -0.072557 -0.016849 0.000000 0.064686 0.955708 -0.287119 14.062000 0.036935 0.285231 0.957747 -0.000000 0.000000 0.000000 0.000000 1.000000
0.998055 -0.052711 -0.033289 0.000000 0.040682 0.955273 -0.292914 14.062000 0.047240 0.290990 0.955559 0.000000 0.000000 0.000000 0.000000 1.000000
0.998518 -0.026802 -0.047367 0.000000 0.011870 0.956630 -0.291065 14.062000 0.053113 0.290072 0.955530 0.000000 0.000000 0.000000 0.000000 1.000000
0.998886 0.000771 -0.047185 0.000000 -0.014103 0.959049 -0.282890 14.062000 0.045034 0.283241 0.957991 0.000000 0.000000 0.000000 0.000000 1.000000
0.999482 0.016137 -0.027861 0.000000 -0.022959 0.963869 -0.265384 14.062000 0.022572 0.265887 0.963740 0.000000 0.000000 0.000000 0.000000 1.000000
0.999749 0.022135 -0.003353 0.000000 -0.022288 0.969977 -0.242174 14.062000 -0.002108 0.242188 0.970227 0.000000 0.000000 0.000000 0.000000 1.000000
0.999492 0.027218 0.016564 0.000000 -0.022946 0.975568 -0.218494 14.062000 -0.022106 0.218003 0.975698 -0.000000 0.000000 0.000000 0.000000 1.000000
0.999098 0.030087 0.029971 -0.000000 -0.023693 0.980597 -0.194595 14.062000 -0.035244 0.193709 0.980426 0.000000 0.000000 0.000000 0.000000 1.000000
0.998826 0.033323 0.035156 0.000000 -0.026774 0.984628 -0.172600 14.062000 -0.040367 0.171456 0.984364 0.000000 0.000000 0.000000 0.000000 1.000000
0.998667 0.037761 0.035188 0.000000 -0.031959 0.987721 -0.152927 14.062000 -0.040531 0.151599 0.987611 0.000000 0.000000 0.000000 0.000000 1.000000
0.998579 0.039907 0.035320 0.000000 -0.034875 0.990485 -0.133128 14.062000 -0.040296 0.131707 0.990469 -0.000000 0.000000 0.000000 0.000000 1.000000
0.998478 0.040520 0.037411 -0.000000 -0.036072 0.992969 -0.112749 14.062000 -0.041717 0.111228 0.992919 0.000000 0.000000 0.000000 0.000000 1.000000
0.998438 0.040582 0.038391 -0.000000 -0.036887 0.995028 -0.092513 14.062000 -0.041954 0.090952 0.994971 0.000000 0.000000 0.000000 0.000000 1.000000
0.998547 0.039291 0.036883 -0.000000 -0.036547 0.996711 -0.072329 14.062000 -0.039603 0.070876 0.996699 0.000000 0.000000 0.000000 0.000000 1.000000
0.998744 0.036347 0.034485 0.000000 -0.034481 0.997987 -0.053230 14.062000 -0.036350 0.051974 0.997987 0.000000 0.000000 0.000000 0.000000 1.000000
0.998958 0.032568 0.031975 -0.000000 -0.031436 0.998883 -0.035279 14.062000 -0.033088 0.034237 0.998866 -0.000000 0.000000 0.000000 0.000000 1.000000
0.999164 0.028362 0.029453 0.000000 -0.027832 0.999446 -0.018242 14.062000 -0.029955 0.017407 0.999400 -0.000000 0.000000 0.000000 0.000000 1.000000
0.999350 0.023873 0.027007 -0.000000 -0.023820 0.999714 -0.002275 14.062000 -0.027053 0.001630 0.999633 0.000000 0.000000 0.000000 0.000000 1.000000
0.999508 0.019322 0.024693 0.000000 -0.019637 0.999728 0.012590 14.062000 -0.024443 -0.013069 0.999616 -0.000000 0.000000 0.000000 0.000000 1.000000
0.999634 0.014786 0.022644 -0.000000 -0.015377 0.999540 0.026158 14.062000 -0.022246 -0.026496 0.999401 0.000000 0.000000 0.000000 0.000000 1.000000
0.999731 0.010351 0.020748 0.000000 -0.011138 0.999208 0.038207 14.062000 -0.020337 -0.038427 0.999054 0.000000 0.000000 0.000000 0.000000 1.000000</float_array>
        <technique_common>
          <accessor source="#mixamorig_Spine2-Matrix-animation-output-transform-array" count="37" stride="16">
            <param type="float4x4"/>
          </accessor>
        </technique_common>
      </source>
      <source id="mixamorig_Spine2-Interpolations">
        <Name_array id="mixamorig_Spine2-Interpolations-array" count="37">
 LINEAR LINEAR LINEAR LINEAR LINEAR LINEAR LINEAR LINEAR LINEAR LINEAR LINEAR
LINEAR LINEAR LINEAR LINEAR LINEAR LINEAR LINEAR LINEAR LINEAR LINEAR LINEAR LINEAR
LINEAR LINEAR LINEAR LINEAR LINEAR LINEAR LINEAR LINEAR LINEAR LINEAR LINEAR LINEAR
LINEAR LINEAR</Name_array>
        <technique_common>
          <accessor source="#mixamorig_Spine2-Interpolations-array" count="37">
            <param type="name"/>
          </accessor>
        </technique_common>
      </source>
      <sampler id="mixamorig_Spine2-Matrix-animation-transform">
        <input semantic="INPUT" source="#mixamorig_Spine2-Matrix-animation-input"/>
        <input semantic="OUTPUT" source="#mixamorig_Spine2-Matrix-animation-output-transform"/>
        <input semantic="INTERPOLATION" source="#mixamorig_Spine2-Interpolations"/>
      </sampler>
      <channel source="#mixamorig_Spine2-Matrix-animation-transform" target="mixamorig_Spine2/matrix"/>
    </animation>
    <animation id="mixamorig_Neck-anim" name="mixamorig_Neck">
      <source id="mixamorig_Neck-Matrix-animation-input">
        <float_array id="mixamorig_Neck-Matrix-animation-input-array" count="37">

0.000000 0.033333 0.066667 0.100000 0.133333 0.166667 0.200000 0.233333 0.266667 0.300000 0.333333 0.366667 0.400000 0.433333 0.466667 0.500000
0.533333 0.566667 0.600000 0.633333 0.666667 0.700000 0.733333 0.766667 0.800000 0.833333 0.866667 0.900000 0.933333 0.966667 1.000000 1.033333
1.066667 1.100000 1.133333 1.166667 1.200000</float_array>
        <technique_common>
          <accessor source="#mixamorig_Neck-Matrix-animation-input-array" count="37">
            <param name="TIME" type="float"/>
          </accessor>
        </technique_common>
      </source>
      <source id="mixamorig_Neck-Matrix-animation-output-transform">
        <float_array id="mixamorig_Neck-Matrix-animation-output-transform-array" count="592">

0.970444 -0.127570 0.204851 -0.000000 0.138438 0.989580 -0.039566 10.523900 -0.197669 0.066756 0.977993 0.000000 0.000000 0.000000 0.000000 1.000000
0.979915 -0.102034 0.171332 0.000000 0.113701 0.991720 -0.059700 10.523900 -0.163822 0.077981 0.983403 -0.000000 0.000000 0.000000 0.000000 1.000000
0.989550 -0.062350 0.130011 0.000000 0.074746 0.992880 -0.092748 10.523900 -0.123302 0.101497 0.987165 0.000000 0.000000 0.000000 0.000000 1.000000
0.997215 -0.005832 0.074352 0.000000 0.014446 0.993162 -0.115846 10.523900 -0.073168 0.116598 0.990480 0.000000 0.000000 0.000000 0.000000 1.000000
0.999531 0.030146 -0.005346 -0.000000 -0.030425 0.997513 -0.063579 10.523900 0.003416 0.063712 0.997962 0.000000 0.000000 0.000000 0.000000 1.000000
0.995699 -0.007845 -0.092310 0.000000 0.010837 0.999431 0.031954 10.523900 0.092007 -0.032817 0.995217 0.000000 0.000000 0.000000 0.000000 1.000000
0.987172 -0.071252 -0.142881 -0.000000 0.084633 0.992351 0.089865 10.523900 0.135385 -0.100805 0.985652 0.000000 0.000000 0.000000 0.000000 1.000000
0.984893 -0.087599 -0.149376 -0.000000 0.106285 0.986813 0.122080 10.523900 0.136712 -0.136113 0.981215 0.000000 0.000000 0.000000 0.000000 1.000000
0.987450 -0.061839 -0.145324 -0.000000 0.079311 0.989879 0.117683 10.523900 0.136576 -0.127732 0.982360 -0.000000 0.000000 0.000000 0.000000 1.000000
0.987679 -0.038772 -0.151616 0.000000 0.049383 0.996540 0.066859 10.523900 0.148499 -0.073523 0.986176 0.000000 0.000000 0.000000 0.000000 1.000000
0.985942 -0.031426 -0.164108 0.000000 0.030634 0.999504 -0.007353 10.523900 0.164257 0.002223 0.986415 -0.000000 0.000000 0.000000 0.000000 1.000000
0.985035 -0.028720 -0.169944 0.000000 0.014657 0.996406 -0.083433 10.523900 0.171729 0.079694 0.981915 0.000000 0.000000 0.000000 0.000000 1.000000
0.986081 -0.022389 -0.164751 0.000000 -0.000842 0.990206 -0.139609 10.523900 0.166263 0.137804 0.976405 -0.000000 0.000000 0.000000 0.000000 1.000000
0.988922 -0.009221 -0.148146 0.000000 -0.016788 0.984716 -0.173356 10.523900 0.147481 0.173923 0.973653 0.000000 0.000000 0.000000 0.000000 1.000000
0.992715 0.010254 -0.120053 -0.000000 -0.033401 0.980743 -0.192426 10.523900 0.115768 0.195034 0.973940 0.000000 0.000000 0.000000 0.000000 1.000000
0.995735 0.024963 -0.088823 0.000000 -0.041743 0.980425 -0.192416 10.523900 0.082281 0.195303 0.977285 0.000000 0.000000 0.000000 0.000000 1.000000
0.997798 0.023788 -0.061916 0.000000 -0.034338 0.983906 -0.175356 10.523900 0.056748 0.177096 0.982556 -0.000000 0.000000 0.000000 0.000000 1.000000
0.999294 0.009860 -0.036260 -0.000000 -0.015199 0.988558 -0.150073 10.523900 0.034365 0.150518 0.988010 0.000000 0.000000 0.000000 0.000000 1.000000
0.999904 -0.009022 -0.010524 -0.000000 0.007663 0.992417 -0.122678 10.523900 0.011551 0.122585 0.992391 0.000000 0.000000 0.000000 0.000000 1.000000
0.999593 -0.028496 0.001044 0.000000 0.028450 0.994163 -0.104068 10.523900 0.001927 0.104056 0.994570 -0.000000 0.000000 0.000000 0.000000 1.000000
0.999090 -0.042401 -0.004708 0.000000 0.041711 0.994029 -0.100830 10.523900 0.008955 0.100542 0.994893 0.000000 0.000000 0.000000 0.000000 1.000000
0.998613 -0.051015 -0.013026 0.000000 0.049367 0.993220 -0.105244 10.523900 0.018306 0.104455 0.994361 0.000000 0.000000 0.000000 0.000000 1.000000
0.998361 -0.056058 -0.011515 -0.000000 0.054449 0.992392 -0.110425 10.523900 0.017618 0.109617 0.993818 0.000000 0.000000 0.000000 0.000000 1.000000
0.998572 -0.053405 0.001221 0.000000 0.053198 0.992116 -0.113468 10.523900 0.004848 0.113371 0.993541 0.000000 0.000000 0.000000 0.000000 1.000000
0.998554 -0.050050 0.019626 0.000000 0.051896 0.992706 -0.108818 10.523900 -0.014036 0.109679 0.993868 -0.000000 0.000000 0.000000 0.000000 1.000000
0.997931 -0.050300 0.040057 0.000000 0.054116 0.993445 -0.100687 10.523900 -0.034730 0.102646 0.994111 0.000000 0.000000 0.000000 0.000000 1.000000
0.996942 -0.048285 0.061447 0.000000 0.054069 0.993890 -0.096229 10.523900 -0.056425 0.099257 0.993461 -0.000000 0.000000 0.000000 0.000000 1.000000
0.995584 -0.046771 0.081394 0.000000 0.054252 0.994256 -0.092262 10.523900 -0.076612 0.096270 0.992402 0.000000 0.000000 0.000000 0.000000 1.000000
0.993701 -0.051398 0.099583 0.000000 0.060060 0.994480 -0.086037 10.523900 -0.094612 0.091476 0.991303 0.000000 0.000000 0.000000 0.000000 1.000000
0.991332 -0.060451 0.116647 0.000000 0.070046 0.994332 -0.079988 10.523900 -0.111150 0.087465 0.989947 0.000000 0.000000 0.000000 0.000000 1.000000
0.988701 -0.071003 0.132020 0.000000 0.081301 0.993915 -0.074319 10.523900 -0.125940 0.084213 0.988457 -0.000000 0.000000 0.000000 0.000000 1.000000
0.985861 -0.081665 0.146317 0.000000 0.092445 0.993363 -0.068445 10.523900 -0.139757 0.081003 0.986867 0.000000 0.000000 0.000000 0.000000 1.000000
0.982834 -0.092066 0.159879 0.000000 0.103151 0.992703 -0.062459 10.523900 -0.152961 0.077879 0.985159 0.000000 0.000000 0.000000 0.000000 1.000000
0.979701 -0.102023 0.172563 0.000000 0.113247 0.991960 -0.056477 10.523900 -0.165414 0.074873 0.983378 0.000000 0.000000 0.000000 0.000000 1.000000
0.976523 -0.111398 0.184371 0.000000 0.122608 0.991168 -0.050525 10.523900 -0.177114 0.071944 0.981557 0.000000 0.000000 0.000000 0.000000 1.000000
0.973402 -0.119946 0.195195 -0.000000 0.131030 0.990363 -0.044850 10.523900 -0.187935 0.069233 0.979738 0.000000 0.000000 0.000000 0.000000 1.000000
0.970444 -0.127570 0.204851 0.000000 0.138438 0.989580 -0.039566 10.523900 -0.197669 0.066756 0.977993 0.000000 0.000000 0.000000 0.000000 1.000000</float_array>
        <technique_common>
          <accessor source="#mixamorig_Neck-Matrix-animation-output-transform-array" count="37" stride="16">
            <param type="float4x4"/>
          </accessor>
        </technique_common>
      </source>
      <source id="mixamorig_Neck-Interpolations">
        <Name_array id="mixamorig_Neck-Interpolations-array" count="37">
 LINEAR LINEAR LINEAR LINEAR LINEAR LINEAR LINEAR LINEAR LINEAR LINEAR LINEAR
LINEAR LINEAR LINEAR LINEAR LINEAR LINEAR LINEAR LINEAR LINEAR LINEAR LINEAR LINEAR
LINEAR LINEAR LINEAR LINEAR LINEAR LINEAR LINEAR LINEAR LINEAR LINEAR LINEAR LINEAR
LINEAR LINEAR</Name_array>
        <technique_common>
          <accessor source="#mixamorig_Neck-Interpolations-array" count="37">
            <param type="name"/>
          </accessor>
        </technique_common>
      </source>
      <sampler id="mixamorig_Neck-Matrix-animation-transform">
        <input semantic="INPUT" source="#mixamorig_Neck-Matrix-animation-input"/>
        <input semantic="OUTPUT" source="#mixamorig_Neck-Matrix-animation-output-transform"/>
        <input semantic="INTERPOLATION" source="#mixamorig_Neck-Interpolations"/>
      </sampler>
      <channel source="#mixamorig_Neck-Matrix-animation-transform" target="mixamorig_Neck/matrix"/>
    </animation>
    <animation id="mixamorig_Head-anim" name="mixamorig_Head">
      <source id="mixamorig_Head-Matrix-animation-input">
        <float_array id="mixamorig_Head-Matrix-animation-input-array" count="37">

0.000000 0.033333 0.066667 0.100000 0.133333 0.166667 0.200000 0.233333 0.266667 0.300000 0.333333 0.366667 0.400000 0.433333 0.466667 0.500000
0.533333 0.566667 0.600000 0.633333 0.666667 0.700000 0.733333 0.766667 0.800000 0.833333 0.866667 0.900000 0.933333 0.966667 1.000000 1.033333
1.066667 1.100000 1.133333 1.166667 1.200000</float_array>
        <technique_common>
