<?xml version="1.0" encoding="utf-8"?>
<COLLADA xmlns="http://www.collada.org/2005/11/COLLADASchema" version="1.4.1">
  <asset>
    <contributor>
      <author>Mixamo</author>
      <authoring_tool>COLLADA Mixamo exporter</authoring_tool>
      <comments/>
    </contributor>
    <created>2024-11-10T13:38:44Z</created>
    <modified>2024-11-10T13:38:44Z</modified>
    <revision/>
    <title/>
    <unit meter="0.010000"/>
    <up_axis>Y_UP</up_axis>
  </asset>
  <library_animations>
    <animation id="mixamorig_Hips-anim" name="mixamorig_Hips">
      <source id="mixamorig_Hips-Matrix-animation-input">
        <float_array id="mixamorig_Hips-Matrix-animation-input-array" count="56">

0.000000 0.033333 0.066667 0.100000 0.133333 0.166667 0.200000 0.233333 0.266667 0.300000 0.333333 0.366667 0.400000 0.433333 0.466667 0.500000
0.533333 0.566667 0.600000 0.633333 0.666667 0.700000 0.733333 0.766667 0.800000 0.833333 0.866667 0.900000 0.933333 0.966667 1.000000 1.033333
1.066667 1.100000 1.133333 1.166667 1.200000 1.233333 1.266667 1.300000 1.333333 1.366667 1.400000 1.433333 1.466667 1.500000 1.533333 1.566667
1.600000 1.633333 1.666667 1.700000 1.733333 1.766667 1.800000 1.833333</float_array>
        <technique_common>
          <accessor source="#mixamorig_Hips-Matrix-animation-input-array" count="56">
            <param name="TIME" type="float"/>
          </accessor>
        </technique_common>
      </source>
      <source id="mixamorig_Hips-Matrix-animation-output-transform">
        <float_array id="mixamorig_Hips-Matrix-animation-output-transform-array" count="896">

0.638266 -0.134248 -0.758020 -2.418568 0.042046 0.989286 -0.139803 63.611694 0.768667 0.057360 0.637072 2.240909 0.000000 0.000000 0.000000 1.000000
0.637958 -0.132930 -0.758511 -2.428470 0.041878 0.989520 -0.138193 63.626633 0.768932 0.056397 0.636839 2.237895 0.000000 0.000000 0.000000 1.000000
0.636780 -0.130699 -0.759888 -2.454591 0.041462 0.989907 -0.135517 63.673256 0.769930 0.054788 0.635772 2.234853 0.000000 0.000000 0.000000 1.000000
0.634786 -0.129121 -0.761823 -2.482364 0.041133 0.990188 -0.133553 63.763371 0.771593 0.053442 0.633868 2.238863 0.000000 0.000000 0.000000 1.000000
0.631115 -0.129477 -0.764807 -2.509853 0.040953 0.990157 -0.133834 63.966286 0.774608 0.053144 0.630205 2.264343 0.000000 0.000000 0.000000 1.000000
0.626892 -0.130971 -0.768019 -2.530436 0.040819 0.989937 -0.135496 64.240692 0.778036 0.053591 0.625930 2.309499 0.000000 0.000000 0.000000 1.000000
0.621514 -0.132954 -0.772039 -2.558188 0.040752 0.989646 -0.137623 64.578209 0.782343 0.054073 0.620497 2.376485 0.000000 0.000000 0.000000 1.000000
0.615516 -0.134917 -0.776491 -2.588296 0.040411 0.989345 -0.139868 64.947273 0.787088 0.054712 0.614410 2.463263 0.000000 0.000000 0.000000 1.000000
0.609978 -0.136393 -0.780592 -2.614331 0.039833 0.989108 -0.141701 65.337082 0.791417 0.055341 0.608767 2.564373 0.000000 0.000000 0.000000 1.000000
0.605749 -0.137965 -0.783603 -2.631270 0.039695 0.988866 -0.143420 65.717773 0.794665 0.055771 0.604481 2.684062 0.000000 0.000000 0.000000 1.000000
0.602657 -0.139965 -0.785630 -2.638083 0.040094 0.988566 -0.145363 66.050392 0.796992 0.056105 0.601378 2.800425 0.000000 0.000000 0.000000 1.000000
0.599792 -0.143387 -0.787204 -2.622017 0.041337 0.988052 -0.148476 66.318802 0.799087 0.056514 0.598553 2.900300 0.000000 0.000000 0.000000 1.000000
0.597171 -0.145325 -0.788839 -2.611910 0.041527 0.987733 -0.150529 66.549042 0.801038 0.057133 0.595880 2.998460 0.000000 0.000000 0.000000 1.000000
0.595096 -0.147505 -0.790002 -2.592737 0.041905 0.987370 -0.152791 66.719482 0.802561 0.057820 0.593761 3.087404 0.000000 0.000000 0.000000 1.000000
0.593218 -0.149099 -0.791115 -2.583352 0.042583 0.987135 -0.154112 66.852280 0.803915 0.057733 0.591935 3.177295 0.000000 0.000000 0.000000 1.000000
0.591505 -0.149976 -0.792230 -2.577227 0.043482 0.987052 -0.154392 66.952606 0.805128 0.056876 0.590368 3.262264 0.000000 0.000000 0.000000 1.000000
0.589977 -0.149884 -0.793387 -2.570716 0.044310 0.987149 -0.153539 67.032333 0.806203 0.055430 0.589036 3.328624 0.000000 0.000000 0.000000 1.000000
0.588513 -0.150555 -0.794346 -2.574999 0.045559 0.987123 -0.153339 67.103668 0.807203 0.054052 0.587794 3.388570 0.000000 0.000000 0.000000 1.000000
0.587431 -0.152334 -0.794808 -2.574905 0.046985 0.986887 -0.154423 67.166199 0.807909 0.053369 0.586885 3.426033 0.000000 0.000000 0.000000 1.000000
0.588316 -0.153468 -0.793935 -2.576015 0.048672 0.986766 -0.154676 67.235939 0.807165 0.052356 0.587999 3.463387 0.000000 0.000000 0.000000 1.000000
0.589963 -0.154175 -0.792574 -2.572600 0.050065 0.986697 -0.154670 67.311485 0.805876 0.051569 0.589834 3.486121 0.000000 0.000000 0.000000 1.000000
0.591490 -0.154800 -0.791313 -2.567661 0.050846 0.986605 -0.154998 67.379738 0.804707 0.051445 0.591439 3.479926 0.000000 0.000000 0.000000 1.000000
0.594025 -0.154773 -0.789417 -2.554832 0.051435 0.986617 -0.154732 67.445679 0.802800 0.051311 0.594036 3.462699 0.000000 0.000000 0.000000 1.000000
0.597238 -0.154091 -0.787123 -2.544446 0.051463 0.986712 -0.154115 67.490280 0.800411 0.051535 0.597232 3.430061 0.000000 0.000000 0.000000 1.000000
0.600625 -0.152740 -0.784806 -2.539561 0.051221 0.986917 -0.152875 67.512878 0.797889 0.051622 0.600590 3.393401 0.000000 0.000000 0.000000 1.000000
0.604174 -0.150932 -0.782427 -2.537357 0.051013 0.987210 -0.151044 67.508354 0.795218 0.051343 0.604147 3.364665 0.000000 0.000000 0.000000 1.000000
0.607120 -0.148799 -0.780554 -2.546702 0.050614 0.987557 -0.148893 67.477203 0.792996 0.050889 0.607097 3.338286 0.000000 0.000000 0.000000 1.000000
0.609877 -0.146724 -0.778795 -2.561047 0.050742 0.987925 -0.146387 67.409111 0.790870 0.049761 0.609958 3.315536 0.000000 0.000000 0.000000 1.000000
0.612421 -0.144447 -0.777223 -2.571804 0.050963 0.988334 -0.143526 67.298882 0.788887 0.048288 0.612638 3.276598 0.000000 0.000000 0.000000 1.000000
0.614634 -0.142707 -0.775796 -2.581013 0.051521 0.988662 -0.141046 67.133652 0.787128 0.046722 0.615018 3.219810 0.000000 0.000000 0.000000 1.000000
0.616946 -0.142216 -0.774049 -2.583960 0.052753 0.988798 -0.139626 66.924416 0.785235 0.045309 0.617538 3.147688 0.000000 0.000000 0.000000 1.000000
0.620493 -0.142819 -0.771097 -2.574715 0.054245 0.988738 -0.139478 66.685547 0.782334 0.044717 0.621252 3.070019 0.000000 0.000000 0.000000 1.000000
0.624645 -0.142451 -0.767806 -2.570557 0.055212 0.988817 -0.138538 66.436684 0.778955 0.044145 0.625525 3.000503 0.000000 0.000000 0.000000 1.000000
0.628021 -0.142036 -0.765124 -2.582886 0.056563 0.988933 -0.137155 66.189758 0.776138 0.042858 0.629105 2.940104 0.000000 0.000000 0.000000 1.000000
0.630624 -0.142399 -0.762913 -2.601996 0.058188 0.988931 -0.136487 65.936127 0.773904 0.041680 0.631929 2.884086 0.000000 0.000000 0.000000 1.000000
0.632542 -0.141765 -0.761442 -2.625028 0.059328 0.989087 -0.134863 65.716118 0.772251 0.040132 0.634049 2.837907 0.000000 0.000000 0.000000 1.000000
0.634043 -0.141520 -0.760238 -2.647988 0.061081 0.989205 -0.133200 65.518326 0.770882 0.038018 0.635843 2.808553 0.000000 0.000000 0.000000 1.000000
0.634289 -0.141312 -0.760071 -2.664274 0.061921 0.989280 -0.132252 65.349579 0.770612 0.036821 0.636240 2.766585 0.000000 0.000000 0.000000 1.000000
0.635685 -0.140949 -0.758971 -2.686597 0.062763 0.989371 -0.131168 65.182289 0.769392 0.035747 0.637775 2.749246 0.000000 0.000000 0.000000 1.000000
0.637290 -0.140542 -0.757700 -2.704667 0.063470 0.989461 -0.130146 65.030518 0.768006 0.034849 0.639494 2.737626 0.000000 0.000000 0.000000 1.000000
0.636409 -0.140030 -0.758535 -2.734632 0.062504 0.989512 -0.130229 64.893356 0.768815 0.035468 0.638487 2.689582 0.000000 0.000000 0.000000 1.000000
0.638364 -0.139399 -0.757007 -2.744081 0.062391 0.989599 -0.129617 64.775742 0.767202 0.035512 0.640422 2.667250 0.000000 0.000000 0.000000 1.000000
0.638696 -0.138526 -0.756887 -2.753079 0.060808 0.989671 -0.129818 64.663712 0.767053 0.036890 0.640522 2.620769 0.000000 0.000000 0.000000 1.000000
0.638186 -0.138500 -0.757321 -2.746668 0.058937 0.989588 -0.131312 64.553635 0.767623 0.039167 0.639704 2.560962 0.000000 0.000000 0.000000 1.000000
0.638202 -0.138410 -0.757325 -2.728638 0.057136 0.989509 -0.132695 64.446838 0.767746 0.041416 0.639414 2.503498 0.000000 0.000000 0.000000 1.000000
0.638330 -0.137884 -0.757313 -2.692146 0.054740 0.989467 -0.134013 64.331390 0.767814 0.044089 0.639154 2.440023 0.000000 0.000000 0.000000 1.000000
0.638277 -0.137519 -0.757424 -2.659545 0.052470 0.989398 -0.135420 64.209755 0.768016 0.046693 0.638726 2.381111 0.000000 0.000000 0.000000 1.000000
0.637592 -0.137006 -0.758093 -2.622061 0.050361 0.989367 -0.136446 64.086380 0.768726 0.048819 0.637712 2.321689 0.000000 0.000000 0.000000 1.000000
0.636570 -0.135781 -0.759172 -2.587708 0.048203 0.989460 -0.136550 63.988079 0.769711 0.050330 0.636406 2.273960 0.000000 0.000000 0.000000 1.000000
0.635535 -0.134758 -0.760220 -2.551075 0.046052 0.989513 -0.136904 63.900993 0.770697 0.051998 0.635077 2.234074 0.000000 0.000000 0.000000 1.000000
0.635398 -0.134827 -0.760323 -2.506919 0.044931 0.989426 -0.137905 63.821220 0.770877 0.053462 0.634737 2.211179 0.000000 0.000000 0.000000 1.000000
0.635587 -0.134925 -0.760148 -2.470781 0.044039 0.989343 -0.138784 63.759384 0.770772 0.054733 0.634755 2.204387 0.000000 0.000000 0.000000 1.000000
0.636334 -0.134782 -0.759548 -2.447834 0.043298 0.989306 -0.139279 63.705326 0.770198 0.055741 0.635364 2.211917 0.000000 0.000000 0.000000 1.000000
0.637234 -0.134557 -0.758833 -2.431506 0.042665 0.989289 -0.139594 63.657982 0.769489 0.056579 0.636149 2.224366 0.000000 0.000000 0.000000 1.000000
0.637980 -0.134347 -0.758243 -2.421762 0.042221 0.989285 -0.139760 63.624413 0.768895 0.057150 0.636816 2.235927 0.000000 0.000000 0.000000 1.000000
0.638266 -0.134248 -0.758020 -2.418587 0.042046 0.989286 -0.139803 63.611687 0.768667 0.057360 0.637072 2.240898 0.000000 0.000000 0.000000 1.000000</float_array>
        <technique_common>
          <accessor source="#mixamorig_Hips-Matrix-animation-output-transform-array" count="56" stride="16">
            <param type="float4x4"/>
          </accessor>
        </technique_common>
      </source>
      <source id="mixamorig_Hips-Interpolations">
        <Name_array id="mixamorig_Hips-Interpolations-array" count="56">
 LINEAR LINEAR LINEAR LINEAR LINEAR LINEAR LINEAR LINEAR LINEAR LINEAR LINEAR
LINEAR LINEAR LINEAR LINEAR LINEAR LINEAR LINEAR LINEAR LINEAR LINEAR LINEAR LINEAR
LINEAR LINEAR LINEAR LINEAR LINEAR LINEAR LINEAR LINEAR LINEAR LINEAR LINEAR LINEAR
LINEAR LINEAR LINEAR LINEAR LINEAR LINEAR LINEAR LINEAR LINEAR LINEAR LINEAR LINEAR
LINEAR LINEAR LINEAR LINEAR LINEAR LINEAR LINEAR LINEAR LINEAR</Name_array>
        <technique_common>
          <accessor source="#mixamorig_Hips-Interpolations-array" count="56">
            <param type="name"/>
          </accessor>
        </technique_common>
      </source>
      <sampler id="mixamorig_Hips-Matrix-animation-transform">
        <input semantic="INPUT" source="#mixamorig_Hips-Matrix-animation-input"/>
        <input semantic="OUTPUT" source="#mixamorig_Hips-Matrix-animation-output-transform"/>
        <input semantic="INTERPOLATION" source="#mixamorig_Hips-Interpolations"/>
      </sampler>
      <channel source="#mixamorig_Hips-Matrix-animation-transform" target="mixamorig_Hips/matrix"/>
    </animation>
    <animation id="mixamorig_Spine-anim" name="mixamorig_Spine">
      <source id="mixamorig_Spine-Matrix-animation-input">
        <float_array id="mixamorig_Spine-Matrix-animation-input-array" count="56">

0.000000 0.033333 0.066667 0.100000 0.133333 0.166667 0.200000 0.233333 0.266667 0.300000 0.333333 0.366667 0.400000 0.433333 0.466667 0.500000
0.533333 0.566667 0.600000 0.633333 0.666667 0.700000 0.733333 0.766667 0.800000 0.833333 0.866667 0.900000 0.933333 0.966667 1.000000 1.033333
1.066667 1.100000 1.133333 1.166667 1.200000 1.233333 1.266667 1.300000 1.333333 1.366667 1.400000 1.433333 1.466667 1.500000 1.533333 1.566667
1.600000 1.633333 1.666667 1.700000 1.733333 1.766667 1.800000 1.833333</float_array>
        <technique_common>
          <accessor source="#mixamorig_Spine-Matrix-animation-input-array" count="56">
            <param name="TIME" type="float"/>
          </accessor>
        </technique_common>
      </source>
      <source id="mixamorig_Spine-Matrix-animation-output-transform">
        <float_array id="mixamorig_Spine-Matrix-animation-output-transform-array" count="896">

0.998668 -0.000154 0.051593 0.000000 0.004114 0.997048 -0.076667 10.528800 -0.051429 0.076778 0.995721 -0.610600 0.000000 0.000000 0.000000 1.000000
0.998660 -0.000049 0.051751 0.000000 0.004038 0.997025 -0.076970 10.528800 -0.051593 0.077075 0.995689 -0.610600 0.000000 0.000000 0.000000 1.000000
0.998644 0.000225 0.052054 0.000000 0.003810 0.996993 -0.077402 10.528800 -0.051915 0.077495 0.995640 -0.610600 0.000000 0.000000 0.000000 1.000000
0.998631 0.000606 0.052298 0.000000 0.003440 0.997006 -0.077251 10.528800 -0.052188 0.077325 0.995639 -0.610600 0.000000 0.000000 0.000000 1.000000
0.998635 0.001169 0.052214 0.000000 0.002781 0.997141 -0.075513 10.528800 -0.052153 0.075555 0.995777 -0.610600 0.000000 0.000000 0.000000 1.000000
0.998657 0.001719 0.051776 0.000000 0.002070 0.997327 -0.073036 10.528800 -0.051763 0.073045 0.995984 -0.610600 0.000000 0.000000 0.000000 1.000000
0.998660 0.002539 0.051680 0.000000 0.001090 0.997541 -0.070080 10.528800 -0.051730 0.070043 0.996202 -0.610600 0.000000 0.000000 0.000000 1.000000
0.998658 0.003359 0.051681 0.000000 0.000120 0.997742 -0.067170 10.528800 -0.051789 0.067086 0.996402 -0.610600 0.000000 0.000000 0.000000 1.000000
0.998656 0.003959 0.051674 0.000000 -0.000625 0.997925 -0.064382 10.528800 -0.051822 0.064263 0.996587 -0.610600 0.000000 0.000000 0.000000 1.000000
0.998664 0.004352 0.051497 -0.000000 -0.001163 0.998089 -0.061789 10.528800 -0.051668 0.061647 0.996760 -0.610600 0.000000 0.000000 0.000000 1.000000
0.998687 0.004743 0.051004 0.000000 -0.001705 0.998230 -0.059442 10.528800 -0.051196 0.059277 0.996928 -0.610600 0.000000 0.000000 0.000000 1.000000
0.998697 0.004802 0.050807 0.000000 -0.001914 0.998387 -0.056738 10.528800 -0.050997 0.056567 0.997096 -0.610600 0.000000 0.000000 0.000000 1.000000
0.998701 0.004400 0.050770 0.000000 -0.001630 0.998514 -0.054472 10.528800 -0.050935 0.054319 0.997224 -0.610600 0.000000 0.000000 0.000000 1.000000
0.998705 0.004067 0.050715 0.000000 -0.001400 0.998619 -0.052515 10.528800 -0.050858 0.052376 0.997332 -0.610600 0.000000 0.000000 0.000000 1.000000
0.998708 0.004019 0.050660 0.000000 -0.001443 0.998709 -0.050770 10.528800 -0.050799 0.050631 0.997425 -0.610600 0.000000 0.000000 0.000000 1.000000
0.998707 0.003888 0.050687 0.000000 -0.001388 0.998785 -0.049269 10.528800 -0.050817 0.049135 0.997499 -0.610600 0.000000 0.000000 0.000000 1.000000
0.998701 0.003539 0.050822 0.000000 -0.001085 0.998836 -0.048225 10.528800 -0.050934 0.048108 0.997543 -0.610600 0.000000 0.000000 0.000000 1.000000
0.998691 0.003399 0.051037 0.000000 -0.001034 0.998927 -0.046307 10.528800 -0.051139 0.046193 0.997623 -0.610600 0.000000 0.000000 0.000000 1.000000
0.998682 0.003373 0.051210 0.000000 -0.001115 0.999028 -0.044057 10.528800 -0.051308 0.043942 0.997716 -0.610600 0.000000 0.000000 0.000000 1.000000
0.998683 0.003313 0.051198 0.000000 -0.001163 0.999119 -0.041961 10.528800 -0.051292 0.041847 0.997807 -0.610600 0.000000 0.000000 0.000000 1.000000
0.998683 0.003126 0.051217 0.000000 -0.001067 0.999192 -0.040179 10.528800 -0.051302 0.040071 0.997879 -0.610600 0.000000 0.000000 0.000000 1.000000
0.998667 0.002900 0.051543 0.000000 -0.000914 0.999258 -0.038510 10.528800 -0.051616 0.038412 0.997928 -0.610600 0.000000 0.000000 0.000000 1.000000
0.998659 0.002582 0.051701 0.000000 -0.000661 0.999310 -0.037143 10.528800 -0.051761 0.037059 0.997972 -0.610600 0.000000 0.000000 0.000000 1.000000
0.998657 0.002256 0.051766 0.000000 -0.000398 0.999356 -0.035891 10.528800 -0.051814 0.035823 0.998014 -0.610600 0.000000 0.000000 0.000000 1.000000
0.998654 0.001953 0.051823 0.000000 -0.000152 0.999396 -0.034737 10.528800 -0.051860 0.034682 0.998052 -0.610600 0.000000 0.000000 0.000000 1.000000
0.998649 0.001624 0.051929 0.000000 0.000133 0.999428 -0.033820 10.528800 -0.051954 0.033782 0.998078 -0.610600 0.000000 0.000000 0.000000 1.000000
0.998633 0.001117 0.052261 0.000000 0.000593 0.999465 -0.032696 10.528800 -0.052270 0.032682 0.998098 -0.610600 0.000000 0.000000 0.000000 1.000000
0.998621 0.000645 0.052494 0.000000 0.001042 0.999484 -0.032098 10.528800 -0.052488 0.032109 0.998105 -0.610600 0.000000 0.000000 0.000000 1.000000
0.998612 0.000257 0.052662 0.000000 0.001455 0.999472 -0.032473 10.528800 -0.052642 0.032505 0.998084 -0.610600 0.000000 0.000000 0.000000 1.000000
0.998606 0.000113 0.052791 0.000000 0.001674 0.999427 -0.033812 10.528800 -0.052765 0.033853 0.998033 -0.610600 0.000000 0.000000 0.000000 1.000000
0.998607 0.000300 0.052761 -0.000000 0.001587 0.999361 -0.035711 10.528800 -0.052738 0.035745 0.997968 -0.610600 0.000000 0.000000 0.000000 1.000000
0.998634 0.000439 0.052252 0.000000 0.001555 0.999272 -0.038127 10.528800 -0.052231 0.038156 0.997906 -0.610600 0.000000 0.000000 0.000000 1.000000
0.998665 0.000146 0.051664 0.000000 0.001994 0.999143 -0.041354 10.528800 -0.051625 0.041402 0.997808 -0.610600 0.000000 0.000000 0.000000 1.000000
0.998676 0.000117 0.051444 -0.000000 0.002177 0.999006 -0.044523 10.528800 -0.051398 0.044576 0.997683 -0.610600 0.000000 0.000000 0.000000 1.000000
0.998681 0.000407 0.051347 0.000000 0.002029 0.998874 -0.047391 10.528800 -0.051309 0.047433 0.997556 -0.610600 0.000000 0.000000 0.000000 1.000000
0.998701 0.000362 0.050960 0.000000 0.002211 0.998725 -0.050426 10.528800 -0.050913 0.050474 0.997427 -0.610600 0.000000 0.000000 0.000000 1.000000
0.998691 0.000897 0.051149 0.000000 0.001822 0.998587 -0.053102 10.528800 -0.051125 0.053126 0.997278 -0.610600 0.000000 0.000000 0.000000 1.000000
0.998695 0.001144 0.051066 0.000000 0.001689 0.998464 -0.055383 10.528800 -0.051051 0.055397 0.997158 -0.610600 0.000000 0.000000 0.000000 1.000000
0.998713 0.001286 0.050709 0.000000 0.001634 0.998345 -0.057492 10.528800 -0.050699 0.057501 0.997057 -0.610600 0.000000 0.000000 0.000000 1.000000
0.998720 0.001387 0.050553 0.000000 0.001619 0.998234 -0.059380 10.528800 -0.050546 0.059386 0.996955 -0.610600 0.000000 0.000000 0.000000 1.000000
0.998707 0.001476 0.050816 0.000000 0.001620 0.998147 -0.060829 10.528800 -0.050811 0.060833 0.996854 -0.610600 0.000000 0.000000 0.000000 1.000000
0.998757 0.001484 0.049818 0.000000 0.001653 0.998020 -0.062870 10.528800 -0.049813 0.062874 0.996778 -0.610600 0.000000 0.000000 0.000000 1.000000
0.998759 0.001351 0.049794 0.000000 0.001863 0.997919 -0.064456 10.528800 -0.049777 0.064469 0.996677 -0.610600 0.000000 0.000000 0.000000 1.000000
0.998749 0.001190 0.049984 0.000000 0.002101 0.997836 -0.065724 10.528800 -0.049954 0.065747 0.996585 -0.610600 0.000000 0.000000 0.000000 1.000000
0.998754 0.000954 0.049899 0.000000 0.002396 0.997749 -0.067021 10.528800 -0.049850 0.067057 0.996503 -0.610600 0.000000 0.000000 0.000000 1.000000
0.998761 0.000419 0.049766 0.000000 0.003001 0.997639 -0.068610 10.528800 -0.049677 0.068675 0.996401 -0.610600 0.000000 0.000000 0.000000 1.000000
0.998763 0.000301 0.049718 0.000000 0.003168 0.997564 -0.069688 10.528800 -0.049618 0.069759 0.996329 -0.610600 0.000000 0.000000 0.000000 1.000000
0.998753 0.000149 0.049934 -0.000000 0.003410 0.997459 -0.071167 10.528800 -0.049818 0.071249 0.996214 -0.610600 0.000000 0.000000 0.000000 1.000000
0.998735 -0.000126 0.050291 0.000000 0.003790 0.997342 -0.072762 10.528800 -0.050148 0.072861 0.996081 -0.610600 0.000000 0.000000 0.000000 1.000000
0.998720 -0.000369 0.050587 0.000000 0.004119 0.997247 -0.074033 10.528800 -0.050420 0.074146 0.995972 -0.610600 0.000000 0.000000 0.000000 1.000000
0.998716 -0.000402 0.050666 -0.000000 0.004190 0.997199 -0.074676 10.528800 -0.050494 0.074792 0.995920 -0.610600 0.000000 0.000000 0.000000 1.000000
0.998705 -0.000314 0.050873 0.000000 0.004147 0.997155 -0.075258 10.528800 -0.050704 0.075371 0.995866 -0.610600 0.000000 0.000000 0.000000 1.000000
0.998693 -0.000250 0.051111 0.000000 0.004128 0.997117 -0.075771 10.528800 -0.050945 0.075883 0.995814 -0.610600 0.000000 0.000000 0.000000 1.000000
0.998681 -0.000198 0.051353 0.000000 0.004118 0.997082 -0.076223 10.528800 -0.051188 0.076334 0.995768 -0.610600 0.000000 0.000000 0.000000 1.000000
0.998672 -0.000166 0.051522 0.000000 0.004114 0.997058 -0.076544 10.528800 -0.051358 0.076654 0.995734 -0.610600 0.000000 0.000000 0.000000 1.000000
0.998668 -0.000154 0.051593 -0.000000 0.004114 0.997048 -0.076668 10.528800 -0.051429 0.076778 0.995721 -0.610600 0.000000 0.000000 0.000000 1.000000</float_array>
        <technique_common>
          <accessor source="#mixamorig_Spine-Matrix-animation-output-transform-array" count="56" stride="16">
            <param type="float4x4"/>
          </accessor>
        </technique_common>
      </source>
      <source id="mixamorig_Spine-Interpolations">
        <Name_array id="mixamorig_Spine-Interpolations-array" count="56">
 LINEAR LINEAR LINEAR LINEAR LINEAR LINEAR LINEAR LINEAR LINEAR LINEAR LINEAR
LINEAR LINEAR LINEAR LINEAR LINEAR LINEAR LINEAR LINEAR LINEAR LINEAR LINEAR LINEAR
LINEAR LINEAR LINEAR LINEAR LINEAR LINEAR LINEAR LINEAR LINEAR LINEAR LINEAR LINEAR
LINEAR LINEAR LINEAR LINEAR LINEAR LINEAR LINEAR LINEAR LINEAR LINEAR LINEAR LINEAR
LINEAR LINEAR LINEAR LINEAR LINEAR LINEAR LINEAR LINEAR LINEAR</Name_array>
        <technique_common>
          <accessor source="#mixamorig_Spine-Interpolations-array" count="56">
            <param type="name"/>
          </accessor>
        </technique_common>
      </source>
      <sampler id="mixamorig_Spine-Matrix-animation-transform">
        <input semantic="INPUT" source="#mixamorig_Spine-Matrix-animation-input"/>
        <input semantic="OUTPUT" source="#mixamorig_Spine-Matrix-animation-output-transform"/>
        <input semantic="INTERPOLATION" source="#mixamorig_Spine-Interpolations"/>
      </sampler>
      <channel source="#mixamorig_Spine-Matrix-animation-transform" target="mixamorig_Spine/matrix"/>
    </animation>
    <animation id="mixamorig_Spine1-anim" name="mixamorig_Spine1">
      <source id="mixamorig_Spine1-Matrix-animation-input">
        <float_array id="mixamorig_Spine1-Matrix-animation-input-array" count="56">

0.000000 0.033333 0.066667 0.100000 0.133333 0.166667 0.200000 0.233333 0.266667 0.300000 0.333333 0.366667 0.400000 0.433333 0.466667 0.500000
0.533333 0.566667 0.600000 0.633333 0.666667 0.700000 0.733333 0.766667 0.800000 0.833333 0.866667 0.900000 0.933333 0.966667 1.000000 1.033333
1.066667 1.100000 1.133333 1.166667 1.200000 1.233333 1.266667 1.300000 1.333333 1.366667 1.400000 1.433333 1.466667 1.500000 1.533333 1.566667
1.600000 1.633333 1.666667 1.700000 1.733333 1.766667 1.800000 1.833333</float_array>
        <technique_common>
          <accessor source="#mixamorig_Spine1-Matrix-animation-input-array" count="56">
            <param name="TIME" type="float"/>
          </accessor>
        </technique_common>
      </source>
      <source id="mixamorig_Spine1-Matrix-animation-output-transform">
        <float_array id="mixamorig_Spine1-Matrix-animation-output-transform-array" count="896">

0.994254 -0.007362 0.106795 0.000000 0.011976 0.999019 -0.042627 11.377000 -0.106377 0.043661 0.993367 -0.000000 0.000000 0.000000 0.000000 1.000000
0.994268 -0.007086 0.106682 -0.000000 0.011755 0.998997 -0.043201 11.377000 -0.106269 0.044208 0.993354 0.000000 0.000000 0.000000 0.000000 1.000000
0.994284 -0.006449 0.106569 -0.000000 0.011114 0.999003 -0.043246 11.377000 -0.106184 0.044183 0.993364 -0.000000 0.000000 0.000000 0.000000 1.000000
0.994269 -0.005739 0.106749 -0.000000 0.010339 0.999039 -0.042589 11.377000 -0.106402 0.043448 0.993373 0.000000 0.000000 0.000000 0.000000 1.000000
0.994191 -0.004967 0.107517 -0.000000 0.009328 0.999152 -0.040102 11.377000 -0.107226 0.040872 0.993394 0.000000 0.000000 0.000000 0.000000 1.000000
0.994132 -0.003857 0.108106 -0.000000 0.007786 0.999323 -0.035945 11.377000 -0.107894 0.036576 0.993489 0.000000 0.000000 0.000000 0.000000 1.000000
0.994067 -0.002694 0.108735 0.000000 0.006108 0.999498 -0.031075 11.377000 -0.108597 0.031555 0.993585 0.000000 0.000000 0.000000 0.000000 1.000000
0.993991 -0.001306 0.109450 -0.000000 0.004156 0.999658 -0.025816 11.377000 -0.109379 0.026116 0.993657 0.000000 0.000000 0.000000 0.000000 1.000000
0.993942 -0.000437 0.109909 0.000000 0.002756 0.999777 -0.020949 11.377000 -0.109876 0.021125 0.993721 -0.000000 0.000000 0.000000 0.000000 1.000000
0.993946 -0.000064 0.109871 -0.000000 0.001863 0.999866 -0.016278 11.377000 -0.109856 0.016384 0.993813 -0.000000 0.000000 0.000000 0.000000 1.000000
0.993974 0.000007 0.109612 0.000000 0.001309 0.999928 -0.011931 11.377000 -0.109604 0.012003 0.993903 -0.000000 0.000000 0.000000 0.000000 1.000000
0.993996 0.000550 0.109417 0.000000 0.000142 0.999980 -0.006312 11.377000 -0.109418 0.006289 0.993976 0.000000 0.000000 0.000000 0.000000 1.000000
0.994003 0.000387 0.109352 0.000000 -0.000222 0.999999 -0.001516 11.377000 -0.109352 0.001482 0.994002 -0.000000 0.000000 0.000000 0.000000 1.000000
0.994016 0.000074 0.109235 -0.000000 -0.000411 0.999995 0.003064 11.377000 -0.109234 -0.003091 0.994011 -0.000000 0.000000 0.000000 0.000000 1.000000
0.994017 -0.000633 0.109220 0.000000 -0.000061 0.999980 0.006355 11.377000 -0.109222 -0.006324 0.993997 -0.000000 0.000000 0.000000 0.000000 1.000000
0.993996 -0.001459 0.109404 -0.000000 0.000476 0.999959 0.009010 11.377000 -0.109413 -0.008903 0.993957 0.000000 0.000000 0.000000 0.000000 1.000000
0.993935 -0.002433 0.109942 -0.000000 0.001077 0.999923 0.012395 11.377000 -0.109964 -0.012201 0.993861 0.000000 0.000000 0.000000 0.000000 1.000000
0.993869 -0.003195 0.110520 0.000000 0.001437 0.999871 0.015985 11.377000 -0.110557 -0.015729 0.993745 -0.000000 0.000000 0.000000 0.000000 1.000000
0.993776 -0.003793 0.111329 0.000000 0.001507 0.999786 0.020613 11.377000 -0.111384 -0.020317 0.993570 0.000000 0.000000 0.000000 0.000000 1.000000
0.993753 -0.004315 0.111517 0.000000 0.001573 0.999695 0.024664 11.377000 -0.111589 -0.024334 0.993456 -0.000000 0.000000 0.000000 0.000000 1.000000
0.993715 -0.004964 0.111826 0.000000 0.001762 0.999586 0.028713 11.377000 -0.111922 -0.028335 0.993313 0.000000 0.000000 0.000000 0.000000 1.000000
0.993675 -0.005888 0.112138 0.000000 0.002233 0.999463 0.032690 11.377000 -0.112270 -0.032233 0.993155 0.000000 0.000000 0.000000 0.000000 1.000000
0.993639 -0.006727 0.112408 0.000000 0.002686 0.999346 0.036064 11.377000 -0.112577 -0.035533 0.993008 0.000000 0.000000 0.000000 0.000000 1.000000
0.993602 -0.007687 0.112680 0.000000 0.003300 0.999231 0.039065 11.377000 -0.112893 -0.038443 0.992863 -0.000000 0.000000 0.000000 0.000000 1.000000
0.993549 -0.008650 0.113076 0.000000 0.003990 0.999136 0.041376 11.377000 -0.113336 -0.040658 0.992725 0.000000 0.000000 0.000000 0.000000 1.000000
0.993517 -0.009470 0.113289 0.000000 0.004592 0.999054 0.043243 11.377000 -0.113591 -0.042443 0.992621 0.000000 0.000000 0.000000 0.000000 1.000000
0.993465 -0.010080 0.113687 -0.000000 0.005087 0.999013 0.044124 11.377000 -0.114020 -0.043257 0.992536 0.000000 0.000000 0.000000 0.000000 1.000000
0.993424 -0.010251 0.114037 0.000000 0.005264 0.999020 0.043941 11.377000 -0.114375 -0.043052 0.992504 0.000000 0.000000 0.000000 0.000000 1.000000
0.993397 -0.010134 0.114278 0.000000 0.005321 0.999089 0.042339 11.377000 -0.114603 -0.041451 0.992546 -0.000000 0.000000 0.000000 0.000000 1.000000
0.993380 -0.009852 0.114449 0.000000 0.005308 0.999188 0.039944 11.377000 -0.114749 -0.039072 0.992626 -0.000000 0.000000 0.000000 0.000000 1.000000
0.993404 -0.009481 0.114278 0.000000 0.005316 0.999312 0.036699 11.377000 -0.114548 -0.035850 0.992771 0.000000 0.000000 0.000000 0.000000 1.000000
0.993492 -0.009413 0.113513 -0.000000 0.005632 0.999420 0.033580 11.377000 -0.113764 -0.032722 0.992969 0.000000 0.000000 0.000000 0.000000 1.000000
0.993632 -0.009725 0.112253 0.000000 0.006416 0.999535 0.029808 11.377000 -0.112491 -0.028898 0.993232 0.000000 0.000000 0.000000 0.000000 1.000000
0.993777 -0.009666 0.110967 0.000000 0.006933 0.999664 0.024983 11.377000 -0.111171 -0.024058 0.993510 -0.000000 0.000000 0.000000 0.000000 1.000000
0.993889 -0.009528 0.109969 0.000000 0.007327 0.999765 0.020400 11.377000 -0.110138 -0.019469 0.993726 -0.000000 0.000000 0.000000 0.000000 1.000000
0.993916 -0.009854 0.109696 0.000000 0.008290 0.999858 0.014705 11.377000 -0.109825 -0.013706 0.993856 -0.000000 0.000000 0.000000 0.000000 1.000000
0.993991 -0.009398 0.109055 -0.000000 0.008426 0.999921 0.009373 11.377000 -0.109134 -0.008398 0.993992 -0.000000 0.000000 0.000000 0.000000 1.000000
0.994008 -0.008526 0.108970 -0.000000 0.008100 0.999958 0.004350 11.377000 -0.109002 -0.003441 0.994036 0.000000 0.000000 0.000000 0.000000 1.000000
0.994101 -0.007748 0.108185 -0.000000 0.007757 0.999970 0.000338 11.377000 -0.108184 0.000503 0.994131 -0.000000 0.000000 0.000000 0.000000 1.000000
0.994223 -0.007174 0.107094 0.000000 0.007613 0.999964 -0.003692 11.377000 -0.107064 0.004485 0.994242 0.000000 0.000000 0.000000 0.000000 1.000000
0.994200 -0.007227 0.107304 0.000000 0.008092 0.999938 -0.007630 11.377000 -0.107242 0.008454 0.994197 0.000000 0.000000 0.000000 0.000000 1.000000
0.994321 -0.006614 0.106214 0.000000 0.007838 0.999908 -0.011116 11.377000 -0.106130 0.011885 0.994281 0.000000 0.000000 0.000000 0.000000 1.000000
0.994385 -0.006717 0.105608 -0.000000 0.008281 0.999862 -0.014375 11.377000 -0.105497 0.015169 0.994304 0.000000 0.000000 0.000000 0.000000 1.000000
0.994412 -0.007050 0.105331 -0.000000 0.008897 0.999815 -0.017076 11.377000 -0.105191 0.017918 0.994291 0.000000 0.000000 0.000000 0.000000 1.000000
0.994454 -0.007440 0.104907 -0.000000 0.009594 0.999753 -0.020037 11.377000 -0.104732 0.020932 0.994280 0.000000 0.000000 0.000000 0.000000 1.000000
0.994469 -0.008039 0.104721 0.000000 0.010459 0.999690 -0.022573 11.377000 -0.104507 0.023543 0.994245 0.000000 0.000000 0.000000 0.000000 1.000000
0.994476 -0.008797 0.104592 0.000000 0.011497 0.999615 -0.025235 11.377000 -0.104330 0.026298 0.994195 0.000000 0.000000 0.000000 0.000000 1.000000
0.994476 -0.009227 0.104561 -0.000000 0.012221 0.999533 -0.028023 11.377000 -0.104253 0.029146 0.994124 0.000000 0.000000 0.000000 0.000000 1.000000
0.994444 -0.009367 0.104852 -0.000000 0.012701 0.999433 -0.031173 11.377000 -0.104500 0.032332 0.993999 0.000000 0.000000 0.000000 0.000000 1.000000
0.994375 -0.009503 0.105490 -0.000000 0.013136 0.999342 -0.033800 11.377000 -0.105099 0.034995 0.993846 0.000000 0.000000 0.000000 0.000000 1.000000
0.994354 -0.009550 0.105687 0.000000 0.013442 0.999255 -0.036169 11.377000 -0.105263 0.037385 0.993741 0.000000 0.000000 0.000000 0.000000 1.000000
0.994340 -0.009473 0.105820 0.000000 0.013543 0.999193 -0.037811 11.377000 -0.105376 0.039030 0.993666 0.000000 0.000000 0.000000 0.000000 1.000000
0.994316 -0.008913 0.106095 0.000000 0.013167 0.999134 -0.039466 11.377000 -0.105651 0.040639 0.993572 -0.000000 0.000000 0.000000 0.000000 1.000000
0.994289 -0.008211 0.106408 0.000000 0.012640 0.999079 -0.041015 11.377000 -0.105973 0.042126 0.993476 0.000000 0.000000 0.000000 0.000000 1.000000
0.994265 -0.007612 0.106670 -0.000000 0.012173 0.999036 -0.042167 11.377000 -0.106246 0.043223 0.993400 0.000000 0.000000 0.000000 0.000000 1.000000
0.994254 -0.007362 0.106795 0.000000 0.011976 0.999019 -0.042627 11.377000 -0.106376 0.043661 0.993367 -0.000000 0.000000 0.000000 0.000000 1.000000</float_array>
        <technique_common>
          <accessor source="#mixamorig_Spine1-Matrix-animation-output-transform-array" count="56" stride="16">
            <param type="float4x4"/>
          </accessor>
        </technique_common>
      </source>
      <source id="mixamorig_Spine1-Interpolations">
        <Name_array id="mixamorig_Spine1-Interpolations-array" count="56">
 LINEAR LINEAR LINEAR LINEAR LINEAR LINEAR LINEAR LINEAR LINEAR LINEAR LINEAR
LINEAR LINEAR LINEAR LINEAR LINEAR LINEAR LINEAR LINEAR LINEAR LINEAR LINEAR LINEAR
LINEAR LINEAR LINEAR LINEAR LINEAR LINEAR LINEAR LINEAR LINEAR LINEAR LINEAR LINEAR
LINEAR LINEAR LINEAR LINEAR LINEAR LINEAR LINEAR LINEAR LINEAR LINEAR LINEAR LINEAR
LINEAR LINEAR LINEAR LINEAR LINEAR LINEAR LINEAR LINEAR LINEAR</Name_array>
        <technique_common>
          <accessor source="#mixamorig_Spine1-Interpolations-array" count="56">
            <param type="name"/>
          </accessor>
        </technique_common>
      </source>
      <sampler id="mixamorig_Spine1-Matrix-animation-transform">
        <input semantic="INPUT" source="#mixamorig_Spine1-Matrix-animation-input"/>
        <input semantic="OUTPUT" source="#mixamorig_Spine1-Matrix-animation-output-transform"/>
        <input semantic="INTERPOLATION" source="#mixamorig_Spine1-Interpolations"/>
      </sampler>
      <channel source="#mixamorig_Spine1-Matrix-animation-transform" target="mixamorig_Spine1/matrix"/>
    </animation>
    <animation id="mixamorig_Spine2-anim" name="mixamorig_Spine2">
      <source id="mixamorig_Spine2-Matrix-animation-input">
        <float_array id="mixamorig_Spine2-Matrix-animation-input-array" count="56">

0.000000 0.033333 0.066667 0.100000 0.133333 0.166667 0.200000 0.233333 0.266667 0.300000 0.333333 0.366667 0.400000 0.433333 0.466667 0.500000
0.533333 0.566667 0.600000 0.633333 0.666667 0.700000 0.733333 0.766667 0.800000 0.833333 0.866667 0.900000 0.933333 0.966667 1.000000 1.033333
1.066667 1.100000 1.133333 1.166667 1.200000 1.233333 1.266667 1.300000 1.333333 1.366667 1.400000 1.433333 1.466667 1.500000 1.533333 1.566667
1.600000 1.633333 1.666667 1.700000 1.733333 1.766667 1.800000 1.833333</float_array>
        <technique_common>
          <accessor source="#mixamorig_Spine2-Matrix-animation-input-array" count="56">
            <param name="TIME" type="float"/>
          </accessor>
        </technique_common>
      </source>
      <source id="mixamorig_Spine2-Matrix-animation-output-transform">
        <float_array id="mixamorig_Spine2-Matrix-animation-output-transform-array" count="896">

0.994254 -0.036973 0.100463 0.000000 0.020690 0.987137 0.158530 14.062000 -0.105032 -0.155541 0.982230 -0.000000 0.000000 0.000000 0.000000 1.000000
0.994269 -0.036720 0.100404 0.000000 0.020510 0.987233 0.157955 14.062000 -0.104922 -0.154991 0.982328 -0.000000 0.000000 0.000000 0.000000 1.000000
0.994288 -0.036077 0.100445 0.000000 0.019872 0.987257 0.157889 14.062000 -0.104861 -0.154992 0.982335 0.000000 0.000000 0.000000 0.000000 1.000000
0.994274 -0.035454 0.100806 0.000000 0.019127 0.987168 0.158538 14.062000 -0.105133 -0.155703 0.982193 0.000000 0.000000 0.000000 0.000000 1.000000
0.994191 -0.034945 0.101800 0.000000 0.018194 0.986779 0.161049 14.062000 -0.106082 -0.158261 0.981682 0.000000 0.000000 0.000000 0.000000 1.000000
0.994132 -0.033982 0.102697 0.000000 0.016645 0.986123 0.165178 14.062000 -0.106885 -0.162499 0.980902 0.000000 0.000000 0.000000 0.000000 1.000000
0.994061 -0.033082 0.103671 -0.000000 0.015058 0.985322 0.170043 14.062000 -0.107774 -0.167472 0.979968 0.000000 0.000000 0.000000 0.000000 1.000000
0.993987 -0.031955 0.104732 -0.000000 0.013183 0.984435 0.175253 14.062000 -0.108702 -0.172818 0.978937 0.000000 0.000000 0.000000 0.000000 1.000000
0.993932 -0.031305 0.105444 -0.000000 0.011876 0.983582 0.180071 14.062000 -0.109350 -0.177726 0.977986 0.000000 0.000000 0.000000 0.000000 1.000000
0.993934 -0.030981 0.105528 0.000000 0.011023 0.982734 0.184694 14.062000 -0.109428 -0.182411 0.977114 -0.000000 0.000000 0.000000 0.000000 1.000000
0.993957 -0.030849 0.105347 0.000000 0.010440 0.981915 0.189032 14.062000 -0.109273 -0.186790 0.976304 -0.000000 0.000000 0.000000 0.000000 1.000000
0.993984 -0.030241 0.105267 0.000000 0.009244 0.980861 0.194491 14.062000 -0.109134 -0.192348 0.975240 0.000000 0.000000 0.000000 0.000000 1.000000
0.993999 -0.030348 0.105097 -0.000000 0.008867 0.979937 0.199109 14.062000 -0.109031 -0.196982 0.974326 -0.000000 0.000000 0.000000 0.000000 1.000000
0.994017 -0.030548 0.104866 0.000000 0.008615 0.979029 0.203540 14.062000 -0.108884 -0.201419 0.973435 0.000000 0.000000 0.000000 0.000000 1.000000
0.994014 -0.031244 0.104686 0.000000 0.008971 0.978340 0.206809 14.062000 -0.108880 -0.204632 0.972764 0.000000 0.000000 0.000000 0.000000 1.000000
0.993984 -0.032134 0.104704 0.000000 0.009547 0.977772 0.209453 14.062000 -0.109107 -0.207193 0.972197 0.000000 0.000000 0.000000 0.000000 1.000000
0.993921 -0.033083 0.105003 0.000000 0.010044 0.977050 0.212771 14.062000 -0.109632 -0.210423 0.971444 0.000000 0.000000 0.000000 0.000000 1.000000
0.993862 -0.033985 0.105280 0.000000 0.010467 0.976263 0.216335 14.062000 -0.110134 -0.213906 0.970626 0.000000 0.000000 0.000000 0.000000 1.000000
0.993768 -0.034782 0.105904 0.000000 0.010593 0.975240 0.220895 14.062000 -0.110965 -0.218397 0.969531 0.000000 0.000000 0.000000 0.000000 1.000000
0.993742 -0.035329 0.105962 0.000000 0.010662 0.974332 0.224862 14.062000 -0.111186 -0.222325 0.968612 0.000000 0.000000 0.000000 0.000000 1.000000
0.993709 -0.035972 0.106063 0.000000 0.010811 0.973403 0.228845 14.062000 -0.111474 -0.226259 0.967668 -0.000000 0.000000 0.000000 0.000000 1.000000
0.993661 -0.036910 0.106184 0.000000 0.011251 0.972472 0.232747 14.062000 -0.111851 -0.230077 0.966723 -0.000000 0.000000 0.000000 0.000000 1.000000
0.993618 -0.037754 0.106295 -0.000000 0.011670 0.971675 0.236033 14.062000 -0.112195 -0.233286 0.965914 0.000000 0.000000 0.000000 0.000000 1.000000
0.993579 -0.038706 0.106312 -0.000000 0.012253 0.970947 0.238981 14.062000 -0.112473 -0.236144 0.965187 0.000000 0.000000 0.000000 0.000000 1.000000
0.993546 -0.039688 0.106260 -0.000000 0.012960 0.970375 0.241255 14.062000 -0.112687 -0.238321 0.964627 0.000000 0.000000 0.000000 0.000000 1.000000
0.993509 -0.040546 0.106281 0.000000 0.013579 0.969911 0.243081 14.062000 -0.112939 -0.240060 0.964166 0.000000 0.000000 0.000000 0.000000 1.000000
0.993454 -0.041383 0.106475 0.000000 0.014251 0.969693 0.243910 14.062000 -0.113342 -0.240796 0.963935 0.000000 0.000000 0.000000 0.000000 1.000000
0.993409 -0.041728 0.106754 0.000000 0.014548 0.969748 0.243675 14.062000 -0.113692 -0.240516 0.963964 0.000000 0.000000 0.000000 0.000000 1.000000
0.993380 -0.041962 0.106939 0.000000 0.014918 0.970137 0.242100 14.062000 -0.113905 -0.238902 0.964340 0.000000 0.000000 0.000000 0.000000 1.000000
0.993365 -0.041741 0.107165 0.000000 0.014928 0.970725 0.239728 14.062000 -0.114034 -0.236537 0.964907 0.000000 0.000000 0.000000 0.000000 1.000000
0.993391 -0.041105 0.107165 0.000000 0.014683 0.971512 0.236536 14.062000 -0.113835 -0.233400 0.965695 -0.000000 0.000000 0.000000 0.000000 1.000000
0.993482 -0.040630 0.106500 0.000000 0.014726 0.972236 0.233538 14.062000 -0.113031 -0.230448 0.966498 -0.000000 0.000000 0.000000 0.000000 1.000000
0.993631 -0.040302 0.105231 0.000000 0.015131 0.973116 0.229816 14.062000 -0.111664 -0.226761 0.967528 0.000000 0.000000 0.000000 0.000000 1.000000
0.993778 -0.039959 0.103968 -0.000000 0.015620 0.974207 0.225116 14.062000 -0.110282 -0.222092 0.968769 0.000000 0.000000 0.000000 0.000000 1.000000
0.993888 -0.039674 0.103018 0.000000 0.016054 0.975213 0.220683 14.062000 -0.109220 -0.217680 0.969890 -0.000000 0.000000 0.000000 0.000000 1.000000
0.993915 -0.039543 0.102810 0.000000 0.016593 0.976442 0.215140 14.062000 -0.108895 -0.212125 0.971156 -0.000000 0.000000 0.000000 0.000000 1.000000
0.993985 -0.038860 0.102390 0.000000 0.016591 0.977570 0.209956 14.062000 -0.108252 -0.206994 0.972335 -0.000000 0.000000 0.000000 0.000000 1.000000
0.993999 -0.038169 0.102511 0.000000 0.016432 0.978614 0.205046 14.062000 -0.108145 -0.202131 0.973369 0.000000 0.000000 0.000000 0.000000 1.000000
