<?xml version="1.0" encoding="utf-8"?>
<COLLADA xmlns="http://www.collada.org/2005/11/COLLADASchema" version="1.4.1">
  <asset>
    <contributor>
      <author>Mixamo</author>
      <authoring_tool>COLLADA Mixamo exporter</authoring_tool>
      <comments/>
    </contributor>
    <created>2024-12-16T05:16:48Z</created>
    <modified>2024-12-16T05:16:48Z</modified>
    <revision/>
    <title/>
    <unit meter="0.010000"/>
    <up_axis>Y_UP</up_axis>
  </asset>
  <library_animations>
    <animation id="mixamorig_Hips-anim" name="mixamorig_Hips">
      <source id="mixamorig_Hips-Matrix-animation-input">
        <float_array id="mixamorig_Hips-Matrix-animation-input-array" count="101">

0.000000 0.033333 0.066667 0.100000 0.133333 0.166667 0.200000 0.233333 0.266667 0.300000 0.333333 0.366667 0.400000 0.433333 0.466667 0.500000
0.533333 0.566667 0.600000 0.633333 0.666667 0.700000 0.733333 0.766667 0.800000 0.833333 0.866667 0.900000 0.933333 0.966667 1.000000 1.033333
1.066667 1.100000 1.133333 1.166667 1.200000 1.233333 1.266667 1.300000 1.333333 1.366667 1.400000 1.433333 1.466667 1.500000 1.533333 1.566667
1.600000 1.633333 1.666667 1.700000 1.733333 1.766667 1.800000 1.833333 1.866667 1.900000 1.933333 1.966667 2.000000 2.033333 2.066667 2.100000
2.133333 2.166667 2.200000 2.233333 2.266667 2.300000 2.333333 2.366667 2.400000 2.433333 2.466667 2.500000 2.533333 2.566667 2.600000 2.633333
2.666667 2.700000 2.733333 2.766667 2.800000 2.833333 2.866667 2.900000 2.933333 2.966667 3.000000 3.033333 3.066667 3.100000 3.133333 3.166667
3.200000 3.233333 3.266667 3.300000 3.333333</float_array>
        <technique_common>
          <accessor source="#mixamorig_Hips-Matrix-animation-input-array" count="101">
            <param name="TIME" type="float"/>
          </accessor>
        </technique_common>
      </source>
      <source id="mixamorig_Hips-Matrix-animation-output-transform">
        <float_array id="mixamorig_Hips-Matrix-animation-output-transform-array" count="1616">

0.686667 0.028399 -0.726417 -4.572347 -0.078428 0.996299 -0.035187 70.193642 0.722729 0.081133 0.686353 3.279805 0.000000 0.000000 0.000000 1.000000
0.689099 0.019505 -0.724404 -4.222800 -0.075311 0.996152 -0.044819 70.850822 0.720743 0.085440 0.687917 3.853939 0.000000 0.000000 0.000000 1.000000
0.690214 0.009564 -0.723542 -3.820918 -0.072495 0.995796 -0.055993 71.200768 0.719965 0.091100 0.688006 4.342823 0.000000 0.000000 0.000000 1.000000
0.689621 0.000963 -0.724170 -3.420117 -0.069590 0.995459 -0.064947 71.130310 0.720819 0.095184 0.686556 4.672710 0.000000 0.000000 0.000000 1.000000
0.687035 -0.004226 -0.726612 -3.057296 -0.065575 0.995542 -0.067794 70.628189 0.723660 0.094224 0.683695 4.829453 0.000000 0.000000 0.000000 1.000000
0.684426 -0.004272 -0.729070 -2.765768 -0.060358 0.996218 -0.062500 69.899506 0.726579 0.086782 0.681580 4.924585 0.000000 0.000000 0.000000 1.000000
0.684026 0.000898 -0.729457 -2.588647 -0.054482 0.997269 -0.049862 69.137497 0.727420 0.073849 0.682207 5.017010 0.000000 0.000000 0.000000 1.000000
0.685546 0.008952 -0.727974 -2.595110 -0.048671 0.998251 -0.033558 68.474625 0.726401 0.058437 0.684783 5.040421 0.000000 0.000000 0.000000 1.000000
0.687503 0.015986 -0.726006 -2.787864 -0.044350 0.998816 -0.020004 68.056831 0.724826 0.045951 0.687398 4.948194 0.000000 0.000000 0.000000 1.000000
0.689222 0.020549 -0.724258 -3.087779 -0.043672 0.998959 -0.013216 68.057526 0.723232 0.040738 0.689402 4.768131 0.000000 0.000000 0.000000 1.000000
0.690516 0.023712 -0.722928 -3.461157 -0.046213 0.998867 -0.011378 68.413612 0.721839 0.041265 0.690829 4.480855 0.000000 0.000000 0.000000 1.000000
0.689944 0.024308 -0.723454 -3.873626 -0.049189 0.998700 -0.013354 69.031952 0.722189 0.044800 0.690243 4.078220 0.000000 0.000000 0.000000 1.000000
0.686432 0.020369 -0.726909 -4.277632 -0.051610 0.998452 -0.020757 69.776680 0.725361 0.051764 0.686420 3.580041 0.000000 0.000000 0.000000 1.000000
0.680637 0.012084 -0.732522 -4.658856 -0.054887 0.997895 -0.034538 70.408203 0.730562 0.063714 0.679867 2.959058 0.000000 0.000000 0.000000 1.000000
0.674447 0.002609 -0.738319 -4.994137 -0.060859 0.996787 -0.052072 70.750626 0.735811 0.080053 0.672439 2.261038 0.000000 0.000000 0.000000 1.000000
0.670187 -0.003595 -0.742184 -5.257816 -0.069704 0.995264 -0.067763 70.700882 0.738912 0.097147 0.666762 1.560450 0.000000 0.000000 0.000000 1.000000
0.669320 -0.002446 -0.742970 -5.434349 -0.080706 0.993838 -0.075978 70.281670 0.738577 0.110816 0.664999 0.966078 0.000000 0.000000 0.000000 1.000000
0.671127 0.006378 -0.741315 -5.532736 -0.091436 0.993040 -0.074235 69.619751 0.735682 0.117604 0.667039 0.535236 0.000000 0.000000 0.000000 1.000000
0.673290 0.018793 -0.739139 -5.590563 -0.098352 0.993070 -0.064341 68.865311 0.732808 0.116016 0.670473 0.253974 0.000000 0.000000 0.000000 1.000000
0.673894 0.029908 -0.738222 -5.613972 -0.099739 0.993717 -0.050789 68.170586 0.732065 0.107856 0.672643 0.134117 0.000000 0.000000 0.000000 1.000000
0.672401 0.037827 -0.739220 -5.577166 -0.097214 0.994556 -0.037534 67.692177 0.733776 0.097100 0.672417 0.230945 0.000000 0.000000 0.000000 1.000000
0.669426 0.042947 -0.741636 -5.461665 -0.093610 0.995247 -0.026862 67.566963 0.736957 0.087407 0.670264 0.552801 0.000000 0.000000 0.000000 1.000000
0.666194 0.045182 -0.744409 -5.275331 -0.089922 0.995747 -0.020037 67.849129 0.740337 0.080287 0.667424 1.021165 0.000000 0.000000 0.000000 1.000000
0.664386 0.044095 -0.746088 -5.015247 -0.085688 0.996170 -0.017429 68.483559 0.742461 0.075510 0.665619 1.569723 0.000000 0.000000 0.000000 1.000000
0.665234 0.040178 -0.745553 -4.667825 -0.081775 0.996465 -0.019266 69.296082 0.742143 0.073784 0.666168 2.169865 0.000000 0.000000 0.000000 1.000000
0.668185 0.033775 -0.743228 -4.270945 -0.078558 0.996588 -0.025337 69.992493 0.739836 0.075316 0.668558 2.722843 0.000000 0.000000 0.000000 1.000000
0.670923 0.024812 -0.741112 -3.784042 -0.075106 0.996574 -0.034628 70.455650 0.737714 0.078894 0.670488 3.291095 0.000000 0.000000 0.000000 1.000000
0.670268 0.012692 -0.742010 -3.263742 -0.068961 0.996593 -0.045247 70.531197 0.738908 0.081497 0.668860 3.790175 0.000000 0.000000 0.000000 1.000000
0.664739 -0.000211 -0.747076 -2.760713 -0.059840 0.996772 -0.053527 70.241119 0.744675 0.080286 0.662580 4.174270 0.000000 0.000000 0.000000 1.000000
0.656853 -0.008395 -0.753972 -2.326054 -0.050335 0.997219 -0.054955 69.705582 0.752336 0.074048 0.654604 4.435796 0.000000 0.000000 0.000000 1.000000
0.651455 -0.008766 -0.758637 -2.027755 -0.042251 0.997962 -0.047813 69.028801 0.757510 0.063202 0.649757 4.566107 0.000000 0.000000 0.000000 1.000000
0.651061 -0.003257 -0.759018 -1.887242 -0.036132 0.998724 -0.035278 68.385216 0.758165 0.050393 0.650113 4.614249 0.000000 0.000000 0.000000 1.000000
0.654445 0.003032 -0.756103 -1.920970 -0.031653 0.999225 -0.023391 67.923134 0.755446 0.039241 0.654034 4.574091 0.000000 0.000000 0.000000 1.000000
0.659272 0.007097 -0.751871 -2.110854 -0.029334 0.999437 -0.016287 67.775101 0.751332 0.032793 0.659109 4.429440 0.000000 0.000000 0.000000 1.000000
0.664124 0.009370 -0.747563 -2.411299 -0.029625 0.999466 -0.013791 67.979546 0.747035 0.031306 0.664047 4.175886 0.000000 0.000000 0.000000 1.000000
0.668249 0.010671 -0.743862 -2.773321 -0.031488 0.999407 -0.013951 68.481422 0.743271 0.032746 0.668188 3.837390 0.000000 0.000000 0.000000 1.000000
0.670435 0.009921 -0.741902 -3.176495 -0.032860 0.999327 -0.016331 69.154099 0.741240 0.035328 0.670309 3.425528 0.000000 0.000000 0.000000 1.000000
0.669799 0.005876 -0.742519 -3.594779 -0.033749 0.999176 -0.022537 69.846329 0.741775 0.040154 0.669445 2.948160 0.000000 0.000000 0.000000 1.000000
0.667453 -0.000414 -0.744652 -3.993917 -0.036670 0.998768 -0.033424 70.379486 0.743748 0.049616 0.666616 2.401950 0.000000 0.000000 0.000000 1.000000
0.665515 -0.005513 -0.746364 -4.357713 -0.043045 0.998025 -0.045754 70.597137 0.745142 0.062577 0.663963 1.798840 0.000000 0.000000 0.000000 1.000000
0.665093 -0.005927 -0.746737 -4.662114 -0.052667 0.997106 -0.054823 70.438255 0.744901 0.075791 0.662856 1.208034 0.000000 0.000000 0.000000 1.000000
0.666037 -0.001082 -0.745918 -4.881631 -0.063451 0.996292 -0.058101 69.915459 0.743215 0.086027 0.663499 0.699853 0.000000 0.000000 0.000000 1.000000
0.667321 0.007427 -0.744733 -5.007795 -0.072554 0.995842 -0.055081 69.161613 0.741227 0.090790 0.665086 0.340108 0.000000 0.000000 0.000000 1.000000
0.667959 0.018132 -0.743977 -5.115646 -0.078651 0.995824 -0.046345 68.281021 0.740030 0.089472 0.666596 0.068406 0.000000 0.000000 0.000000 1.000000
0.667532 0.030462 -0.743958 -5.197069 -0.082841 0.995998 -0.033549 67.466118 0.739959 0.084025 0.667384 -0.047826 0.000000 0.000000 0.000000 1.000000
0.665583 0.042198 -0.745130 -5.218886 -0.085770 0.996110 -0.020202 66.866531 0.741379 0.077356 0.666614 0.023153 0.000000 0.000000 0.000000 1.000000
0.661661 0.049700 -0.748154 -5.155725 -0.087170 0.996134 -0.010919 66.583023 0.744719 0.072441 0.663435 0.278579 0.000000 0.000000 0.000000 1.000000
0.656725 0.051559 -0.752365 -4.995872 -0.087665 0.996116 -0.008258 66.686028 0.749017 0.071380 0.658694 0.676029 0.000000 0.000000 0.000000 1.000000
0.652608 0.049826 -0.756056 -4.746437 -0.087620 0.996104 -0.009985 67.164703 0.752613 0.072762 0.654431 1.173144 0.000000 0.000000 0.000000 1.000000
0.650409 0.045834 -0.758200 -4.434416 -0.086270 0.996176 -0.013785 67.901817 0.754669 0.074376 0.651876 1.730292 0.000000 0.000000 0.000000 1.000000
0.649456 0.038448 -0.759426 -4.095851 -0.082797 0.996358 -0.020364 68.696877 0.755878 0.076103 0.650275 2.294073 0.000000 0.000000 0.000000 1.000000
0.648671 0.027330 -0.760578 -3.671513 -0.077705 0.996511 -0.030465 69.441849 0.757092 0.078862 0.648531 2.906424 0.000000 0.000000 0.000000 1.000000
0.647122 0.013922 -0.762259 -3.201173 -0.070812 0.996609 -0.041915 69.919319 0.759091 0.081101 0.645913 3.525230 0.000000 0.000000 0.000000 1.000000
0.643822 0.001008 -0.765174 -2.731473 -0.061496 0.996833 -0.050430 70.015999 0.762700 0.079523 0.641845 4.087636 0.000000 0.000000 0.000000 1.000000
0.639052 -0.007971 -0.769122 -2.318029 -0.050466 0.997357 -0.052268 69.748520 0.767506 0.072216 0.636961 4.530026 0.000000 0.000000 0.000000 1.000000
0.635865 -0.010995 -0.771722 -1.998665 -0.039618 0.998115 -0.046864 69.199982 0.770783 0.060374 0.634231 4.840168 0.000000 0.000000 0.000000 1.000000
0.637088 -0.008673 -0.770742 -1.802400 -0.030383 0.998877 -0.036354 68.530273 0.770192 0.046579 0.636109 5.039897 0.000000 0.000000 0.000000 1.000000
0.641911 -0.003651 -0.766770 -1.762546 -0.023499 0.999425 -0.024431 67.935768 0.766419 0.033700 0.641457 5.123426 0.000000 0.000000 0.000000 1.000000
0.647523 0.001522 -0.762044 -1.899873 -0.019063 0.999717 -0.014201 67.576416 0.761807 0.023722 0.647369 5.050001 0.000000 0.000000 0.000000 1.000000
0.652440 0.005891 -0.757817 -2.170422 -0.017092 0.999830 -0.006942 67.574501 0.757647 0.017482 0.652430 4.822354 0.000000 0.000000 0.000000 1.000000
0.656418 0.008875 -0.754345 -2.527462 -0.017881 0.999833 -0.003797 67.928246 0.754185 0.015980 0.656467 4.448424 0.000000 0.000000 0.000000 1.000000
0.659731 0.009655 -0.751439 -2.920585 -0.021389 0.999754 -0.005933 68.547409 0.751197 0.019987 0.659775 3.960425 0.000000 0.000000 0.000000 1.000000
0.661888 0.007766 -0.749563 -3.342367 -0.027429 0.999528 -0.013864 69.279388 0.749101 0.029736 0.661788 3.369342 0.000000 0.000000 0.000000 1.000000
0.661437 0.003310 -0.749993 -3.786280 -0.034998 0.999037 -0.026456 69.961891 0.749183 0.043747 0.660916 2.678277 0.000000 0.000000 0.000000 1.000000
0.658277 -0.002003 -0.752773 -4.228220 -0.043904 0.998192 -0.041049 70.400581 0.751494 0.060071 0.656999 1.896223 0.000000 0.000000 0.000000 1.000000
0.656601 -0.004369 -0.754225 -4.518049 -0.053904 0.997154 -0.052703 70.217804 0.752309 0.075261 0.654497 1.145544 0.000000 0.000000 0.000000 1.000000
0.656646 -0.003128 -0.754193 -4.728268 -0.066021 0.995914 -0.061611 69.789627 0.751304 0.090249 0.653757 0.452250 0.000000 0.000000 0.000000 1.000000
0.658510 0.002350 -0.752568 -4.835159 -0.077951 0.994829 -0.065102 69.178032 0.748524 0.101534 0.655288 -0.074479 0.000000 0.000000 0.000000 1.000000
0.661677 0.012209 -0.749689 -4.765689 -0.085006 0.994642 -0.058829 68.428726 0.744954 0.102654 0.659170 -0.214514 0.000000 0.000000 0.000000 1.000000
0.664499 0.024307 -0.746894 -4.617441 -0.087059 0.995183 -0.045068 67.625572 0.742201 0.094971 0.663414 -0.091727 0.000000 0.000000 0.000000 1.000000
0.665972 0.036663 -0.745076 -4.439487 -0.087441 0.995743 -0.029160 67.038239 0.740835 0.084570 0.666342 0.216926 0.000000 0.000000 0.000000 1.000000
0.666161 0.047224 -0.744312 -4.271626 -0.088255 0.995973 -0.015797 66.808693 0.740568 0.076212 0.667645 0.614840 0.000000 0.000000 0.000000 1.000000
0.665830 0.054134 -0.744137 -4.085235 -0.087976 0.996103 -0.006254 66.909866 0.740898 0.069631 0.667998 1.113573 0.000000 0.000000 0.000000 1.000000
0.666519 0.058114 -0.743219 -3.862784 -0.086789 0.996227 0.000065 67.319557 0.740418 0.064460 0.669048 1.680808 0.000000 0.000000 0.000000 1.000000
0.669122 0.062073 -0.740556 -3.604042 -0.087580 0.996148 0.004365 67.902977 0.737974 0.061937 0.671981 2.250733 0.000000 0.000000 0.000000 1.000000
0.672924 0.065024 -0.736848 -3.248747 -0.091456 0.995800 0.004354 68.719330 0.734037 0.064459 0.676044 2.903517 0.000000 0.000000 0.000000 1.000000
0.676353 0.061902 -0.733972 -2.906862 -0.094694 0.995501 -0.003302 69.468842 0.730465 0.071736 0.679172 3.458420 0.000000 0.000000 0.000000 1.000000
0.678492 0.051945 -0.732769 -2.556832 -0.095307 0.995291 -0.017692 69.956757 0.728399 0.081842 0.680247 3.932950 0.000000 0.000000 0.000000 1.000000
0.678148 0.038841 -0.733898 -2.206788 -0.092697 0.995148 -0.032988 70.023911 0.729056 0.090401 0.678458 4.273106 0.000000 0.000000 0.000000 1.000000
0.673980 0.027084 -0.738253 -1.895870 -0.087294 0.995246 -0.043182 69.682503 0.733574 0.093549 0.673141 4.444725 0.000000 0.000000 0.000000 1.000000
0.667270 0.019577 -0.744559 -1.661855 -0.080041 0.995750 -0.045551 69.040047 0.740503 0.089990 0.666001 4.471560 0.000000 0.000000 0.000000 1.000000
0.662110 0.016847 -0.749217 -1.520371 -0.072042 0.996548 -0.041258 68.217567 0.745936 0.081293 0.661038 4.415222 0.000000 0.000000 0.000000 1.000000
0.661568 0.017873 -0.749672 -1.491976 -0.064262 0.997390 -0.032930 67.375954 0.747127 0.069961 0.660989 4.298064 0.000000 0.000000 0.000000 1.000000
0.665548 0.021117 -0.746056 -1.585194 -0.058009 0.998039 -0.023500 66.715622 0.744097 0.058918 0.665469 4.128623 0.000000 0.000000 0.000000 1.000000
0.671333 0.024661 -0.740745 -1.821777 -0.053579 0.998446 -0.015318 66.384094 0.739216 0.049972 0.671612 3.854938 0.000000 0.000000 0.000000 1.000000
0.672453 0.026764 -0.739655 -2.337266 -0.052481 0.998555 -0.011580 66.645866 0.738276 0.046605 0.672886 3.521748 0.000000 0.000000 0.000000 1.000000
0.671298 0.026650 -0.740708 -2.911315 -0.052486 0.998554 -0.011641 67.197182 0.739327 0.046691 0.671726 3.169346 0.000000 0.000000 0.000000 1.000000
0.669098 0.022804 -0.742824 -3.427493 -0.052809 0.998461 -0.016915 67.917534 0.741295 0.050545 0.669273 2.820920 0.000000 0.000000 0.000000 1.000000
0.664424 0.011511 -0.747267 -3.827940 -0.053943 0.998012 -0.032589 68.647789 0.745406 0.061963 0.663724 2.400599 0.000000 0.000000 0.000000 1.000000
0.657031 -0.001149 -0.753863 -4.337423 -0.057531 0.997006 -0.051661 69.360001 0.751665 0.077313 0.654998 2.014321 0.000000 0.000000 0.000000 1.000000
0.649837 -0.011074 -0.759993 -4.818882 -0.062561 0.995722 -0.068003 69.810814 0.757494 0.091737 0.646364 1.676267 0.000000 0.000000 0.000000 1.000000
0.647620 -0.016329 -0.761788 -5.122945 -0.067585 0.994599 -0.078775 69.899391 0.758960 0.102501 0.643019 1.320664 0.000000 0.000000 0.000000 1.000000
0.652046 -0.012518 -0.758076 -5.176282 -0.072039 0.994317 -0.078383 69.436699 0.754749 0.105720 0.647439 0.987634 0.000000 0.000000 0.000000 1.000000
0.656755 -0.003245 -0.754097 -5.225462 -0.076831 0.994499 -0.071194 68.790695 0.750180 0.104695 0.652893 0.784171 0.000000 0.000000 0.000000 1.000000
0.660141 0.008147 -0.751097 -5.265991 -0.079575 0.995073 -0.059146 68.132568 0.746915 0.098813 0.657537 0.741334 0.000000 0.000000 0.000000 1.000000
0.661243 0.018248 -0.749950 -5.290990 -0.079423 0.995788 -0.045798 67.662964 0.745956 0.089846 0.659907 0.867980 0.000000 0.000000 0.000000 1.000000
0.661439 0.026180 -0.749542 -5.285741 -0.078269 0.996343 -0.034269 67.582970 0.745904 0.081332 0.661069 1.117233 0.000000 0.000000 0.000000 1.000000
0.665270 0.032995 -0.745873 -5.222823 -0.078734 0.996553 -0.026141 67.943619 0.742439 0.076116 0.665575 1.490205 0.000000 0.000000 0.000000 1.000000
0.671852 0.035792 -0.739820 -5.087363 -0.080175 0.996477 -0.024601 68.653275 0.736333 0.075843 0.672355 2.015660 0.000000 0.000000 0.000000 1.000000
0.679372 0.033445 -0.733031 -4.871777 -0.080212 0.996359 -0.028880 69.463676 0.729397 0.078418 0.679582 2.627179 0.000000 0.000000 0.000000 1.000000
0.686667 0.028399 -0.726417 -4.572339 -0.078428 0.996299 -0.035187 70.193642 0.722729 0.081133 0.686353 3.279789 0.000000 0.000000 0.000000 1.000000</float_array>
        <technique_common>
          <accessor source="#mixamorig_Hips-Matrix-animation-output-transform-array" count="101" stride="16">
            <param type="float4x4"/>
          </accessor>
        </technique_common>
      </source>
      <source id="mixamorig_Hips-Interpolations">
        <Name_array id="mixamorig_Hips-Interpolations-array" count="101">
 LINEAR LINEAR LINEAR LINEAR LINEAR LINEAR LINEAR LINEAR LINEAR LINEAR LINEAR
LINEAR LINEAR LINEAR LINEAR LINEAR LINEAR LINEAR LINEAR LINEAR LINEAR LINEAR LINEAR
LINEAR LINEAR LINEAR LINEAR LINEAR LINEAR LINEAR LINEAR LINEAR LINEAR LINEAR LINEAR
LINEAR LINEAR LINEAR LINEAR LINEAR LINEAR LINEAR LINEAR LINEAR LINEAR LINEAR LINEAR
LINEAR LINEAR LINEAR LINEAR LINEAR LINEAR LINEAR LINEAR LINEAR LINEAR LINEAR LINEAR
LINEAR LINEAR LINEAR LINEAR LINEAR LINEAR LINEAR LINEAR LINEAR LINEAR LINEAR LINEAR
LINEAR LINEAR LINEAR LINEAR LINEAR LINEAR LINEAR LINEAR LINEAR LINEAR LINEAR LINEAR
LINEAR LINEAR LINEAR LINEAR LINEAR LINEAR LINEAR LINEAR LINEAR LINEAR LINEAR LINEAR
LINEAR LINEAR LINEAR LINEAR LINEAR LINEAR</Name_array>
        <technique_common>
          <accessor source="#mixamorig_Hips-Interpolations-array" count="101">
            <param type="name"/>
          </accessor>
        </technique_common>
      </source>
      <sampler id="mixamorig_Hips-Matrix-animation-transform">
        <input semantic="INPUT" source="#mixamorig_Hips-Matrix-animation-input"/>
        <input semantic="OUTPUT" source="#mixamorig_Hips-Matrix-animation-output-transform"/>
        <input semantic="INTERPOLATION" source="#mixamorig_Hips-Interpolations"/>
      </sampler>
      <channel source="#mixamorig_Hips-Matrix-animation-transform" target="mixamorig_Hips/matrix"/>
    </animation>
    <animation id="mixamorig_Spine-anim" name="mixamorig_Spine">
      <source id="mixamorig_Spine-Matrix-animation-input">
        <float_array id="mixamorig_Spine-Matrix-animation-input-array" count="101">

0.000000 0.033333 0.066667 0.100000 0.133333 0.166667 0.200000 0.233333 0.266667 0.300000 0.333333 0.366667 0.400000 0.433333 0.466667 0.500000
0.533333 0.566667 0.600000 0.633333 0.666667 0.700000 0.733333 0.766667 0.800000 0.833333 0.866667 0.900000 0.933333 0.966667 1.000000 1.033333
1.066667 1.100000 1.133333 1.166667 1.200000 1.233333 1.266667 1.300000 1.333333 1.366667 1.400000 1.433333 1.466667 1.500000 1.533333 1.566667
1.600000 1.633333 1.666667 1.700000 1.733333 1.766667 1.800000 1.833333 1.866667 1.900000 1.933333 1.966667 2.000000 2.033333 2.066667 2.100000
2.133333 2.166667 2.200000 2.233333 2.266667 2.300000 2.333333 2.366667 2.400000 2.433333 2.466667 2.500000 2.533333 2.566667 2.600000 2.633333
2.666667 2.700000 2.733333 2.766667 2.800000 2.833333 2.866667 2.900000 2.933333 2.966667 3.000000 3.033333 3.066667 3.100000 3.133333 3.166667
3.200000 3.233333 3.266667 3.300000 3.333333</float_array>
        <technique_common>
          <accessor source="#mixamorig_Spine-Matrix-animation-input-array" count="101">
            <param name="TIME" type="float"/>
          </accessor>
        </technique_common>
      </source>
      <source id="mixamorig_Spine-Matrix-animation-output-transform">
        <float_array id="mixamorig_Spine-Matrix-animation-output-transform-array" count="1616">

0.998711 -0.046010 0.021425 0.000000 0.045656 0.998817 0.016712 10.528800 -0.022169 -0.015712 0.999631 -0.610600 0.000000 0.000000 0.000000 1.000000
0.998944 -0.039583 0.023327 -0.000000 0.039152 0.999059 0.018651 10.528800 -0.024044 -0.017718 0.999554 -0.610600 0.000000 0.000000 0.000000 1.000000
0.999099 -0.033691 0.025809 0.000000 0.033162 0.999236 0.020659 10.528800 -0.026485 -0.019785 0.999453 -0.610600 0.000000 0.000000 0.000000 1.000000
0.999182 -0.028570 0.028633 0.000000 0.027944 0.999367 0.022006 10.528800 -0.029244 -0.021188 0.999348 -0.610600 0.000000 0.000000 0.000000 1.000000
0.999215 -0.023651 0.031796 -0.000000 0.022971 0.999503 0.021580 10.528800 -0.032290 -0.020833 0.999261 -0.610600 0.000000 0.000000 0.000000 1.000000
0.999200 -0.019399 0.034970 -0.000000 0.018746 0.999645 0.018924 10.528800 -0.035325 -0.018254 0.999209 -0.610600 0.000000 0.000000 0.000000 1.000000
0.999167 -0.016355 0.037382 0.000000 0.015825 0.999771 0.014423 10.528800 -0.037609 -0.013820 0.999197 -0.610600 0.000000 0.000000 0.000000 1.000000
0.999152 -0.014672 0.038461 0.000000 0.014315 0.999852 0.009537 10.528800 -0.038595 -0.008978 0.999215 -0.610600 0.000000 0.000000 0.000000 1.000000
0.999158 -0.014069 0.038549 0.000000 0.013833 0.999884 0.006383 10.528800 -0.038634 -0.005844 0.999236 -0.610600 0.000000 0.000000 0.000000 1.000000
0.999167 -0.015471 0.037760 -0.000000 0.015269 0.999868 0.005629 10.528800 -0.037842 -0.005048 0.999271 -0.610600 0.000000 0.000000 0.000000 1.000000
0.999172 -0.018813 0.036065 0.000000 0.018587 0.999806 0.006572 10.528800 -0.036181 -0.005896 0.999328 -0.610600 0.000000 0.000000 0.000000 1.000000
0.999178 -0.022491 0.033719 -0.000000 0.022216 0.999717 0.008513 10.528800 -0.033901 -0.007757 0.999395 -0.610600 0.000000 0.000000 0.000000 1.000000
0.999190 -0.025372 0.031233 -0.000000 0.025022 0.999620 0.011543 10.528800 -0.031514 -0.010752 0.999445 -0.610600 0.000000 0.000000 0.000000 1.000000
0.999197 -0.027383 0.029234 0.000000 0.026928 0.999512 0.015849 10.528800 -0.029654 -0.015049 0.999447 -0.610600 0.000000 0.000000 0.000000 1.000000
0.999177 -0.029752 0.027583 -0.000000 0.029184 0.999358 0.020776 10.528800 -0.028184 -0.019954 0.999404 -0.610600 0.000000 0.000000 0.000000 1.000000
0.999107 -0.033679 0.025499 0.000000 0.033044 0.999144 0.024904 10.528800 -0.026316 -0.024040 0.999365 -0.610600 0.000000 0.000000 0.000000 1.000000
0.998936 -0.040293 0.022427 0.000000 0.039688 0.998853 0.026790 10.528800 -0.023481 -0.025872 0.999389 -0.610600 0.000000 0.000000 0.000000 1.000000
0.998642 -0.048561 0.018851 -0.000000 0.048070 0.998514 0.025662 10.528800 -0.020069 -0.024721 0.999493 -0.610600 0.000000 0.000000 0.000000 1.000000
0.998325 -0.055662 0.015757 0.000000 0.055312 0.998230 0.021844 10.528800 -0.016945 -0.020936 0.999637 -0.610600 0.000000 0.000000 0.000000 1.000000
0.998119 -0.059778 0.013597 -0.000000 0.059544 0.998081 0.016986 10.528800 -0.014586 -0.016144 0.999763 -0.610600 0.000000 0.000000 0.000000 1.000000
0.998063 -0.061004 0.012183 -0.000000 0.060845 0.998062 0.013056 10.528800 -0.012956 -0.012289 0.999841 -0.610600 0.000000 0.000000 0.000000 1.000000
0.998119 -0.060234 0.011404 0.000000 0.060110 0.998132 0.010923 10.528800 -0.012040 -0.010217 0.999875 -0.610600 0.000000 0.000000 0.000000 1.000000
0.998278 -0.057509 0.011528 0.000000 0.057392 0.998299 0.010290 10.528800 -0.012100 -0.009610 0.999881 -0.610600 0.000000 0.000000 0.000000 1.000000
0.998531 -0.052722 0.012538 -0.000000 0.052586 0.998557 0.010901 10.528800 -0.013094 -0.010226 0.999862 -0.610600 0.000000 0.000000 0.000000 1.000000
0.998764 -0.047756 0.013748 0.000000 0.047583 0.998787 0.012686 10.528800 -0.014337 -0.012016 0.999825 -0.610600 0.000000 0.000000 0.000000 1.000000
0.998953 -0.043231 0.014971 0.000000 0.043002 0.998958 0.015286 10.528800 -0.015616 -0.014626 0.999771 -0.610600 0.000000 0.000000 0.000000 1.000000
0.999113 -0.038767 0.016469 0.000000 0.038470 0.999097 0.018009 10.528800 -0.017152 -0.017360 0.999702 -0.610600 0.000000 0.000000 0.000000 1.000000
0.999264 -0.033315 0.019033 -0.000000 0.032928 0.999252 0.020280 10.528800 -0.019695 -0.019638 0.999613 -0.610600 0.000000 0.000000 0.000000 1.000000
0.999384 -0.026528 0.022989 0.000000 0.026035 0.999430 0.021479 10.528800 -0.023546 -0.020868 0.999505 -0.610600 0.000000 0.000000 0.000000 1.000000
0.999428 -0.019684 0.027482 0.000000 0.019119 0.999604 0.020655 10.528800 -0.027878 -0.020118 0.999409 -0.610600 0.000000 0.000000 0.000000 1.000000
0.999414 -0.013855 0.031304 0.000000 0.013316 0.999760 0.017369 10.528800 -0.031537 -0.016942 0.999359 -0.610600 0.000000 0.000000 0.000000 1.000000
0.999377 -0.010279 0.033752 0.000000 0.009861 0.999873 0.012536 10.528800 -0.033876 -0.012196 0.999352 -0.610600 0.000000 0.000000 0.000000 1.000000
0.999348 -0.008681 0.035057 0.000000 0.008403 0.999932 0.008084 10.528800 -0.035125 -0.007784 0.999353 -0.610600 0.000000 0.000000 0.000000 1.000000
0.999334 -0.008603 0.035469 -0.000000 0.008416 0.999950 0.005410 10.528800 -0.035514 -0.005108 0.999356 -0.610600 0.000000 0.000000 0.000000 1.000000
0.999340 -0.009793 0.034967 0.000000 0.009636 0.999943 0.004636 10.528800 -0.035010 -0.004295 0.999378 -0.610600 0.000000 0.000000 0.000000 1.000000
0.999362 -0.012041 0.033617 0.000000 0.011871 0.999916 0.005245 10.528800 -0.033677 -0.004843 0.999421 -0.610600 0.000000 0.000000 0.000000 1.000000
0.999386 -0.014715 0.031804 -0.000000 0.014503 0.999871 0.006895 10.528800 -0.031901 -0.006429 0.999470 -0.610600 0.000000 0.000000 0.000000 1.000000
0.999402 -0.017279 0.029964 0.000000 0.016998 0.999809 0.009602 10.528800 -0.030124 -0.009087 0.999505 -0.610600 0.000000 0.000000 0.000000 1.000000
0.999407 -0.019909 0.028091 -0.000000 0.019542 0.999721 0.013294 10.528800 -0.028348 -0.012738 0.999517 -0.610600 0.000000 0.000000 0.000000 1.000000
0.999400 -0.022900 0.025984 0.000000 0.022460 0.999601 0.017123 10.528800 -0.026366 -0.016530 0.999516 -0.610600 0.000000 0.000000 0.000000 1.000000
0.999343 -0.027412 0.023698 0.000000 0.026939 0.999436 0.020070 10.528800 -0.024235 -0.019418 0.999518 -0.610600 0.000000 0.000000 0.000000 1.000000
0.999196 -0.033745 0.021626 -0.000000 0.033282 0.999217 0.021404 10.528800 -0.022332 -0.020667 0.999537 -0.610600 0.000000 0.000000 0.000000 1.000000
0.998958 -0.041036 0.019998 0.000000 0.040624 0.998962 0.020602 10.528800 -0.020823 -0.019768 0.999588 -0.610600 0.000000 0.000000 0.000000 1.000000
0.998701 -0.047366 0.018772 0.000000 0.047038 0.998738 0.017584 10.528800 -0.019581 -0.016678 0.999669 -0.610600 0.000000 0.000000 0.000000 1.000000
0.998505 -0.051779 0.017486 -0.000000 0.051553 0.998584 0.013134 10.528800 -0.018141 -0.012213 0.999761 -0.610600 0.000000 0.000000 0.000000 1.000000
0.998385 -0.054591 0.015746 -0.000000 0.054460 0.998478 0.008650 10.528800 -0.016194 -0.007779 0.999839 -0.610600 0.000000 0.000000 0.000000 1.000000
0.998334 -0.055969 0.013999 0.000000 0.055897 0.998422 0.005469 10.528800 -0.014283 -0.004678 0.999887 -0.610600 0.000000 0.000000 0.000000 1.000000
0.998351 -0.055902 0.013057 0.000000 0.055851 0.998430 0.004210 10.528800 -0.013272 -0.003474 0.999906 -0.610600 0.000000 0.000000 0.000000 1.000000
0.998436 -0.054317 0.013229 -0.000000 0.054260 0.998516 0.004612 10.528800 -0.013460 -0.003887 0.999902 -0.610600 0.000000 0.000000 0.000000 1.000000
0.998601 -0.050922 0.014283 -0.000000 0.050837 0.998687 0.006258 10.528800 -0.014583 -0.005523 0.999878 -0.610600 0.000000 0.000000 0.000000 1.000000
0.998832 -0.045624 0.015889 -0.000000 0.045486 0.998925 0.008919 10.528800 -0.016279 -0.008185 0.999834 -0.610600 0.000000 0.000000 0.000000 1.000000
0.999051 -0.039878 0.017543 0.000000 0.039667 0.999138 0.012243 10.528800 -0.018016 -0.011536 0.999771 -0.610600 0.000000 0.000000 0.000000 1.000000
0.999223 -0.034350 0.019348 0.000000 0.034051 0.999299 0.015565 10.528800 -0.019869 -0.014894 0.999692 -0.610600 0.000000 0.000000 0.000000 1.000000
0.999362 -0.028250 0.021872 -0.000000 0.027859 0.999450 0.017980 10.528800 -0.022368 -0.017359 0.999599 -0.610600 0.000000 0.000000 0.000000 1.000000
0.999460 -0.020967 0.025306 0.000000 0.020503 0.999620 0.018445 10.528800 -0.025683 -0.017916 0.999510 -0.610600 0.000000 0.000000 0.000000 1.000000
0.999486 -0.013621 0.029014 0.000000 0.013146 0.999777 0.016529 10.528800 -0.029233 -0.016139 0.999442 -0.610600 0.000000 0.000000 0.000000 1.000000
0.999452 -0.008075 0.032098 0.000000 0.007665 0.999888 0.012864 10.528800 -0.032198 -0.012611 0.999402 -0.610600 0.000000 0.000000 0.000000 1.000000
0.999403 -0.005274 0.034150 0.000000 0.004976 0.999949 0.008795 10.528800 -0.034195 -0.008620 0.999378 -0.610600 0.000000 0.000000 0.000000 1.000000
0.999371 -0.004618 0.035172 -0.000000 0.004430 0.999976 0.005402 10.528800 -0.035197 -0.005243 0.999367 -0.610600 0.000000 0.000000 0.000000 1.000000
0.999375 -0.005523 0.034905 0.000000 0.005417 0.999980 0.003149 10.528800 -0.034922 -0.002958 0.999386 -0.610600 0.000000 0.000000 0.000000 1.000000
0.999410 -0.007880 0.033440 -0.000000 0.007795 0.999966 0.002651 10.528800 -0.033460 -0.002389 0.999437 -0.610600 0.000000 0.000000 0.000000 1.000000
0.999447 -0.011794 0.031090 0.000000 0.011669 0.999923 0.004192 10.528800 -0.031137 -0.003827 0.999508 -0.610600 0.000000 0.000000 0.000000 1.000000
0.999454 -0.017102 0.028262 0.000000 0.016897 0.999829 0.007470 10.528800 -0.028385 -0.006989 0.999573 -0.610600 0.000000 0.000000 0.000000 1.000000
0.999423 -0.022215 0.025685 0.000000 0.021922 0.999692 0.011641 10.528800 -0.025935 -0.011072 0.999602 -0.610600 0.000000 0.000000 0.000000 1.000000
0.999358 -0.026773 0.023794 0.000000 0.026400 0.999526 0.015863 10.528800 -0.024207 -0.015225 0.999591 -0.610600 0.000000 0.000000 0.000000 1.000000
0.999224 -0.031964 0.023036 -0.000000 0.031530 0.999322 0.018986 10.528800 -0.023627 -0.018245 0.999554 -0.610600 0.000000 0.000000 0.000000 1.000000
0.999014 -0.038332 0.022387 0.000000 0.037861 0.999060 0.021103 10.528800 -0.023175 -0.020234 0.999527 -0.610600 0.000000 0.000000 0.000000 1.000000
0.998726 -0.045536 0.021766 -0.000000 0.045069 0.998753 0.021469 10.528800 -0.022716 -0.020461 0.999533 -0.610600 0.000000 0.000000 0.000000 1.000000
0.998401 -0.052242 0.021590 -0.000000 0.051837 0.998477 0.018906 10.528800 -0.022545 -0.017756 0.999588 -0.610600 0.000000 0.000000 0.000000 1.000000
0.998126 -0.057264 0.021548 0.000000 0.056967 0.998276 0.014133 10.528800 -0.022321 -0.012879 0.999668 -0.610600 0.000000 0.000000 0.000000 1.000000
0.997974 -0.060168 0.020706 0.000000 0.059992 0.998158 0.009002 10.528800 -0.021209 -0.007742 0.999745 -0.610600 0.000000 0.000000 0.000000 1.000000
0.997972 -0.060815 0.018821 0.000000 0.060729 0.998141 0.005097 10.528800 -0.019096 -0.003943 0.999810 -0.610600 0.000000 0.000000 0.000000 1.000000
0.998105 -0.059159 0.016908 0.000000 0.059119 0.998247 0.002860 10.528800 -0.017048 -0.001855 0.999853 -0.610600 0.000000 0.000000 0.000000 1.000000
0.998301 -0.055919 0.016356 -0.000000 0.055892 0.998435 0.002053 10.528800 -0.016445 -0.001136 0.999864 -0.610600 0.000000 0.000000 0.000000 1.000000
0.998489 -0.052252 0.017021 -0.000000 0.052225 0.998633 0.002076 10.528800 -0.017106 -0.001184 0.999853 -0.610600 0.000000 0.000000 0.000000 1.000000
0.998666 -0.048532 0.017610 -0.000000 0.048482 0.998819 0.003283 10.528800 -0.017748 -0.002425 0.999840 -0.610600 0.000000 0.000000 0.000000 1.000000
0.998883 -0.043658 0.018059 0.000000 0.043553 0.999032 0.006139 10.528800 -0.018309 -0.005346 0.999818 -0.610600 0.000000 0.000000 0.000000 1.000000
0.999064 -0.039045 0.018591 0.000000 0.038863 0.999194 0.010048 10.528800 -0.018969 -0.009316 0.999777 -0.610600 0.000000 0.000000 0.000000 1.000000
0.999201 -0.034628 0.019972 -0.000000 0.034361 0.999317 0.013576 10.528800 -0.020428 -0.012879 0.999708 -0.610600 0.000000 0.000000 0.000000 1.000000
0.999304 -0.029713 0.022556 0.000000 0.029366 0.999448 0.015566 10.528800 -0.023006 -0.014892 0.999624 -0.610600 0.000000 0.000000 0.000000 1.000000
0.999373 -0.024272 0.025789 -0.000000 0.023880 0.999596 0.015402 10.528800 -0.026152 -0.014777 0.999549 -0.610600 0.000000 0.000000 0.000000 1.000000
0.999393 -0.019867 0.028615 0.000000 0.019498 0.999724 0.013103 10.528800 -0.028867 -0.012537 0.999505 -0.610600 0.000000 0.000000 0.000000 1.000000
0.999386 -0.017493 0.030353 0.000000 0.017218 0.999809 0.009270 10.528800 -0.030509 -0.008741 0.999496 -0.610600 0.000000 0.000000 0.000000 1.000000
0.999368 -0.017408 0.031003 -0.000000 0.017258 0.999838 0.005123 10.528800 -0.031088 -0.004585 0.999506 -0.610600 0.000000 0.000000 0.000000 1.000000
0.999347 -0.018810 0.030855 -0.000000 0.018753 0.999822 0.002138 10.528800 -0.030890 -0.001558 0.999522 -0.610600 0.000000 0.000000 0.000000 1.000000
0.999321 -0.021978 0.029586 -0.000000 0.021915 0.999757 0.002438 10.528800 -0.029632 -0.001788 0.999559 -0.610600 0.000000 0.000000 0.000000 1.000000
0.999279 -0.025570 0.028049 -0.000000 0.025459 0.999667 0.004328 10.528800 -0.028150 -0.003611 0.999597 -0.610600 0.000000 0.000000 0.000000 1.000000
0.999228 -0.028848 0.026680 -0.000000 0.028663 0.999562 0.007315 10.528800 -0.026880 -0.006545 0.999617 -0.610600 0.000000 0.000000 0.000000 1.000000
0.999193 -0.030813 0.025775 -0.000000 0.030505 0.999460 0.012237 10.528800 -0.026138 -0.011441 0.999593 -0.610600 0.000000 0.000000 0.000000 1.000000
0.999142 -0.033292 0.024633 0.000000 0.032836 0.999286 0.018685 10.528800 -0.025238 -0.017860 0.999522 -0.610600 0.000000 0.000000 0.000000 1.000000
0.999062 -0.036492 0.023323 0.000000 0.035918 0.999053 0.024551 10.528800 -0.024196 -0.023691 0.999426 -0.610600 0.000000 0.000000 0.000000 1.000000
0.998935 -0.040658 0.021817 -0.000000 0.040040 0.998804 0.028049 10.528800 -0.022932 -0.027146 0.999368 -0.610600 0.000000 0.000000 0.000000 1.000000
0.998733 -0.046080 0.020222 0.000000 0.045526 0.998597 0.027056 10.528800 -0.021441 -0.026101 0.999429 -0.610600 0.000000 0.000000 0.000000 1.000000
0.998481 -0.051754 0.018882 0.000000 0.051296 0.998395 0.023985 10.528800 -0.020093 -0.022980 0.999534 -0.610600 0.000000 0.000000 0.000000 1.000000
0.998247 -0.056536 0.017511 -0.000000 0.056187 0.998224 0.019797 10.528800 -0.018599 -0.018778 0.999651 -0.610600 0.000000 0.000000 0.000000 1.000000
0.998107 -0.059333 0.016204 0.000000 0.059079 0.998129 0.015727 10.528800 -0.017107 -0.014740 0.999745 -0.610600 0.000000 0.000000 0.000000 1.000000
0.998104 -0.059552 0.015553 -0.000000 0.059362 0.998159 0.012430 10.528800 -0.016265 -0.011483 0.999802 -0.610600 0.000000 0.000000 0.000000 1.000000
0.998160 -0.058580 0.015653 0.000000 0.058413 0.998232 0.010958 10.528800 -0.016267 -0.010023 0.999817 -0.610600 0.000000 0.000000 0.000000 1.000000
0.998261 -0.056527 0.016734 -0.000000 0.056326 0.998337 0.012248 10.528800 -0.017398 -0.011285 0.999785 -0.610600 0.000000 0.000000 0.000000 1.000000
0.998463 -0.052125 0.018816 0.000000 0.051851 0.998546 0.014748 10.528800 -0.019557 -0.013749 0.999714 -0.610600 0.000000 0.000000 0.000000 1.000000
0.998711 -0.046010 0.021426 -0.000000 0.045656 0.998817 0.016712 10.528800 -0.022170 -0.015712 0.999631 -0.610600 0.000000 0.000000 0.000000 1.000000</float_array>
        <technique_common>
          <accessor source="#mixamorig_Spine-Matrix-animation-output-transform-array" count="101" stride="16">
            <param type="float4x4"/>
          </accessor>
        </technique_common>
      </source>
      <source id="mixamorig_Spine-Interpolations">
        <Name_array id="mixamorig_Spine-Interpolations-array" count="101">
 LINEAR LINEAR LINEAR LINEAR LINEAR LINEAR LINEAR LINEAR LINEAR LINEAR LINEAR
LINEAR LINEAR LINEAR LINEAR LINEAR LINEAR LINEAR LINEAR LINEAR LINEAR LINEAR LINEAR
LINEAR LINEAR LINEAR LINEAR LINEAR LINEAR LINEAR LINEAR LINEAR LINEAR LINEAR LINEAR
LINEAR LINEAR LINEAR LINEAR LINEAR LINEAR LINEAR LINEAR LINEAR LINEAR LINEAR LINEAR
LINEAR LINEAR LINEAR LINEAR LINEAR LINEAR LINEAR LINEAR LINEAR LINEAR LINEAR LINEAR
LINEAR LINEAR LINEAR LINEAR LINEAR LINEAR LINEAR LINEAR LINEAR LINEAR LINEAR LINEAR
LINEAR LINEAR LINEAR LINEAR LINEAR LINEAR LINEAR LINEAR LINEAR LINEAR LINEAR LINEAR
LINEAR LINEAR LINEAR LINEAR LINEAR LINEAR LINEAR LINEAR LINEAR LINEAR LINEAR LINEAR
LINEAR LINEAR LINEAR LINEAR LINEAR LINEAR</Name_array>
        <technique_common>
          <accessor source="#mixamorig_Spine-Interpolations-array" count="101">
            <param type="name"/>
          </accessor>
        </technique_common>
      </source>
      <sampler id="mixamorig_Spine-Matrix-animation-transform">
        <input semantic="INPUT" source="#mixamorig_Spine-Matrix-animation-input"/>
        <input semantic="OUTPUT" source="#mixamorig_Spine-Matrix-animation-output-transform"/>
        <input semantic="INTERPOLATION" source="#mixamorig_Spine-Interpolations"/>
      </sampler>
      <channel source="#mixamorig_Spine-Matrix-animation-transform" target="mixamorig_Spine/matrix"/>
    </animation>
    <animation id="mixamorig_Spine1-anim" name="mixamorig_Spine1">
      <source id="mixamorig_Spine1-Matrix-animation-input">
        <float_array id="mixamorig_Spine1-Matrix-animation-input-array" count="101">

0.000000 0.033333 0.066667 0.100000 0.133333 0.166667 0.200000 0.233333 0.266667 0.300000 0.333333 0.366667 0.400000 0.433333 0.466667 0.500000
0.533333 0.566667 0.600000 0.633333 0.666667 0.700000 0.733333 0.766667 0.800000 0.833333 0.866667 0.900000 0.933333 0.966667 1.000000 1.033333
1.066667 1.100000 1.133333 1.166667 1.200000 1.233333 1.266667 1.300000 1.333333 1.366667 1.400000 1.433333 1.466667 1.500000 1.533333 1.566667
1.600000 1.633333 1.666667 1.700000 1.733333 1.766667 1.800000 1.833333 1.866667 1.900000 1.933333 1.966667 2.000000 2.033333 2.066667 2.100000
2.133333 2.166667 2.200000 2.233333 2.266667 2.300000 2.333333 2.366667 2.400000 2.433333 2.466667 2.500000 2.533333 2.566667 2.600000 2.633333
2.666667 2.700000 2.733333 2.766667 2.800000 2.833333 2.866667 2.900000 2.933333 2.966667 3.000000 3.033333 3.066667 3.100000 3.133333 3.166667
3.200000 3.233333 3.266667 3.300000 3.333333</float_array>
        <technique_common>
          <accessor source="#mixamorig_Spine1-Matrix-animation-input-array" count="101">
            <param name="TIME" type="float"/>
          </accessor>
        </technique_common>
      </source>
      <source id="mixamorig_Spine1-Matrix-animation-output-transform">
        <float_array id="mixamorig_Spine1-Matrix-animation-output-transform-array" count="1616">

0.998268 -0.046117 0.036515 -0.000000 0.050824 0.988745 -0.140715 11.377000 -0.029614 0.142327 0.989377 0.000000 0.000000 0.000000 0.000000 1.000000
0.998481 -0.037413 0.040451 0.000000 0.042626 0.989680 -0.136807 11.377000 -0.034916 0.138324 0.989771 0.000000 0.000000 0.000000 0.000000 1.000000
0.998542 -0.029234 0.045384 0.000000 0.035035 0.990523 -0.132804 11.377000 -0.041071 0.134201 0.990103 0.000000 0.000000 0.000000 0.000000 1.000000
0.998449 -0.022609 0.050873 0.000000 0.029070 0.991077 -0.130083 11.377000 -0.047478 0.131360 0.990197 -0.000000 0.000000 0.000000 0.000000 1.000000
0.998234 -0.016867 0.056968 -0.000000 0.024213 0.991110 -0.130820 11.377000 -0.054255 0.131968 0.989768 -0.000000 0.000000 0.000000 0.000000 1.000000
0.997941 -0.011477 0.063100 0.000000 0.019992 0.990505 -0.136016 11.377000 -0.060939 0.136998 0.988695 0.000000 0.000000 0.000000 0.000000 1.000000
0.997690 -0.006787 0.067585 -0.000000 0.016549 0.989300 -0.144954 11.377000 -0.065878 0.145738 0.987127 0.000000 0.000000 0.000000 0.000000 1.000000
0.997591 -0.003784 0.069262 0.000000 0.014487 0.987856 -0.154695 11.377000 -0.067836 0.155326 0.985531 0.000000 0.000000 0.000000 0.000000 1.000000
