<?xml version="1.0" encoding="utf-8"?>
<COLLADA xmlns="http://www.collada.org/2005/11/COLLADASchema" version="1.4.1">
  <asset>
    <contributor>
      <author>Mixamo</author>
      <authoring_tool>COLLADA Mixamo exporter</authoring_tool>
      <comments/>
    </contributor>
    <created>2025-01-16T03:49:54Z</created>
    <modified>2025-01-16T03:49:54Z</modified>
    <revision/>
    <title/>
    <unit meter="0.010000"/>
    <up_axis>Y_UP</up_axis>
  </asset>
  <library_animations>
    <animation id="mixamorig_Hips-anim" name="mixamorig_Hips">
      <source id="mixamorig_Hips-Matrix-animation-input">
        <float_array id="mixamorig_Hips-Matrix-animation-input-array" count="82">

0.000000 0.033333 0.066667 0.100000 0.133333 0.166667 0.200000 0.233333 0.266667 0.300000 0.333333 0.366667 0.400000 0.433333 0.466667 0.500000
0.533333 0.566667 0.600000 0.633333 0.666667 0.700000 0.733333 0.766667 0.800000 0.833333 0.866667 0.900000 0.933333 0.966667 1.000000 1.033333
1.066667 1.100000 1.133333 1.166667 1.200000 1.233333 1.266667 1.300000 1.333333 1.366667 1.400000 1.433333 1.466667 1.500000 1.533333 1.566667
1.600000 1.633333 1.666667 1.700000 1.733333 1.766667 1.800000 1.833333 1.866667 1.900000 1.933333 1.966667 2.000000 2.033333 2.066667 2.100000
2.133333 2.166667 2.200000 2.233333 2.266667 2.300000 2.333333 2.366667 2.400000 2.433333 2.466667 2.500000 2.533333 2.566667 2.600000 2.633333
2.666667 2.700000</float_array>
        <technique_common>
          <accessor source="#mixamorig_Hips-Matrix-animation-input-array" count="82">
            <param name="TIME" type="float"/>
          </accessor>
        </technique_common>
      </source>
      <source id="mixamorig_Hips-Matrix-animation-output-transform">
        <float_array id="mixamorig_Hips-Matrix-animation-output-transform-array" count="1312">

0.691040 0.067525 -0.719655 -4.180595 -0.063026 0.997464 0.033071 79.924149 0.720063 0.022504 0.693544 3.457480 0.000000 0.000000 0.000000 1.000000
0.694449 0.056752 -0.717300 -3.485767 -0.058907 0.998023 0.021932 80.339867 0.717126 0.027024 0.696419 4.322658 0.000000 0.000000 0.000000 1.000000
0.698341 0.046405 -0.714259 -2.726090 -0.054017 0.998467 0.012057 80.492462 0.713724 0.030163 0.699777 5.108826 0.000000 0.000000 0.000000 1.000000
0.700506 0.040698 -0.712485 -1.988299 -0.048117 0.998794 0.009745 80.247093 0.712022 0.027456 0.701620 5.753092 0.000000 0.000000 0.000000 1.000000
0.703250 0.042020 -0.709700 -1.381975 -0.041950 0.998965 0.017579 79.667137 0.709704 0.017409 0.704285 6.271614 0.000000 0.000000 0.000000 1.000000
0.708660 0.047959 -0.703918 -0.993169 -0.036618 0.998843 0.031188 79.142426 0.704599 0.003674 0.709596 6.665254 0.000000 0.000000 0.000000 1.000000
0.715432 0.053630 -0.696621 -0.877656 -0.033355 0.998535 0.042618 78.854301 0.697885 -0.007255 0.716173 6.841480 0.000000 0.000000 0.000000 1.000000
0.720797 0.057291 -0.690774 -0.985352 -0.033534 0.998294 0.047804 78.939545 0.692334 -0.011293 0.721488 6.769694 0.000000 0.000000 0.000000 1.000000
0.723394 0.059353 -0.687879 -1.306450 -0.035665 0.998180 0.048621 79.311485 0.689513 -0.010639 0.724195 6.396663 0.000000 0.000000 0.000000 1.000000
0.722515 0.056255 -0.689063 -1.791451 -0.036268 0.998396 0.043480 79.798561 0.690403 -0.006424 0.723396 5.729260 0.000000 0.000000 0.000000 1.000000
0.718547 0.049358 -0.693725 -2.373809 -0.035654 0.998781 0.034133 80.239792 0.694564 0.000208 0.719431 4.859872 0.000000 0.000000 0.000000 1.000000
0.713101 0.043756 -0.699695 -2.988253 -0.037236 0.999006 0.024524 80.464272 0.700072 0.008566 0.714021 3.852502 0.000000 0.000000 0.000000 1.000000
0.709032 0.043629 -0.703825 -3.587613 -0.043385 0.998892 0.018214 80.283966 0.703840 0.017621 0.710140 2.739902 0.000000 0.000000 0.000000 1.000000
0.707624 0.051361 -0.704720 -4.123590 -0.054041 0.998367 0.018499 79.684837 0.704520 0.024993 0.709244 1.672762 0.000000 0.000000 0.000000 1.000000
0.707307 0.065596 -0.703857 -4.567833 -0.065691 0.997476 0.026947 78.950356 0.703848 0.027177 0.709831 0.848242 0.000000 0.000000 0.000000 1.000000
0.706373 0.081061 -0.703183 -4.919889 -0.075463 0.996384 0.039055 78.334679 0.703806 0.025477 0.709935 0.344418 0.000000 0.000000 0.000000 1.000000
0.703932 0.091944 -0.704291 -5.147990 -0.081218 0.995502 0.048784 78.022514 0.705608 0.022860 0.708233 0.192123 0.000000 0.000000 0.000000 1.000000
0.695637 0.094718 -0.712122 -5.211061 -0.080428 0.995306 0.053818 78.140671 0.713877 0.019837 0.699990 0.304725 0.000000 0.000000 0.000000 1.000000
0.683307 0.091424 -0.724385 -5.095010 -0.074332 0.995685 0.055548 78.667442 0.726338 0.015889 0.687154 0.635556 0.000000 0.000000 0.000000 1.000000
0.675354 0.084029 -0.732691 -4.816213 -0.067164 0.996367 0.052361 79.390839 0.734429 0.013848 0.678544 1.202850 0.000000 0.000000 0.000000 1.000000
0.672288 0.073205 -0.736662 -4.379708 -0.062015 0.997170 0.042497 80.016106 0.737688 0.017114 0.674925 1.918944 0.000000 0.000000 0.000000 1.000000
0.672192 0.061249 -0.737839 -3.793231 -0.058904 0.997837 0.029169 80.309494 0.738030 0.023855 0.674346 2.682646 0.000000 0.000000 0.000000 1.000000
0.672742 0.050488 -0.738153 -3.089553 -0.054183 0.998352 0.018903 80.216568 0.737891 0.027278 0.674369 3.479346 0.000000 0.000000 0.000000 1.000000
0.673264 0.044407 -0.738068 -2.377738 -0.047734 0.998723 0.016547 79.818855 0.737860 0.024090 0.674524 4.249914 0.000000 0.000000 0.000000 1.000000
0.675282 0.045300 -0.736168 -1.779848 -0.041998 0.998854 0.022939 79.311249 0.736363 0.015427 0.676410 4.923079 0.000000 0.000000 0.000000 1.000000
0.678532 0.050536 -0.732830 -1.391618 -0.036184 0.998719 0.035368 78.919853 0.733679 0.002518 0.679491 5.467138 0.000000 0.000000 0.000000 1.000000
0.681914 0.055261 -0.729342 -1.259194 -0.031474 0.998435 0.046223 78.801559 0.730755 -0.008564 0.682586 5.835812 0.000000 0.000000 0.000000 1.000000
0.684998 0.057296 -0.726288 -1.358740 -0.030403 0.998282 0.050079 78.997978 0.727910 -0.012223 0.685564 5.955974 0.000000 0.000000 0.000000 1.000000
0.686889 0.057080 -0.724517 -1.662161 -0.031114 0.998307 0.049152 79.430496 0.726096 -0.011219 0.687502 5.790146 0.000000 0.000000 0.000000 1.000000
0.686772 0.054306 -0.724841 -2.122379 -0.031360 0.998490 0.045095 79.943825 0.726196 -0.008239 0.687438 5.354650 0.000000 0.000000 0.000000 1.000000
0.684568 0.048291 -0.727348 -2.656050 -0.031492 0.998831 0.036676 80.373039 0.728269 -0.002201 0.685288 4.703938 0.000000 0.000000 0.000000 1.000000
0.681355 0.042631 -0.730710 -3.196550 -0.034268 0.999066 0.026334 80.589012 0.731150 0.007097 0.682179 3.909284 0.000000 0.000000 0.000000 1.000000
0.678971 0.041890 -0.732969 -3.710593 -0.040646 0.998984 0.019441 80.477142 0.733039 0.016592 0.679984 3.013794 0.000000 0.000000 0.000000 1.000000
0.678557 0.046979 -0.733044 -4.157862 -0.048732 0.998633 0.018890 80.042755 0.732929 0.022905 0.679919 2.138591 0.000000 0.000000 0.000000 1.000000
0.679993 0.057018 -0.730998 -4.535387 -0.056259 0.998090 0.025517 79.393433 0.731057 0.023774 0.681902 1.389492 0.000000 0.000000 0.000000 1.000000
0.682670 0.071023 -0.727267 -4.827516 -0.064733 0.997230 0.036623 78.777565 0.727854 0.022077 0.685377 0.911653 0.000000 0.000000 0.000000 1.000000
0.684794 0.084993 -0.723763 -5.043150 -0.072055 0.996206 0.048811 78.341515 0.725165 0.018725 0.688320 0.710360 0.000000 0.000000 0.000000 1.000000
0.684345 0.093195 -0.723178 -5.143958 -0.074125 0.995552 0.058151 78.205910 0.725381 0.013810 0.688209 0.781698 0.000000 0.000000 0.000000 1.000000
0.680936 0.094992 -0.726157 -5.083090 -0.072465 0.995426 0.062264 78.377151 0.728749 0.010223 0.684704 1.096085 0.000000 0.000000 0.000000 1.000000
0.676509 0.092357 -0.730620 -4.851058 -0.070192 0.995675 0.060869 78.797279 0.733081 0.010105 0.680066 1.598626 0.000000 0.000000 0.000000 1.000000
0.672484 0.085166 -0.735195 -4.475458 -0.066497 0.996292 0.054586 79.308052 0.737118 0.012180 0.675654 2.230193 0.000000 0.000000 0.000000 1.000000
0.670109 0.074443 -0.738520 -3.961939 -0.061638 0.997102 0.044580 79.662186 0.739699 0.015648 0.672756 2.934032 0.000000 0.000000 0.000000 1.000000
0.670087 0.063328 -0.739576 -3.327595 -0.056500 0.997815 0.034249 79.711456 0.740129 0.018836 0.672201 3.709761 0.000000 0.000000 0.000000 1.000000
0.670530 0.054616 -0.739869 -2.647630 -0.049222 0.998364 0.029089 79.453781 0.740248 0.016913 0.672122 4.438221 0.000000 0.000000 0.000000 1.000000
0.672258 0.051367 -0.738533 -2.009559 -0.040667 0.998646 0.032441 78.992020 0.739199 0.008225 0.673436 5.077375 0.000000 0.000000 0.000000 1.000000
0.678246 0.054344 -0.732823 -1.564993 -0.033506 0.998511 0.043037 78.576225 0.734071 -0.004636 0.679057 5.563492 0.000000 0.000000 0.000000 1.000000
0.687350 0.059807 -0.723860 -1.426167 -0.029529 0.998081 0.054424 78.412422 0.725726 -0.016033 0.687797 5.781040 0.000000 0.000000 0.000000 1.000000
0.695952 0.063266 -0.715296 -1.484763 -0.028843 0.997770 0.060186 78.582100 0.717509 -0.021255 0.696225 5.771456 0.000000 0.000000 0.000000 1.000000
0.700227 0.063873 -0.711057 -1.720435 -0.030521 0.997757 0.059571 78.980850 0.713268 -0.020011 0.700606 5.480455 0.000000 0.000000 0.000000 1.000000
0.698439 0.061299 -0.713039 -2.112012 -0.032942 0.998023 0.053531 79.523888 0.714911 -0.013899 0.699077 4.932377 0.000000 0.000000 0.000000 1.000000
0.693147 0.055709 -0.718640 -2.609484 -0.036021 0.998440 0.042656 80.059929 0.719895 -0.003681 0.694073 4.205783 0.000000 0.000000 0.000000 1.000000
0.687802 0.049821 -0.724187 -3.154047 -0.040538 0.998721 0.030206 80.336082 0.724766 0.008581 0.688942 3.340849 0.000000 0.000000 0.000000 1.000000
0.684157 0.048806 -0.727700 -3.666187 -0.048529 0.998594 0.021350 80.225273 0.727718 0.020708 0.685563 2.425591 0.000000 0.000000 0.000000 1.000000
0.682877 0.055274 -0.728440 -4.092857 -0.059153 0.998043 0.020278 79.752998 0.728135 0.029242 0.684810 1.617439 0.000000 0.000000 0.000000 1.000000
0.683992 0.068626 -0.726255 -4.432351 -0.069808 0.997154 0.028479 79.068672 0.726142 0.031219 0.686836 1.041319 0.000000 0.000000 0.000000 1.000000
0.686493 0.086140 -0.722017 -4.676589 -0.079625 0.995892 0.043107 78.430191 0.722764 0.027898 0.690532 0.749319 0.000000 0.000000 0.000000 1.000000
0.687059 0.101000 -0.719547 -4.830443 -0.086294 0.994626 0.057214 78.056511 0.721459 0.022783 0.692083 0.717469 0.000000 0.000000 0.000000 1.000000
0.683388 0.108133 -0.722003 -4.859621 -0.088376 0.993950 0.065213 78.024849 0.724687 0.019242 0.688810 0.921957 0.000000 0.000000 0.000000 1.000000
0.677478 0.107469 -0.727649 -4.728425 -0.085867 0.994060 0.066870 78.306961 0.730514 0.017178 0.682682 1.376404 0.000000 0.000000 0.000000 1.000000
0.673409 0.102677 -0.732105 -4.433269 -0.080914 0.994595 0.065064 78.804268 0.734829 0.015423 0.678077 2.021634 0.000000 0.000000 0.000000 1.000000
0.673198 0.095638 -0.733252 -3.992796 -0.076243 0.995293 0.059818 79.346039 0.735521 0.015636 0.677321 2.789180 0.000000 0.000000 0.000000 1.000000
0.676223 0.083680 -0.731929 -3.464633 -0.071186 0.996301 0.048137 79.670212 0.733250 0.019551 0.679678 3.582606 0.000000 0.000000 0.000000 1.000000
0.683056 0.069692 -0.727033 -2.802416 -0.064410 0.997307 0.035085 79.674492 0.727520 0.022863 0.685705 4.454022 0.000000 0.000000 0.000000 1.000000
0.692763 0.059810 -0.718681 -2.158230 -0.056155 0.998003 0.028925 79.272804 0.718975 0.020319 0.694738 5.236924 0.000000 0.000000 0.000000 1.000000
0.703711 0.057707 -0.708139 -1.635266 -0.048677 0.998270 0.032977 78.694778 0.708817 0.011263 0.705302 5.873464 0.000000 0.000000 0.000000 1.000000
0.714680 0.059844 -0.696886 -1.288616 -0.040066 0.998200 0.044629 78.221397 0.698303 -0.003974 0.715792 6.368810 0.000000 0.000000 0.000000 1.000000
0.723702 0.060841 -0.687425 -1.160351 -0.030881 0.997963 0.055815 77.978966 0.689421 -0.019165 0.724107 6.636641 0.000000 0.000000 0.000000 1.000000
0.728936 0.061235 -0.681837 -1.320655 -0.026989 0.997788 0.060757 78.149551 0.684049 -0.025886 0.728976 6.663724 0.000000 0.000000 0.000000 1.000000
0.730877 0.062722 -0.679621 -1.729248 -0.028949 0.997721 0.060947 78.651085 0.681895 -0.024871 0.731027 6.417750 0.000000 0.000000 0.000000 1.000000
0.730145 0.061243 -0.680542 -2.262448 -0.031779 0.997941 0.055710 79.276917 0.682552 -0.019049 0.730588 5.879747 0.000000 0.000000 0.000000 1.000000
0.726509 0.053501 -0.685071 -2.846245 -0.034967 0.998551 0.040900 79.834297 0.686267 -0.005759 0.727327 5.070126 0.000000 0.000000 0.000000 1.000000
0.722036 0.045759 -0.690341 -3.536819 -0.041317 0.998881 0.022997 80.208969 0.690621 0.011918 0.723119 4.132353 0.000000 0.000000 0.000000 1.000000
0.719624 0.043169 -0.693021 -4.181449 -0.049822 0.998703 0.010476 80.237381 0.692575 0.026989 0.720841 3.156268 0.000000 0.000000 0.000000 1.000000
0.721137 0.048529 -0.691090 -4.609013 -0.058473 0.998248 0.009083 79.885612 0.690320 0.033860 0.722711 2.249438 0.000000 0.000000 0.000000 1.000000
0.721521 0.060994 -0.689701 -4.950608 -0.067255 0.997576 0.017863 79.278694 0.689118 0.033497 0.723874 1.521715 0.000000 0.000000 0.000000 1.000000
0.718456 0.075880 -0.691421 -5.247328 -0.074291 0.996717 0.032188 78.729134 0.691593 0.028241 0.721735 1.091045 0.000000 0.000000 0.000000 1.000000
0.712653 0.086103 -0.696212 -5.478938 -0.076137 0.996070 0.045253 78.406448 0.697373 0.020758 0.716408 0.949096 0.000000 0.000000 0.000000 1.000000
0.704439 0.088621 -0.704211 -5.630448 -0.074903 0.995916 0.050403 78.368141 0.705802 0.017242 0.708200 0.979201 0.000000 0.000000 0.000000 1.000000
0.695894 0.087106 -0.712842 -5.594612 -0.073682 0.996039 0.049781 78.664116 0.714355 0.017882 0.699555 1.261115 0.000000 0.000000 0.000000 1.000000
0.688184 0.082219 -0.720863 -5.278769 -0.070230 0.996442 0.046604 79.197823 0.722129 0.018554 0.691509 1.863540 0.000000 0.000000 0.000000 1.000000
0.687481 0.075333 -0.722284 -4.762562 -0.066153 0.996966 0.041015 79.626816 0.723183 0.019584 0.690379 2.633794 0.000000 0.000000 0.000000 1.000000
0.691040 0.067525 -0.719655 -4.180605 -0.063026 0.997464 0.033071 79.924133 0.720063 0.022504 0.693544 3.457462 0.000000 0.000000 0.000000 1.000000</float_array>
        <technique_common>
          <accessor source="#mixamorig_Hips-Matrix-animation-output-transform-array" count="82" stride="16">
            <param type="float4x4"/>
          </accessor>
        </technique_common>
      </source>
      <source id="mixamorig_Hips-Interpolations">
        <Name_array id="mixamorig_Hips-Interpolations-array" count="82">
 LINEAR LINEAR LINEAR LINEAR LINEAR LINEAR LINEAR LINEAR LINEAR LINEAR LINEAR
LINEAR LINEAR LINEAR LINEAR LINEAR LINEAR LINEAR LINEAR LINEAR LINEAR LINEAR LINEAR
LINEAR LINEAR LINEAR LINEAR LINEAR LINEAR LINEAR LINEAR LINEAR LINEAR LINEAR LINEAR
LINEAR LINEAR LINEAR LINEAR LINEAR LINEAR LINEAR LINEAR LINEAR LINEAR LINEAR LINEAR
LINEAR LINEAR LINEAR LINEAR LINEAR LINEAR LINEAR LINEAR LINEAR LINEAR LINEAR LINEAR
LINEAR LINEAR LINEAR LINEAR LINEAR LINEAR LINEAR LINEAR LINEAR LINEAR LINEAR LINEAR
LINEAR LINEAR LINEAR LINEAR LINEAR LINEAR LINEAR LINEAR LINEAR LINEAR LINEAR</Name_array>
        <technique_common>
          <accessor source="#mixamorig_Hips-Interpolations-array" count="82">
            <param type="name"/>
          </accessor>
        </technique_common>
      </source>
      <sampler id="mixamorig_Hips-Matrix-animation-transform">
        <input semantic="INPUT" source="#mixamorig_Hips-Matrix-animation-input"/>
        <input semantic="OUTPUT" source="#mixamorig_Hips-Matrix-animation-output-transform"/>
        <input semantic="INTERPOLATION" source="#mixamorig_Hips-Interpolations"/>
      </sampler>
      <channel source="#mixamorig_Hips-Matrix-animation-transform" target="mixamorig_Hips/matrix"/>
    </animation>
    <animation id="mixamorig_Spine-anim" name="mixamorig_Spine">
      <source id="mixamorig_Spine-Matrix-animation-input">
        <float_array id="mixamorig_Spine-Matrix-animation-input-array" count="82">

0.000000 0.033333 0.066667 0.100000 0.133333 0.166667 0.200000 0.233333 0.266667 0.300000 0.333333 0.366667 0.400000 0.433333 0.466667 0.500000
0.533333 0.566667 0.600000 0.633333 0.666667 0.700000 0.733333 0.766667 0.800000 0.833333 0.866667 0.900000 0.933333 0.966667 1.000000 1.033333
1.066667 1.100000 1.133333 1.166667 1.200000 1.233333 1.266667 1.300000 1.333333 1.366667 1.400000 1.433333 1.466667 1.500000 1.533333 1.566667
1.600000 1.633333 1.666667 1.700000 1.733333 1.766667 1.800000 1.833333 1.866667 1.900000 1.933333 1.966667 2.000000 2.033333 2.066667 2.100000
2.133333 2.166667 2.200000 2.233333 2.266667 2.300000 2.333333 2.366667 2.400000 2.433333 2.466667 2.500000 2.533333 2.566667 2.600000 2.633333
2.666667 2.700000</float_array>
        <technique_common>
          <accessor source="#mixamorig_Spine-Matrix-animation-input-array" count="82">
            <param name="TIME" type="float"/>
          </accessor>
        </technique_common>
      </source>
      <source id="mixamorig_Spine-Matrix-animation-output-transform">
        <float_array id="mixamorig_Spine-Matrix-animation-output-transform-array" count="1312">

0.998743 -0.049001 0.010597 -0.000000 0.048744 0.998539 0.023329 10.528800 -0.011724 -0.022783 0.999672 -0.610600 0.000000 0.000000 0.000000 1.000000
0.998916 -0.044836 0.012534 0.000000 0.044467 0.998610 0.028298 10.528800 -0.013785 -0.027710 0.999521 -0.610600 0.000000 0.000000 0.000000 1.000000
0.999053 -0.040800 0.015110 0.000000 0.040305 0.998683 0.031739 10.528800 -0.016386 -0.031100 0.999382 -0.610600 0.000000 0.000000 0.000000 1.000000
0.999181 -0.035920 0.018613 -0.000000 0.035320 0.998876 0.031621 10.528800 -0.019728 -0.030937 0.999327 -0.610600 0.000000 0.000000 0.000000 1.000000
0.999276 -0.030502 0.022755 0.000000 0.029865 0.999167 0.027826 10.528800 -0.023585 -0.027126 0.999354 -0.610600 0.000000 0.000000 0.000000 1.000000
0.999323 -0.027135 0.024855 0.000000 0.026558 0.999376 0.023288 10.528800 -0.025472 -0.022612 0.999420 -0.610600 0.000000 0.000000 0.000000 1.000000
0.999337 -0.025946 0.025544 0.000000 0.025425 0.999466 0.020504 10.528800 -0.026062 -0.019841 0.999463 -0.610600 0.000000 0.000000 0.000000 1.000000
0.999322 -0.026510 0.025534 0.000000 0.026003 0.999462 0.019982 10.528800 -0.026050 -0.019305 0.999474 -0.610600 0.000000 0.000000 0.000000 1.000000
0.999301 -0.028091 0.024665 0.000000 0.027578 0.999401 0.020887 10.528800 -0.025237 -0.020192 0.999478 -0.610600 0.000000 0.000000 0.000000 1.000000
0.999288 -0.029614 0.023393 0.000000 0.029070 0.999307 0.023254 10.528800 -0.024066 -0.022558 0.999456 -0.610600 0.000000 0.000000 0.000000 1.000000
0.999264 -0.031278 0.022190 0.000000 0.030685 0.999176 0.026584 10.528800 -0.023004 -0.025883 0.999400 -0.610600 0.000000 0.000000 0.000000 1.000000
0.999206 -0.033862 0.021016 0.000000 0.033238 0.999017 0.029345 10.528800 -0.021989 -0.028623 0.999348 -0.610600 0.000000 0.000000 0.000000 1.000000
0.999065 -0.038837 0.019012 0.000000 0.038250 0.998808 0.030322 10.528800 -0.020167 -0.029566 0.999359 -0.610600 0.000000 0.000000 0.000000 1.000000
0.998771 -0.047074 0.015493 0.000000 0.046607 0.998486 0.029197 10.528800 -0.016844 -0.028439 0.999454 -0.610600 0.000000 0.000000 0.000000 1.000000
0.998375 -0.055941 0.010845 0.000000 0.055645 0.998114 0.025942 10.528800 -0.012276 -0.025297 0.999605 -0.610600 0.000000 0.000000 0.000000 1.000000
0.997976 -0.063308 0.006029 0.000000 0.063161 0.997758 0.022146 10.528800 -0.007418 -0.021721 0.999737 -0.610600 0.000000 0.000000 0.000000 1.000000
0.997679 -0.068065 0.002166 0.000000 0.068008 0.997488 0.019837 10.528800 -0.003510 -0.019644 0.999801 -0.610600 0.000000 0.000000 0.000000 1.000000
0.997699 -0.067781 0.001397 -0.000000 0.067740 0.997511 0.019583 10.528800 -0.002721 -0.019444 0.999807 -0.610600 0.000000 0.000000 0.000000 1.000000
0.997999 -0.063144 0.003345 0.000000 0.063062 0.997797 0.020613 10.528800 -0.004639 -0.020361 0.999782 -0.610600 0.000000 0.000000 0.000000 1.000000
0.998302 -0.058016 0.005223 0.000000 0.057883 0.998065 0.022704 10.528800 -0.006530 -0.022363 0.999729 -0.610600 0.000000 0.000000 0.000000 1.000000
0.998553 -0.053306 0.007163 0.000000 0.053104 0.998252 0.025924 10.528800 -0.008532 -0.025506 0.999638 -0.610600 0.000000 0.000000 0.000000 1.000000
0.998773 -0.048518 0.009901 -0.000000 0.048211 0.998410 0.029205 10.528800 -0.011302 -0.028692 0.999524 -0.610600 0.000000 0.000000 0.000000 1.000000
0.998979 -0.043146 0.013420 0.000000 0.042719 0.998618 0.030618 10.528800 -0.014723 -0.030013 0.999441 -0.610600 0.000000 0.000000 0.000000 1.000000
0.999163 -0.037193 0.017031 -0.000000 0.036688 0.998904 0.029083 10.528800 -0.018094 -0.028434 0.999432 -0.610600 0.000000 0.000000 0.000000 1.000000
0.999303 -0.031577 0.019885 -0.000000 0.031076 0.999203 0.025040 10.528800 -0.020660 -0.024404 0.999489 -0.610600 0.000000 0.000000 0.000000 1.000000
0.999404 -0.026695 0.021898 -0.000000 0.026254 0.999451 0.020209 10.528800 -0.022425 -0.019622 0.999556 -0.610600 0.000000 0.000000 0.000000 1.000000
0.999443 -0.024230 0.022961 -0.000000 0.023842 0.999571 0.017040 10.528800 -0.023365 -0.016483 0.999591 -0.610600 0.000000 0.000000 0.000000 1.000000
0.999422 -0.024829 0.023217 -0.000000 0.024448 0.999564 0.016557 10.528800 -0.023618 -0.015980 0.999593 -0.610600 0.000000 0.000000 0.000000 1.000000
0.999393 -0.026029 0.023143 -0.000000 0.025620 0.999514 0.017782 10.528800 -0.023595 -0.017178 0.999574 -0.610600 0.000000 0.000000 0.000000 1.000000
0.999391 -0.026412 0.022816 -0.000000 0.025958 0.999464 0.019965 10.528800 -0.023331 -0.019360 0.999540 -0.610600 0.000000 0.000000 0.000000 1.000000
0.999394 -0.026815 0.022174 0.000000 0.026302 0.999387 0.023112 10.528800 -0.022780 -0.022515 0.999487 -0.610600 0.000000 0.000000 0.000000 1.000000
0.999373 -0.028203 0.021425 0.000000 0.027637 0.999273 0.026280 10.528800 -0.022150 -0.025671 0.999425 -0.610600 0.000000 0.000000 0.000000 1.000000
0.999299 -0.031436 0.020314 0.000000 0.030861 0.999130 0.028043 10.528800 -0.021178 -0.027397 0.999400 -0.610600 0.000000 0.000000 0.000000 1.000000
0.999146 -0.036961 0.018462 0.000000 0.036440 0.998950 0.027783 10.528800 -0.019470 -0.027086 0.999443 -0.610600 0.000000 0.000000 0.000000 1.000000
0.998915 -0.043849 0.015672 0.000000 0.043442 0.998732 0.025426 10.528800 -0.016767 -0.024718 0.999554 -0.610600 0.000000 0.000000 0.000000 1.000000
0.998585 -0.051825 0.011944 0.000000 0.051557 0.998433 0.021756 10.528800 -0.013053 -0.021110 0.999692 -0.610600 0.000000 0.000000 0.000000 1.000000
0.998291 -0.057860 0.008170 0.000000 0.057706 0.998172 0.017952 10.528800 -0.009194 -0.017449 0.999805 -0.610600 0.000000 0.000000 0.000000 1.000000
0.998171 -0.060209 0.005503 0.000000 0.060117 0.998069 0.015631 10.528800 -0.006433 -0.015272 0.999863 -0.610600 0.000000 0.000000 0.000000 1.000000
0.998201 -0.059779 0.004579 0.000000 0.059702 0.998097 0.015424 10.528800 -0.005492 -0.015122 0.999871 -0.610600 0.000000 0.000000 0.000000 1.000000
0.998309 -0.057905 0.005167 0.000000 0.057810 0.998184 0.016923 10.528800 -0.006137 -0.016596 0.999843 -0.610600 0.000000 0.000000 0.000000 1.000000
0.998527 -0.053784 0.007189 0.000000 0.053637 0.998374 0.019275 10.528800 -0.008214 -0.018861 0.999788 -0.610600 0.000000 0.000000 0.000000 1.000000
0.998784 -0.048253 0.010149 -0.000000 0.048024 0.998610 0.021740 10.528800 -0.011184 -0.021226 0.999712 -0.610600 0.000000 0.000000 0.000000 1.000000
0.999018 -0.042092 0.013826 0.000000 0.041754 0.998842 0.023881 10.528800 -0.014815 -0.023280 0.999619 -0.610600 0.000000 0.000000 0.000000 1.000000
0.999212 -0.035239 0.018262 -0.000000 0.034791 0.999099 0.024309 10.528800 -0.019102 -0.023655 0.999538 -0.610600 0.000000 0.000000 0.000000 1.000000
0.999334 -0.028612 0.022650 -0.000000 0.028123 0.999371 0.021618 10.528800 -0.023254 -0.020967 0.999510 -0.610600 0.000000 0.000000 0.000000 1.000000
0.999388 -0.023998 0.025435 0.000000 0.023575 0.999581 0.016783 10.528800 -0.025827 -0.016173 0.999536 -0.610600 0.000000 0.000000 0.000000 1.000000
0.999410 -0.022494 0.025965 -0.000000 0.022168 0.999673 0.012776 10.528800 -0.026244 -0.012193 0.999581 -0.610600 0.000000 0.000000 0.000000 1.000000
0.999412 -0.023811 0.024656 0.000000 0.023536 0.999658 0.011366 10.528800 -0.024918 -0.010779 0.999631 -0.610600 0.000000 0.000000 0.000000 1.000000
0.999383 -0.026606 0.022934 0.000000 0.026326 0.999576 0.012426 10.528800 -0.023255 -0.011814 0.999660 -0.610600 0.000000 0.000000 0.000000 1.000000
0.999335 -0.029106 0.021942 0.000000 0.028774 0.999468 0.015324 10.528800 -0.022376 -0.014683 0.999642 -0.610600 0.000000 0.000000 0.000000 1.000000
0.999274 -0.031517 0.021406 -0.000000 0.031104 0.999329 0.019356 10.528800 -0.022002 -0.018676 0.999583 -0.610600 0.000000 0.000000 0.000000 1.000000
0.999186 -0.034704 0.020588 0.000000 0.034223 0.999144 0.023248 10.528800 -0.021377 -0.022524 0.999518 -0.610600 0.000000 0.000000 0.000000 1.000000
0.999041 -0.039425 0.019062 0.000000 0.038930 0.998911 0.025702 10.528800 -0.020055 -0.024935 0.999488 -0.610600 0.000000 0.000000 0.000000 1.000000
0.998804 -0.045964 0.016684 0.000000 0.045529 0.998635 0.025583 10.528800 -0.017837 -0.024793 0.999533 -0.610600 0.000000 0.000000 0.000000 1.000000
0.998457 -0.053881 0.013438 0.000000 0.053566 0.998304 0.022785 10.528800 -0.014643 -0.022030 0.999650 -0.610600 0.000000 0.000000 0.000000 1.000000
0.997994 -0.062661 0.009055 0.000000 0.062488 0.997877 0.018325 10.528800 -0.010184 -0.017722 0.999791 -0.610600 0.000000 0.000000 0.000000 1.000000
0.997628 -0.068659 0.004963 0.000000 0.068583 0.997544 0.014229 10.528800 -0.005928 -0.013855 0.999886 -0.610600 0.000000 0.000000 0.000000 1.000000
0.997542 -0.069997 0.003112 0.000000 0.069954 0.997476 0.012144 10.528800 -0.003955 -0.011897 0.999921 -0.610600 0.000000 0.000000 0.000000 1.000000
0.997679 -0.067999 0.003478 0.000000 0.067951 0.997612 0.012366 10.528800 -0.004310 -0.012101 0.999917 -0.610600 0.000000 0.000000 0.000000 1.000000
0.997940 -0.063956 0.005097 0.000000 0.063879 0.997859 0.013996 10.528800 -0.005982 -0.013642 0.999889 -0.610600 0.000000 0.000000 0.000000 1.000000
0.998256 -0.058534 0.007658 0.000000 0.058399 0.998152 0.016774 10.528800 -0.008626 -0.016297 0.999830 -0.610600 0.000000 0.000000 0.000000 1.000000
0.998587 -0.051959 0.011165 0.000000 0.051720 0.998447 0.020693 10.528800 -0.012222 -0.020086 0.999724 -0.610600 0.000000 0.000000 0.000000 1.000000
0.998840 -0.045745 0.015034 -0.000000 0.045382 0.998689 0.023666 10.528800 -0.016097 -0.022957 0.999607 -0.610600 0.000000 0.000000 0.000000 1.000000
0.999036 -0.039713 0.018709 0.000000 0.039259 0.998941 0.024003 10.528800 -0.019642 -0.023245 0.999537 -0.610600 0.000000 0.000000 0.000000 1.000000
0.999184 -0.034160 0.021557 -0.000000 0.033704 0.999207 0.021191 10.528800 -0.022263 -0.020448 0.999543 -0.610600 0.000000 0.000000 0.000000 1.000000
0.999293 -0.029365 0.023490 -0.000000 0.028984 0.999445 0.016416 10.528800 -0.023959 -0.015723 0.999589 -0.610600 0.000000 0.000000 0.000000 1.000000
0.999357 -0.025839 0.024846 0.000000 0.025537 0.999597 0.012408 10.528800 -0.025157 -0.011766 0.999614 -0.610600 0.000000 0.000000 0.000000 1.000000
0.999364 -0.025459 0.024966 0.000000 0.025184 0.999619 0.011262 10.528800 -0.025244 -0.010626 0.999625 -0.610600 0.000000 0.000000 0.000000 1.000000
0.999329 -0.027932 0.023702 0.000000 0.027649 0.999544 0.012166 10.528800 -0.024031 -0.011502 0.999645 -0.610600 0.000000 0.000000 0.000000 1.000000
0.999263 -0.031150 0.022418 0.000000 0.030828 0.999418 0.014605 10.528800 -0.022860 -0.013903 0.999642 -0.610600 0.000000 0.000000 0.000000 1.000000
0.999181 -0.034028 0.021874 -0.000000 0.033612 0.999253 0.019096 10.528800 -0.022508 -0.018345 0.999578 -0.610600 0.000000 0.000000 0.000000 1.000000
0.999065 -0.037895 0.020800 0.000000 0.037390 0.999009 0.024129 10.528800 -0.021694 -0.023329 0.999492 -0.610600 0.000000 0.000000 0.000000 1.000000
0.998900 -0.042894 0.018931 0.000000 0.042374 0.998734 0.027096 10.528800 -0.020069 -0.026264 0.999454 -0.610600 0.000000 0.000000 0.000000 1.000000
0.998622 -0.049815 0.016516 0.000000 0.049372 0.998436 0.026215 10.528800 -0.017796 -0.025364 0.999520 -0.610600 0.000000 0.000000 0.000000 1.000000
0.998231 -0.057773 0.014016 -0.000000 0.057446 0.998090 0.022734 10.528800 -0.015303 -0.021888 0.999643 -0.610600 0.000000 0.000000 0.000000 1.000000
0.997842 -0.064752 0.010876 0.000000 0.064543 0.997743 0.018546 10.528800 -0.012052 -0.017804 0.999769 -0.610600 0.000000 0.000000 0.000000 1.000000
0.997687 -0.067596 0.007114 0.000000 0.067477 0.997596 0.015782 10.528800 -0.008164 -0.015265 0.999850 -0.610600 0.000000 0.000000 0.000000 1.000000
0.997924 -0.064222 0.004890 0.000000 0.064143 0.997829 0.014903 10.528800 -0.005836 -0.014558 0.999877 -0.610600 0.000000 0.000000 0.000000 1.000000
0.998226 -0.059344 0.004886 0.000000 0.059269 0.998140 0.014308 10.528800 -0.005726 -0.013993 0.999886 -0.610600 0.000000 0.000000 0.000000 1.000000
0.998405 -0.056109 0.006278 -0.000000 0.056006 0.998310 0.015477 10.528800 -0.007136 -0.015101 0.999861 -0.610600 0.000000 0.000000 0.000000 1.000000
0.998566 -0.052884 0.008308 -0.000000 0.052720 0.998430 0.018933 10.528800 -0.009297 -0.018468 0.999786 -0.610600 0.000000 0.000000 0.000000 1.000000
0.998743 -0.049001 0.010597 -0.000000 0.048744 0.998539 0.023329 10.528800 -0.011724 -0.022783 0.999672 -0.610600 0.000000 0.000000 0.000000 1.000000</float_array>
        <technique_common>
          <accessor source="#mixamorig_Spine-Matrix-animation-output-transform-array" count="82" stride="16">
            <param type="float4x4"/>
          </accessor>
        </technique_common>
      </source>
      <source id="mixamorig_Spine-Interpolations">
        <Name_array id="mixamorig_Spine-Interpolations-array" count="82">
 LINEAR LINEAR LINEAR LINEAR LINEAR LINEAR LINEAR LINEAR LINEAR LINEAR LINEAR
LINEAR LINEAR LINEAR LINEAR LINEAR LINEAR LINEAR LINEAR LINEAR LINEAR LINEAR LINEAR
LINEAR LINEAR LINEAR LINEAR LINEAR LINEAR LINEAR LINEAR LINEAR LINEAR LINEAR LINEAR
LINEAR LINEAR LINEAR LINEAR LINEAR LINEAR LINEAR LINEAR LINEAR LINEAR LINEAR LINEAR
LINEAR LINEAR LINEAR LINEAR LINEAR LINEAR LINEAR LINEAR LINEAR LINEAR LINEAR LINEAR
LINEAR LINEAR LINEAR LINEAR LINEAR LINEAR LINEAR LINEAR LINEAR LINEAR LINEAR LINEAR
LINEAR LINEAR LINEAR LINEAR LINEAR LINEAR LINEAR LINEAR LINEAR LINEAR LINEAR</Name_array>
        <technique_common>
          <accessor source="#mixamorig_Spine-Interpolations-array" count="82">
            <param type="name"/>
          </accessor>
        </technique_common>
      </source>
      <sampler id="mixamorig_Spine-Matrix-animation-transform">
        <input semantic="INPUT" source="#mixamorig_Spine-Matrix-animation-input"/>
        <input semantic="OUTPUT" source="#mixamorig_Spine-Matrix-animation-output-transform"/>
        <input semantic="INTERPOLATION" source="#mixamorig_Spine-Interpolations"/>
      </sampler>
      <channel source="#mixamorig_Spine-Matrix-animation-transform" target="mixamorig_Spine/matrix"/>
    </animation>
    <animation id="mixamorig_Spine1-anim" name="mixamorig_Spine1">
      <source id="mixamorig_Spine1-Matrix-animation-input">
        <float_array id="mixamorig_Spine1-Matrix-animation-input-array" count="82">

0.000000 0.033333 0.066667 0.100000 0.133333 0.166667 0.200000 0.233333 0.266667 0.300000 0.333333 0.366667 0.400000 0.433333 0.466667 0.500000
0.533333 0.566667 0.600000 0.633333 0.666667 0.700000 0.733333 0.766667 0.800000 0.833333 0.866667 0.900000 0.933333 0.966667 1.000000 1.033333
1.066667 1.100000 1.133333 1.166667 1.200000 1.233333 1.266667 1.300000 1.333333 1.366667 1.400000 1.433333 1.466667 1.500000 1.533333 1.566667
1.600000 1.633333 1.666667 1.700000 1.733333 1.766667 1.800000 1.833333 1.866667 1.900000 1.933333 1.966667 2.000000 2.033333 2.066667 2.100000
2.133333 2.166667 2.200000 2.233333 2.266667 2.300000 2.333333 2.366667 2.400000 2.433333 2.466667 2.500000 2.533333 2.566667 2.600000 2.633333
2.666667 2.700000</float_array>
        <technique_common>
          <accessor source="#mixamorig_Spine1-Matrix-animation-input-array" count="82">
            <param name="TIME" type="float"/>
          </accessor>
        </technique_common>
      </source>
      <source id="mixamorig_Spine1-Matrix-animation-output-transform">
        <float_array id="mixamorig_Spine1-Matrix-animation-output-transform-array" count="1312">

0.998538 -0.045643 0.028951 0.000000 0.048900 0.991061 -0.124124 11.377000 -0.023027 0.125358 0.991844 -0.000000 0.000000 0.000000 0.000000 1.000000
0.998597 -0.042124 0.032098 -0.000000 0.045532 0.992420 -0.114148 11.377000 -0.027046 0.115449 0.992945 0.000000 0.000000 0.000000 0.000000 1.000000
0.998572 -0.038963 0.036561 -0.000000 0.042683 0.993320 -0.107212 11.377000 -0.032140 0.108620 0.993564 -0.000000 0.000000 0.000000 0.000000 1.000000
0.998458 -0.035086 0.043014 -0.000000 0.039533 0.993441 -0.107299 11.377000 -0.038967 0.108834 0.993296 0.000000 0.000000 0.000000 0.000000 1.000000
0.998234 -0.030370 0.051061 0.000000 0.036067 0.992752 -0.114641 11.377000 -0.047209 0.116280 0.992094 -0.000000 0.000000 0.000000 0.000000 1.000000
0.998111 -0.026525 0.055413 0.000000 0.033218 0.991777 -0.123590 11.377000 -0.051679 0.125198 0.990785 0.000000 0.000000 0.000000 0.000000 1.000000
0.998071 -0.024714 0.056944 0.000000 0.031911 0.991110 -0.129161 11.377000 -0.053246 0.130729 0.989987 0.000000 0.000000 0.000000 0.000000 1.000000
0.998080 -0.024151 0.057044 0.000000 0.031428 0.990973 -0.130323 11.377000 -0.053381 0.131865 0.989829 0.000000 0.000000 0.000000 0.000000 1.000000
0.998171 -0.024304 0.055361 0.000000 0.031271 0.991192 -0.128684 11.377000 -0.051745 0.130180 0.990139 0.000000 0.000000 0.000000 0.000000 1.000000
0.998317 -0.024073 0.052758 -0.000000 0.030476 0.991798 -0.124125 11.377000 -0.049337 0.125524 0.990863 0.000000 0.000000 0.000000 0.000000 1.000000
0.998454 -0.023584 0.050339 -0.000000 0.029378 0.992621 -0.117644 11.377000 -0.047193 0.118941 0.991779 0.000000 0.000000 0.000000 0.000000 1.000000
0.998549 -0.024357 0.048025 0.000000 0.029628 0.993234 -0.112285 11.377000 -0.044965 0.113545 0.992515 0.000000 0.000000 0.000000 0.000000 1.000000
0.998621 -0.028079 0.044359 -0.000000 0.032838 0.993335 -0.110484 11.377000 -0.040961 0.111788 0.992888 0.000000 0.000000 0.000000 0.000000 1.000000
0.998675 -0.034286 0.038367 0.000000 0.038427 0.992853 -0.112991 11.377000 -0.034218 0.114315 0.992855 0.000000 0.000000 0.000000 0.000000 1.000000
0.998678 -0.041205 0.030723 0.000000 0.044603 0.991810 -0.119679 11.377000 -0.025540 0.120891 0.992337 0.000000 0.000000 0.000000 0.000000 1.000000
0.998598 -0.047738 0.022887 0.000000 0.050273 0.990591 -0.127285 11.377000 -0.016595 0.128257 0.991602 -0.000000 0.000000 0.000000 0.000000 1.000000
0.998488 -0.052438 0.016521 0.000000 0.054162 0.989791 -0.131835 11.377000 -0.009439 0.132531 0.991134 0.000000 0.000000 0.000000 0.000000 1.000000
0.998478 -0.053019 0.015188 0.000000 0.054565 0.989725 -0.132162 11.377000 -0.008025 0.132790 0.991112 0.000000 0.000000 0.000000 0.000000 1.000000
0.998580 -0.050004 0.018387 0.000000 0.051974 0.990171 -0.129847 11.377000 -0.011713 0.130618 0.991364 -0.000000 0.000000 0.000000 0.000000 1.000000
0.998679 -0.046861 0.021057 0.000000 0.049140 0.990880 -0.125469 11.377000 -0.014985 0.126338 0.991874 0.000000 0.000000 0.000000 0.000000 1.000000
0.998713 -0.045029 0.023339 0.000000 0.047495 0.991769 -0.118904 11.377000 -0.017793 0.119860 0.992631 -0.000000 0.000000 0.000000 0.000000 1.000000
0.998684 -0.043568 0.027045 0.000000 0.046342 0.992597 -0.112264 11.377000 -0.021954 0.113370 0.993310 0.000000 0.000000 0.000000 0.000000 1.000000
0.998624 -0.041041 0.032638 0.000000 0.044384 0.993014 -0.109327 11.377000 -0.027923 0.110625 0.993470 0.000000 0.000000 0.000000 0.000000 1.000000
0.998540 -0.037357 0.039011 -0.000000 0.041524 0.992825 -0.112131 11.377000 -0.034543 0.113587 0.992927 0.000000 0.000000 0.000000 0.000000 1.000000
0.998472 -0.032731 0.044521 -0.000000 0.037867 0.992062 -0.119913 11.377000 -0.040243 0.121416 0.991786 -0.000000 0.000000 0.000000 0.000000 1.000000
0.998441 -0.027292 0.048697 -0.000000 0.033398 0.991035 -0.129361 11.377000 -0.044730 0.130786 0.990401 0.000000 0.000000 0.000000 0.000000 1.000000
0.998424 -0.023075 0.051161 -0.000000 0.029839 0.990305 -0.135668 11.377000 -0.047535 0.136981 0.989433 0.000000 0.000000 0.000000 0.000000 1.000000
0.998404 -0.021910 0.052061 -0.000000 0.028861 0.990183 -0.136766 11.377000 -0.048554 0.138050 0.989234 0.000000 0.000000 0.000000 0.000000 1.000000
0.998410 -0.021497 0.052113 0.000000 0.028347 0.990508 -0.134498 11.377000 -0.048727 0.135761 0.989543 0.000000 0.000000 0.000000 0.000000 1.000000
0.998474 -0.019989 0.051477 0.000000 0.026559 0.991119 -0.130297 11.377000 -0.048415 0.131466 0.990138 -0.000000 0.000000 0.000000 0.000000 1.000000
0.998574 -0.018145 0.050208 0.000000 0.024268 0.991966 -0.124156 11.377000 -0.047552 0.125197 0.990992 0.000000 0.000000 0.000000 0.000000 1.000000
0.998666 -0.016995 0.048765 0.000000 0.022656 0.992755 -0.118003 11.377000 -0.046406 0.118950 0.991815 -0.000000 0.000000 0.000000 0.000000 1.000000
0.998735 -0.018504 0.046754 0.000000 0.023766 0.993122 -0.114642 11.377000 -0.044311 0.115609 0.992306 0.000000 0.000000 0.000000 0.000000 1.000000
0.998787 -0.022644 0.043727 -0.000000 0.027560 0.992945 -0.115332 11.377000 -0.040807 0.116397 0.992364 0.000000 0.000000 0.000000 0.000000 1.000000
0.998829 -0.028089 0.039380 0.000000 0.032642 0.992212 -0.120211 11.377000 -0.035697 0.121355 0.991967 0.000000 0.000000 0.000000 0.000000 1.000000
0.998830 -0.034635 0.033739 -0.000000 0.038678 0.991061 -0.127678 11.377000 -0.029015 0.128834 0.991242 -0.000000 0.000000 0.000000 0.000000 1.000000
0.998807 -0.040092 0.027893 0.000000 0.043511 0.989849 -0.135297 11.377000 -0.022185 0.136349 0.990412 -0.000000 0.000000 0.000000 0.000000 1.000000
0.998808 -0.042758 0.023543 -0.000000 0.045639 0.989120 -0.139852 11.377000 -0.017307 0.140760 0.989892 0.000000 0.000000 0.000000 0.000000 1.000000
0.998842 -0.042775 0.022004 0.000000 0.045445 0.989077 -0.140219 11.377000 -0.015766 0.141057 0.989876 -0.000000 0.000000 0.000000 0.000000 1.000000
0.998849 -0.042226 0.022749 -0.000000 0.044956 0.989525 -0.137186 11.377000 -0.016718 0.138050 0.990284 0.000000 0.000000 0.000000 0.000000 1.000000
0.998851 -0.040533 0.025558 -0.000000 0.043570 0.990241 -0.132380 11.377000 -0.019943 0.133341 0.990870 0.000000 0.000000 0.000000 0.000000 1.000000
0.998845 -0.037611 0.029911 0.000000 0.041129 0.991006 -0.127339 11.377000 -0.024852 0.128422 0.991408 0.000000 0.000000 0.000000 0.000000 1.000000
0.998770 -0.034452 0.035652 0.000000 0.038595 0.991664 -0.122936 11.377000 -0.031119 0.124161 0.991774 -0.000000 0.000000 0.000000 0.000000 1.000000
0.998594 -0.030673 0.043226 0.000000 0.035743 0.991904 -0.121856 11.377000 -0.039139 0.123230 0.991606 0.000000 0.000000 0.000000 0.000000 1.000000
0.998334 -0.026389 0.051317 -0.000000 0.032728 0.991376 -0.126894 11.377000 -0.047526 0.128362 0.990588 -0.000000 0.000000 0.000000 0.000000 1.000000
0.998132 -0.022708 0.056711 -0.000000 0.030271 0.990209 -0.136272 11.377000 -0.053061 0.137734 0.989047 -0.000000 0.000000 0.000000 0.000000 1.000000
0.998099 -0.020621 0.058076 0.000000 0.028826 0.989129 -0.144196 11.377000 -0.054472 0.145596 0.987844 0.000000 0.000000 0.000000 0.000000 1.000000
0.998227 -0.019537 0.056227 0.000000 0.027644 0.988716 -0.147230 11.377000 -0.052716 0.148523 0.987503 0.000000 0.000000 0.000000 0.000000 1.000000
0.998386 -0.019157 0.053471 0.000000 0.026770 0.988995 -0.145509 11.377000 -0.050095 0.146705 0.987911 0.000000 0.000000 0.000000 0.000000 1.000000
0.998483 -0.019226 0.051597 0.000000 0.026294 0.989800 -0.140019 11.377000 -0.048379 0.141164 0.988803 -0.000000 0.000000 0.000000 0.000000 1.000000
0.998542 -0.019541 0.050314 0.000000 0.026050 0.990885 -0.132164 11.377000 -0.047272 0.133282 0.989950 0.000000 0.000000 0.000000 0.000000 1.000000
0.998608 -0.020690 0.048512 -0.000000 0.026599 0.991859 -0.124529 11.377000 -0.045540 0.125646 0.991029 0.000000 0.000000 0.000000 0.000000 1.000000
