<?xml version="1.0" encoding="utf-8"?>
<COLLADA xmlns="http://www.collada.org/2005/11/COLLADASchema" version="1.4.1">
  <asset>
    <contributor>
      <author>Mixamo</author>
      <authoring_tool>COLLADA Mixamo exporter</authoring_tool>
      <comments/>
    </contributor>
    <created>2025-01-16T06:42:54Z</created>
    <modified>2025-01-16T06:42:54Z</modified>
    <revision/>
    <title/>
    <unit meter="0.010000"/>
    <up_axis>Y_UP</up_axis>
  </asset>
  <library_animations>
    <animation id="mixamorig_Hips-anim" name="mixamorig_Hips">
      <source id="mixamorig_Hips-Matrix-animation-input">
        <float_array id="mixamorig_Hips-Matrix-animation-input-array" count="72">

0.000000 0.033333 0.066667 0.100000 0.133333 0.166667 0.200000 0.233333 0.266667 0.300000 0.333333 0.366667 0.400000 0.433333 0.466667 0.500000
0.533333 0.566667 0.600000 0.633333 0.666667 0.700000 0.733333 0.766667 0.800000 0.833333 0.866667 0.900000 0.933333 0.966667 1.000000 1.033333
1.066667 1.100000 1.133333 1.166667 1.200000 1.233333 1.266667 1.300000 1.333333 1.366667 1.400000 1.433333 1.466667 1.500000 1.533333 1.566667
1.600000 1.633333 1.666667 1.700000 1.733333 1.766667 1.800000 1.833333 1.866667 1.900000 1.933333 1.966667 2.000000 2.033333 2.066667 2.100000
2.133333 2.166667 2.200000 2.233333 2.266667 2.300000 2.333333 2.366667</float_array>
        <technique_common>
          <accessor source="#mixamorig_Hips-Matrix-animation-input-array" count="72">
            <param name="TIME" type="float"/>
          </accessor>
        </technique_common>
      </source>
      <source id="mixamorig_Hips-Matrix-animation-output-transform">
        <float_array id="mixamorig_Hips-Matrix-animation-output-transform-array" count="1152">

0.738871 -0.010513 -0.673765 -2.454615 0.066085 0.996189 0.056926 78.352081 0.670599 -0.086587 0.736749 2.562568 0.000000 0.000000 0.000000 1.000000
0.738077 -0.013158 -0.674588 -2.643478 0.068837 0.996061 0.055887 78.075569 0.671196 -0.087685 0.736075 3.179363 0.000000 0.000000 0.000000 1.000000
0.736969 -0.014445 -0.675773 -2.859474 0.070233 0.995996 0.055303 77.769989 0.672268 -0.088218 0.735033 3.809671 0.000000 0.000000 0.000000 1.000000
0.735024 -0.011931 -0.677936 -3.085945 0.068801 0.995997 0.057066 77.419754 0.674542 -0.088587 0.732902 4.460148 0.000000 0.000000 0.000000 1.000000
0.732224 -0.005516 -0.681042 -3.318392 0.064964 0.995973 0.061779 77.004890 0.677959 -0.089479 0.729634 5.143668 0.000000 0.000000 0.000000 1.000000
0.728768 0.003771 -0.684751 -3.551775 0.060256 0.995753 0.069613 76.474319 0.682105 -0.091992 0.725445 5.902965 0.000000 0.000000 0.000000 1.000000
0.724680 0.013153 -0.688960 -3.748127 0.057641 0.995157 0.079628 75.749962 0.686670 -0.097417 0.720412 6.799228 0.000000 0.000000 0.000000 1.000000
0.719106 0.021240 -0.694575 -3.925308 0.058240 0.994174 0.090699 74.790283 0.692455 -0.105674 0.713680 7.852498 0.000000 0.000000 0.000000 1.000000
0.711182 0.027574 -0.702467 -4.093768 0.062490 0.992795 0.102236 73.667648 0.700226 -0.116605 0.704335 9.037596 0.000000 0.000000 0.000000 1.000000
0.700715 0.033948 -0.712633 -4.148863 0.067835 0.991172 0.113918 72.200478 0.710209 -0.128165 0.692226 10.482062 0.000000 0.000000 0.000000 1.000000
0.688125 0.040365 -0.724469 -4.124264 0.073624 0.989414 0.125056 70.506699 0.721848 -0.139392 0.677868 12.181913 0.000000 0.000000 0.000000 1.000000
0.673454 0.043293 -0.737961 -4.187897 0.082591 0.987627 0.133312 69.045647 0.734601 -0.150729 0.661545 13.937510 0.000000 0.000000 0.000000 1.000000
0.655467 0.039960 -0.754166 -4.433407 0.093797 0.986560 0.133795 68.108047 0.749376 -0.158437 0.642910 15.830679 0.000000 0.000000 0.000000 1.000000
0.633831 0.028638 -0.772941 -4.899159 0.103067 0.987275 0.121097 67.674850 0.766574 -0.156419 0.622814 18.055178 0.000000 0.000000 0.000000 1.000000
0.613106 0.009916 -0.789939 -5.468869 0.104205 0.990169 0.093307 67.618027 0.783098 -0.139523 0.606045 20.477102 0.000000 0.000000 0.000000 1.000000
0.600730 -0.013404 -0.799339 -6.076378 0.093664 0.994153 0.053722 67.729172 0.793946 -0.107142 0.598474 23.283524 0.000000 0.000000 0.000000 1.000000
0.601402 -0.036085 -0.798132 -6.585439 0.071990 0.997363 0.009153 67.825562 0.795697 -0.062963 0.602414 26.455750 0.000000 0.000000 0.000000 1.000000
0.614113 -0.051900 -0.787510 -6.889560 0.042140 0.998568 -0.032948 67.688004 0.788092 -0.012952 0.615421 30.047012 0.000000 0.000000 0.000000 1.000000
0.631554 -0.055787 -0.773322 -6.975501 0.006816 0.997769 -0.066411 67.177795 0.775302 0.036671 0.630525 33.873016 0.000000 0.000000 0.000000 1.000000
0.645609 -0.048981 -0.762096 -6.855995 -0.027166 0.995836 -0.087018 66.189796 0.763185 0.076882 0.641590 37.943710 0.000000 0.000000 0.000000 1.000000
0.655005 -0.037634 -0.754687 -6.428534 -0.052903 0.994024 -0.095485 65.181473 0.753771 0.102468 0.649099 42.611206 0.000000 0.000000 0.000000 1.000000
0.664244 -0.030715 -0.746885 -5.758592 -0.063809 0.993179 -0.097592 64.660995 0.744787 0.112483 0.657753 47.098885 0.000000 0.000000 0.000000 1.000000
0.677483 -0.031205 -0.734876 -5.227113 -0.063715 0.992854 -0.100898 64.895721 0.732774 0.115180 0.670654 50.435150 0.000000 0.000000 0.000000 1.000000
0.693054 -0.033911 -0.720087 -4.746956 -0.066934 0.991551 -0.111117 65.435196 0.717771 0.125209 0.684929 53.021400 0.000000 0.000000 0.000000 1.000000
0.708560 -0.036414 -0.704711 -4.325267 -0.078948 0.988307 -0.130447 66.129715 0.701221 0.148066 0.697399 55.105053 0.000000 0.000000 0.000000 1.000000
0.722212 -0.040426 -0.690490 -3.934800 -0.093044 0.983539 -0.154901 66.825165 0.685385 0.176118 0.706562 56.801903 0.000000 0.000000 0.000000 1.000000
0.732564 -0.047082 -0.679068 -3.598230 -0.100095 0.979310 -0.175879 67.456451 0.673298 0.196814 0.712695 58.104618 0.000000 0.000000 0.000000 1.000000
0.737557 -0.051700 -0.673303 -3.305376 -0.100241 0.977636 -0.184875 67.993706 0.667803 0.203848 0.715880 59.029415 0.000000 0.000000 0.000000 1.000000
0.735742 -0.049125 -0.675478 -3.048451 -0.098632 0.978961 -0.178628 68.367584 0.670042 0.198047 0.715417 59.592636 0.000000 0.000000 0.000000 1.000000
0.728368 -0.038653 -0.684095 -2.811868 -0.098520 0.982125 -0.160389 68.483704 0.678067 0.184219 0.711540 59.826168 0.000000 0.000000 0.000000 1.000000
0.717484 -0.022107 -0.696224 -2.593775 -0.100138 0.985841 -0.134500 68.404686 0.689339 0.166220 0.705112 59.848343 0.000000 0.000000 0.000000 1.000000
0.703852 -0.002202 -0.710344 -2.401167 -0.101630 0.989396 -0.103768 68.185486 0.703039 0.145229 0.696164 59.714573 0.000000 0.000000 0.000000 1.000000
0.687558 0.018572 -0.725892 -2.231823 -0.100154 0.992544 -0.069471 67.881165 0.719189 0.120466 0.684292 59.461933 0.000000 0.000000 0.000000 1.000000
0.670059 0.039092 -0.741278 -2.110056 -0.093653 0.995085 -0.032179 67.555122 0.736377 0.090985 0.670426 59.032211 0.000000 0.000000 0.000000 1.000000
0.653719 0.058905 -0.754441 -2.039516 -0.081785 0.996626 0.006948 67.210442 0.752305 0.057160 0.656331 58.368832 0.000000 0.000000 0.000000 1.000000
0.640223 0.076030 -0.764417 -2.021183 -0.065071 0.996881 0.044652 66.888214 0.765428 0.021154 0.643174 57.399456 0.000000 0.000000 0.000000 1.000000
0.630042 0.087328 -0.771635 -2.059970 -0.045082 0.996094 0.075921 66.715630 0.775251 -0.013047 0.631518 56.066223 0.000000 0.000000 0.000000 1.000000
0.623244 0.091433 -0.776664 -2.174913 -0.025054 0.994966 0.097028 66.790947 0.781626 -0.041014 0.622398 54.308487 0.000000 0.000000 0.000000 1.000000
0.620729 0.089823 -0.778863 -2.348206 -0.008924 0.994161 0.107540 67.100624 0.783975 -0.059802 0.617906 52.154205 0.000000 0.000000 0.000000 1.000000
0.624355 0.081562 -0.776871 -2.623841 0.004866 0.994109 0.108280 67.605659 0.781126 -0.071386 0.620279 49.343788 0.000000 0.000000 0.000000 1.000000
0.632323 0.064742 -0.771995 -3.098383 0.020698 0.994734 0.100375 67.483063 0.774429 -0.079448 0.627653 45.495399 0.000000 0.000000 0.000000 1.000000
0.646109 0.044999 -0.761917 -3.271545 0.032640 0.995718 0.086487 68.012032 0.762547 -0.080749 0.641874 42.039524 0.000000 0.000000 0.000000 1.000000
0.660675 0.027014 -0.750185 -3.179358 0.039336 0.996733 0.070536 69.305450 0.749640 -0.076111 0.657455 39.002182 0.000000 0.000000 0.000000 1.000000
0.670100 0.012912 -0.742158 -3.085836 0.042557 0.997536 0.055781 71.550613 0.741050 -0.068963 0.667899 35.608120 0.000000 0.000000 0.000000 1.000000
0.674078 0.006102 -0.738635 -2.900757 0.039043 0.998274 0.043878 74.444061 0.737628 -0.058415 0.672676 32.267921 0.000000 0.000000 0.000000 1.000000
0.674100 0.005307 -0.738621 -2.578557 0.028958 0.999016 0.033606 77.250748 0.738072 -0.044043 0.673283 29.433887 0.000000 0.000000 0.000000 1.000000
0.667542 0.003874 -0.744562 -2.229021 0.017028 0.999646 0.020467 79.716354 0.744378 -0.026341 0.667239 26.890898 0.000000 0.000000 0.000000 1.000000
0.650872 -0.002653 -0.759183 -1.854437 0.007207 0.999970 0.002684 81.614464 0.759153 -0.007218 0.650872 24.499485 0.000000 0.000000 0.000000 1.000000
0.625082 -0.013655 -0.780440 -1.623789 0.002370 0.999876 -0.015597 82.748421 0.780556 0.007900 0.625037 22.094429 0.000000 0.000000 0.000000 1.000000
0.597503 -0.023043 -0.801535 -1.541700 0.000793 0.999604 -0.028146 83.400497 0.801866 0.016182 0.597285 19.858025 0.000000 0.000000 0.000000 1.000000
0.579244 -0.023597 -0.814812 -1.456156 -0.003770 0.999493 -0.031626 83.770218 0.815145 0.021391 0.578861 18.190655 0.000000 0.000000 0.000000 1.000000
0.579111 -0.017016 -0.815071 -1.300884 -0.008279 0.999608 -0.026750 83.378258 0.815206 0.022240 0.578743 16.851896 0.000000 0.000000 0.000000 1.000000
0.596895 -0.011353 -0.802239 -1.079553 -0.003699 0.999850 -0.016902 81.978828 0.802311 0.013056 0.596763 15.165767 0.000000 0.000000 0.000000 1.000000
0.623503 -0.011258 -0.781740 -1.026877 0.010588 0.999926 -0.005955 80.268837 0.781750 -0.004564 0.623576 12.987320 0.000000 0.000000 0.000000 1.000000
0.646907 -0.014984 -0.762422 -1.210499 0.027431 0.999617 0.003630 78.559532 0.762075 -0.023262 0.647070 10.389011 0.000000 0.000000 0.000000 1.000000
0.661204 -0.015914 -0.750037 -1.373725 0.037685 0.999217 0.012020 77.087776 0.749259 -0.036213 0.661286 7.772825 0.000000 0.000000 0.000000 1.000000
0.669640 -0.010722 -0.742609 -1.431799 0.038651 0.999044 0.020428 76.303406 0.741679 -0.042382 0.669414 5.594101 0.000000 0.000000 0.000000 1.000000
0.676831 -0.005190 -0.736120 -1.364134 0.038572 0.998851 0.028423 76.240952 0.735127 -0.047631 0.676254 3.872222 0.000000 0.000000 0.000000 1.000000
0.684256 -0.005289 -0.729222 -1.401578 0.043886 0.998460 0.033937 76.554718 0.727920 -0.055224 0.683435 2.386363 0.000000 0.000000 0.000000 1.000000
0.691463 -0.010088 -0.722342 -1.428332 0.052227 0.997984 0.036058 77.082756 0.720522 -0.062658 0.690596 1.176232 0.000000 0.000000 0.000000 1.000000
0.698690 -0.016141 -0.715243 -1.462838 0.060450 0.997502 0.036540 77.832016 0.712866 -0.068767 0.697920 0.169340 0.000000 0.000000 0.000000 1.000000
0.707360 -0.020715 -0.706550 -1.503420 0.066531 0.997084 0.037375 78.603607 0.703715 -0.073445 0.706676 -0.553938 0.000000 0.000000 0.000000 1.000000
0.717533 -0.024595 -0.696090 -1.544592 0.071239 0.996727 0.038216 79.250862 0.692871 -0.077010 0.716937 -0.986738 0.000000 0.000000 0.000000 1.000000
0.727314 -0.028529 -0.685712 -1.590051 0.074653 0.996496 0.037723 79.679680 0.682233 -0.078627 0.726895 -1.166795 0.000000 0.000000 0.000000 1.000000
0.735264 -0.031498 -0.677048 -1.651296 0.076253 0.996422 0.036453 79.876442 0.673478 -0.078429 0.735035 -1.131985 0.000000 0.000000 0.000000 1.000000
0.741411 -0.031750 -0.670299 -1.730922 0.075569 0.996477 0.036386 79.857849 0.666782 -0.077630 0.741198 -0.932223 0.000000 0.000000 0.000000 1.000000
0.745465 -0.029237 -0.665904 -1.829558 0.073218 0.996584 0.038210 79.676758 0.662512 -0.077241 0.745059 -0.570829 0.000000 0.000000 0.000000 1.000000
0.746802 -0.024251 -0.664605 -1.941368 0.069713 0.996684 0.041966 79.373093 0.661383 -0.077672 0.746016 -0.026587 0.000000 0.000000 0.000000 1.000000
0.745421 -0.017772 -0.666357 -2.057364 0.065998 0.996701 0.047247 79.029160 0.663318 -0.079197 0.744135 0.642875 0.000000 0.000000 0.000000 1.000000
0.742671 -0.012452 -0.669541 -2.170131 0.064109 0.996557 0.052578 78.793037 0.666581 -0.081972 0.740912 1.278075 0.000000 0.000000 0.000000 1.000000
0.740240 -0.009892 -0.672269 -2.300391 0.064277 0.996353 0.056116 78.601189 0.669263 -0.084751 0.738177 1.905589 0.000000 0.000000 0.000000 1.000000
0.738871 -0.010513 -0.673765 -2.454617 0.066085 0.996189 0.056926 78.352081 0.670599 -0.086587 0.736749 2.562568 0.000000 0.000000 0.000000 1.000000</float_array>
        <technique_common>
          <accessor source="#mixamorig_Hips-Matrix-animation-output-transform-array" count="72" stride="16">
            <param type="float4x4"/>
          </accessor>
        </technique_common>
      </source>
      <source id="mixamorig_Hips-Interpolations">
        <Name_array id="mixamorig_Hips-Interpolations-array" count="72">
 LINEAR LINEAR LINEAR LINEAR LINEAR LINEAR LINEAR LINEAR LINEAR LINEAR LINEAR
LINEAR LINEAR LINEAR LINEAR LINEAR LINEAR LINEAR LINEAR LINEAR LINEAR LINEAR LINEAR
LINEAR LINEAR LINEAR LINEAR LINEAR LINEAR LINEAR LINEAR LINEAR LINEAR LINEAR LINEAR
LINEAR LINEAR LINEAR LINEAR LINEAR LINEAR LINEAR LINEAR LINEAR LINEAR LINEAR LINEAR
LINEAR LINEAR LINEAR LINEAR LINEAR LINEAR LINEAR LINEAR LINEAR LINEAR LINEAR LINEAR
LINEAR LINEAR LINEAR LINEAR LINEAR LINEAR LINEAR LINEAR LINEAR LINEAR LINEAR LINEAR
LINEAR</Name_array>
        <technique_common>
          <accessor source="#mixamorig_Hips-Interpolations-array" count="72">
            <param type="name"/>
          </accessor>
        </technique_common>
      </source>
      <sampler id="mixamorig_Hips-Matrix-animation-transform">
        <input semantic="INPUT" source="#mixamorig_Hips-Matrix-animation-input"/>
        <input semantic="OUTPUT" source="#mixamorig_Hips-Matrix-animation-output-transform"/>
        <input semantic="INTERPOLATION" source="#mixamorig_Hips-Interpolations"/>
      </sampler>
      <channel source="#mixamorig_Hips-Matrix-animation-transform" target="mixamorig_Hips/matrix"/>
    </animation>
    <animation id="mixamorig_Spine-anim" name="mixamorig_Spine">
      <source id="mixamorig_Spine-Matrix-animation-input">
        <float_array id="mixamorig_Spine-Matrix-animation-input-array" count="72">

0.000000 0.033333 0.066667 0.100000 0.133333 0.166667 0.200000 0.233333 0.266667 0.300000 0.333333 0.366667 0.400000 0.433333 0.466667 0.500000
0.533333 0.566667 0.600000 0.633333 0.666667 0.700000 0.733333 0.766667 0.800000 0.833333 0.866667 0.900000 0.933333 0.966667 1.000000 1.033333
1.066667 1.100000 1.133333 1.166667 1.200000 1.233333 1.266667 1.300000 1.333333 1.366667 1.400000 1.433333 1.466667 1.500000 1.533333 1.566667
1.600000 1.633333 1.666667 1.700000 1.733333 1.766667 1.800000 1.833333 1.866667 1.900000 1.933333 1.966667 2.000000 2.033333 2.066667 2.100000
2.133333 2.166667 2.200000 2.233333 2.266667 2.300000 2.333333 2.366667</float_array>
        <technique_common>
          <accessor source="#mixamorig_Spine-Matrix-animation-input-array" count="72">
            <param name="TIME" type="float"/>
          </accessor>
        </technique_common>
      </source>
      <source id="mixamorig_Spine-Matrix-animation-output-transform">
        <float_array id="mixamorig_Spine-Matrix-animation-output-transform-array" count="1152">

0.991926 0.015586 0.125854 0.000000 -0.010754 0.999182 -0.038982 10.528800 -0.126359 0.037313 0.991283 -0.610600 0.000000 0.000000 0.000000 1.000000
0.991740 0.018140 0.126979 0.000000 -0.013160 0.999115 -0.039954 10.528800 -0.127591 0.037953 0.991100 -0.610600 0.000000 0.000000 0.000000 1.000000
0.991559 0.018326 0.128352 -0.000000 -0.013270 0.999106 -0.040135 10.528800 -0.128973 0.038093 0.990916 -0.610600 0.000000 0.000000 0.000000 1.000000
0.991398 0.015541 0.129955 0.000000 -0.010468 0.999159 -0.039634 10.528800 -0.130462 0.037933 0.990727 -0.610600 0.000000 0.000000 0.000000 1.000000
0.991315 0.010180 0.131111 0.000000 -0.004971 0.999188 -0.039995 10.528800 -0.131412 0.038996 0.990561 -0.610600 0.000000 0.000000 0.000000 1.000000
0.991313 0.004175 0.131457 0.000000 0.001318 0.999130 -0.041675 10.528800 -0.131517 0.041486 0.990445 -0.610600 0.000000 0.000000 0.000000 1.000000
0.991358 -0.001819 0.131174 0.000000 0.007641 0.999007 -0.043899 10.528800 -0.130963 0.044521 0.990387 -0.610600 0.000000 0.000000 0.000000 1.000000
0.991368 -0.007710 0.130884 -0.000000 0.013815 0.998855 -0.045804 10.528800 -0.130381 0.047217 0.990339 -0.610600 0.000000 0.000000 0.000000 1.000000
0.991272 -0.013341 0.131153 0.000000 0.019623 0.998715 -0.046724 10.528800 -0.130361 0.048890 0.990260 -0.610600 0.000000 0.000000 0.000000 1.000000
0.991071 -0.020919 0.131687 0.000000 0.027138 0.998591 -0.045609 10.528800 -0.130548 0.048776 0.990242 -0.610600 0.000000 0.000000 0.000000 1.000000
0.990846 -0.029386 0.131761 0.000000 0.035227 0.998487 -0.042219 10.528800 -0.130321 0.046474 0.990382 -0.610600 0.000000 0.000000 0.000000 1.000000
0.990767 -0.036963 0.130442 0.000000 0.041606 0.998587 -0.033047 10.528800 -0.129036 0.038169 0.990905 -0.610600 0.000000 0.000000 0.000000 1.000000
0.990712 -0.049205 0.126758 -0.000000 0.050759 0.998670 -0.009058 10.528800 -0.126144 0.015408 0.991892 -0.610600 0.000000 0.000000 0.000000 1.000000
0.990442 -0.062711 0.122849 0.000000 0.060057 0.997877 0.025199 10.528800 -0.124168 -0.017580 0.992105 -0.610600 0.000000 0.000000 0.000000 1.000000
0.989916 -0.076006 0.119542 0.000000 0.068668 0.995562 0.064355 10.528800 -0.123902 -0.055497 0.990741 -0.610600 0.000000 0.000000 0.000000 1.000000
0.989250 -0.087592 0.117100 0.000000 0.075720 0.991872 0.102258 10.528800 -0.125105 -0.092292 0.987842 -0.610600 0.000000 0.000000 0.000000 1.000000
0.988748 -0.094283 0.116136 0.000000 0.078837 0.988232 0.131083 10.528800 -0.127128 -0.120452 0.984545 -0.610600 0.000000 0.000000 0.000000 1.000000
0.989020 -0.090180 0.117080 0.000000 0.073302 0.987260 0.141222 10.528800 -0.128324 -0.131089 0.983030 -0.610600 0.000000 0.000000 0.000000 1.000000
0.989674 -0.076787 0.121030 0.000000 0.060932 0.989686 0.129650 10.528800 -0.129737 -0.120936 0.984146 -0.610600 0.000000 0.000000 0.000000 1.000000
0.990167 -0.056576 0.127943 0.000000 0.043866 0.994013 0.100069 10.528800 -0.132838 -0.093473 0.986720 -0.610600 0.000000 0.000000 0.000000 1.000000
0.990402 -0.030333 0.134850 0.000000 0.022698 0.998070 0.057803 10.528800 -0.136343 -0.054188 0.989179 -0.610600 0.000000 0.000000 0.000000 1.000000
0.990277 0.008130 0.138874 0.000000 -0.008919 0.999947 0.005062 10.528800 -0.138826 -0.006251 0.990297 -0.610600 0.000000 0.000000 0.000000 1.000000
0.988743 0.056616 0.138496 0.000000 -0.049640 0.997343 -0.053321 10.528800 -0.141147 0.045845 0.988927 -0.610600 0.000000 0.000000 0.000000 1.000000
0.985640 0.099228 0.136630 -0.000000 -0.084938 0.990654 -0.106728 10.528800 -0.145944 0.093591 0.984856 -0.610600 0.000000 0.000000 0.000000 1.000000
0.982812 0.125858 0.135060 0.000000 -0.105893 0.983599 -0.146016 10.528800 -0.151222 0.129204 0.980020 -0.610600 0.000000 0.000000 0.000000 1.000000
0.981152 0.138541 0.134710 0.000000 -0.114729 0.978601 -0.170811 10.528800 -0.155492 0.152137 0.976052 -0.610600 0.000000 0.000000 0.000000 1.000000
0.980113 0.145150 0.135316 0.000000 -0.118804 0.975387 -0.185757 10.528800 -0.158948 0.165987 0.973234 -0.610600 0.000000 0.000000 0.000000 1.000000
0.979529 0.148360 0.136058 -0.000000 -0.120615 0.973683 -0.193376 10.528800 -0.161166 0.173007 0.971645 -0.610600 0.000000 0.000000 0.000000 1.000000
0.979463 0.148506 0.136376 -0.000000 -0.120297 0.973234 -0.195819 10.528800 -0.161806 0.175391 0.971111 -0.610600 0.000000 0.000000 0.000000 1.000000
0.979934 0.145390 0.136348 0.000000 -0.117421 0.973845 -0.194520 10.528800 -0.161063 0.174607 0.971376 -0.610600 0.000000 0.000000 0.000000 1.000000
0.980909 0.138968 0.136037 0.000000 -0.111756 0.975307 -0.190490 10.528800 -0.159150 0.171650 0.972218 -0.610600 0.000000 0.000000 0.000000 1.000000
0.982194 0.130274 0.135364 0.000000 -0.104162 0.977257 -0.184715 10.528800 -0.156349 0.167327 0.973425 -0.610600 0.000000 0.000000 0.000000 1.000000
0.983546 0.120941 0.134207 0.000000 -0.096089 0.979277 -0.178282 10.528800 -0.152987 0.162453 0.974784 -0.610600 0.000000 0.000000 0.000000 1.000000
0.984867 0.111972 0.132285 -0.000000 -0.088383 0.981055 -0.172395 10.528800 -0.149082 0.158094 0.976105 -0.610600 0.000000 0.000000 0.000000 1.000000
0.986156 0.103181 0.129810 0.000000 -0.080756 0.982559 -0.167500 10.528800 -0.144828 0.154698 0.977289 -0.610600 0.000000 0.000000 0.000000 1.000000
0.987377 0.094273 0.127273 0.000000 -0.072979 0.983976 -0.162680 10.528800 -0.140570 0.151339 0.978436 -0.610600 0.000000 0.000000 0.000000 1.000000
0.988498 0.084914 0.125148 -0.000000 -0.064919 0.985624 -0.155981 10.528800 -0.136594 0.146062 0.979800 -0.610600 0.000000 0.000000 0.000000 1.000000
0.989476 0.074699 0.123926 0.000000 -0.056284 0.987688 -0.145962 10.528800 -0.133304 0.137451 0.981497 -0.610600 0.000000 0.000000 0.000000 1.000000
0.990322 0.062479 0.123928 0.000000 -0.045908 0.990141 -0.132335 10.528800 -0.130975 0.125365 0.983427 -0.610600 0.000000 0.000000 0.000000 1.000000
0.990840 0.051933 0.124659 0.000000 -0.037310 0.992443 -0.116897 10.528800 -0.129788 0.111175 0.985289 -0.610600 0.000000 0.000000 0.000000 1.000000
0.990615 0.046764 0.128433 0.000000 -0.033765 0.994254 -0.101586 10.528800 -0.132445 0.096296 0.986502 -0.610600 0.000000 0.000000 0.000000 1.000000
0.990766 0.038455 0.130013 -0.000000 -0.027330 0.995894 -0.086300 10.528800 -0.132798 0.081950 0.987749 -0.610600 0.000000 0.000000 0.000000 1.000000
0.991207 0.028595 0.129192 0.000000 -0.019267 0.997154 -0.072882 10.528800 -0.130908 0.069752 0.988938 -0.610600 0.000000 0.000000 0.000000 1.000000
0.991311 0.027942 0.128533 0.000000 -0.019147 0.997422 -0.069161 10.528800 -0.130135 0.066099 0.989291 -0.610600 0.000000 0.000000 0.000000 1.000000
0.991165 0.033503 0.128331 -0.000000 -0.023947 0.996874 -0.075293 10.528800 -0.130452 0.071555 0.988869 -0.610600 0.000000 0.000000 0.000000 1.000000
0.991077 0.037851 0.127802 0.000000 -0.027411 0.996216 -0.082481 10.528800 -0.130440 0.078242 0.988364 -0.610600 0.000000 0.000000 0.000000 1.000000
0.990953 0.041452 0.127645 0.000000 -0.030610 0.995845 -0.085761 10.528800 -0.130670 0.081078 0.988105 -0.610600 0.000000 0.000000 0.000000 1.000000
0.990666 0.045294 0.128567 0.000000 -0.034763 0.995943 -0.083004 10.528800 -0.131805 0.077760 0.988221 -0.610600 0.000000 0.000000 0.000000 1.000000
0.990261 0.050049 0.129913 0.000000 -0.040510 0.996356 -0.075062 10.528800 -0.133196 0.069068 0.988680 -0.610600 0.000000 0.000000 0.000000 1.000000
0.990047 0.053247 0.130274 0.000000 -0.045073 0.996873 -0.064911 10.528800 -0.133323 0.058394 0.989351 -0.610600 0.000000 0.000000 0.000000 1.000000
0.990549 0.047444 0.128693 0.000000 -0.040653 0.997664 -0.054893 10.528800 -0.130997 0.049143 0.990164 -0.610600 0.000000 0.000000 0.000000 1.000000
0.991557 0.036007 0.124572 -0.000000 -0.030259 0.998402 -0.047737 10.528800 -0.126092 0.043565 0.991061 -0.610600 0.000000 0.000000 0.000000 1.000000
0.992374 0.030884 0.119332 -0.000000 -0.025570 0.998623 -0.045809 10.528800 -0.120583 0.042408 0.991797 -0.610600 0.000000 0.000000 0.000000 1.000000
0.992685 0.035434 0.115415 0.000000 -0.030031 0.998385 -0.048226 10.528800 -0.116937 0.044407 0.992146 -0.610600 0.000000 0.000000 0.000000 1.000000
0.992453 0.044471 0.114276 0.000000 -0.038708 0.997888 -0.052164 10.528800 -0.116354 0.047347 0.992079 -0.610600 0.000000 0.000000 0.000000 1.000000
0.992165 0.047769 0.115444 0.000000 -0.041485 0.997555 -0.056238 10.528800 -0.117848 0.051008 0.991721 -0.610600 0.000000 0.000000 0.000000 1.000000
0.992368 0.039576 0.116792 0.000000 -0.032653 0.997628 -0.060602 10.528800 -0.118913 0.056326 0.991306 -0.610600 0.000000 0.000000 0.000000 1.000000
0.992667 0.027823 0.117632 -0.000000 -0.020302 0.997701 -0.064660 10.528800 -0.119160 0.061798 0.990950 -0.610600 0.000000 0.000000 0.000000 1.000000
0.992724 0.021221 0.118526 0.000000 -0.013436 0.997722 -0.066103 10.528800 -0.119658 0.064029 0.990748 -0.610600 0.000000 0.000000 0.000000 1.000000
0.992663 0.019553 0.119319 -0.000000 -0.011935 0.997864 -0.064222 10.528800 -0.120320 0.062327 0.990777 -0.610600 0.000000 0.000000 0.000000 1.000000
0.992659 0.020134 0.119256 0.000000 -0.012887 0.998040 -0.061237 10.528800 -0.120255 0.059251 0.990973 -0.610600 0.000000 0.000000 0.000000 1.000000
0.992812 0.019376 0.118102 -0.000000 -0.012543 0.998219 -0.058327 10.528800 -0.119021 0.056426 0.991287 -0.610600 0.000000 0.000000 0.000000 1.000000
0.992999 0.017485 0.116819 0.000000 -0.011136 0.998436 -0.054787 10.528800 -0.117594 0.053103 0.991641 -0.610600 0.000000 0.000000 0.000000 1.000000
0.993048 0.015508 0.116685 0.000000 -0.009743 0.998711 -0.049821 10.528800 -0.117307 0.048338 0.991919 -0.610600 0.000000 0.000000 0.000000 1.000000
0.992942 0.013911 0.117780 0.000000 -0.008733 0.998977 -0.044364 10.528800 -0.118277 0.043023 0.992048 -0.610600 0.000000 0.000000 0.000000 1.000000
0.992780 0.012489 0.119297 0.000000 -0.007767 0.999171 -0.039964 10.528800 -0.119697 0.038749 0.992054 -0.610600 0.000000 0.000000 0.000000 1.000000
0.992640 0.010651 0.120634 0.000000 -0.006203 0.999289 -0.037184 10.528800 -0.120944 0.036162 0.992000 -0.610600 0.000000 0.000000 0.000000 1.000000
0.992522 0.008371 0.121778 0.000000 -0.004064 0.999359 -0.035573 10.528800 -0.121997 0.034812 0.991920 -0.610600 0.000000 0.000000 0.000000 1.000000
0.992396 0.006762 0.122899 0.000000 -0.002465 0.999381 -0.035085 10.528800 -0.123060 0.034515 0.991799 -0.610600 0.000000 0.000000 0.000000 1.000000
0.992259 0.008380 0.123901 0.000000 -0.003948 0.999345 -0.035972 10.528800 -0.124121 0.035205 0.991642 -0.610600 0.000000 0.000000 0.000000 1.000000
0.992102 0.011964 0.124865 0.000000 -0.007331 0.999270 -0.037501 10.528800 -0.125222 0.036289 0.991465 -0.610600 0.000000 0.000000 0.000000 1.000000
0.991926 0.015586 0.125855 0.000000 -0.010754 0.999182 -0.038982 10.528800 -0.126359 0.037314 0.991283 -0.610600 0.000000 0.000000 0.000000 1.000000</float_array>
        <technique_common>
          <accessor source="#mixamorig_Spine-Matrix-animation-output-transform-array" count="72" stride="16">
            <param type="float4x4"/>
          </accessor>
        </technique_common>
      </source>
      <source id="mixamorig_Spine-Interpolations">
        <Name_array id="mixamorig_Spine-Interpolations-array" count="72">
 LINEAR LINEAR LINEAR LINEAR LINEAR LINEAR LINEAR LINEAR LINEAR LINEAR LINEAR
LINEAR LINEAR LINEAR LINEAR LINEAR LINEAR LINEAR LINEAR LINEAR LINEAR LINEAR LINEAR
LINEAR LINEAR LINEAR LINEAR LINEAR LINEAR LINEAR LINEAR LINEAR LINEAR LINEAR LINEAR
LINEAR LINEAR LINEAR LINEAR LINEAR LINEAR LINEAR LINEAR LINEAR LINEAR LINEAR LINEAR
LINEAR LINEAR LINEAR LINEAR LINEAR LINEAR LINEAR LINEAR LINEAR LINEAR LINEAR LINEAR
LINEAR LINEAR LINEAR LINEAR LINEAR LINEAR LINEAR LINEAR LINEAR LINEAR LINEAR LINEAR
LINEAR</Name_array>
        <technique_common>
          <accessor source="#mixamorig_Spine-Interpolations-array" count="72">
            <param type="name"/>
          </accessor>
        </technique_common>
      </source>
      <sampler id="mixamorig_Spine-Matrix-animation-transform">
        <input semantic="INPUT" source="#mixamorig_Spine-Matrix-animation-input"/>
        <input semantic="OUTPUT" source="#mixamorig_Spine-Matrix-animation-output-transform"/>
        <input semantic="INTERPOLATION" source="#mixamorig_Spine-Interpolations"/>
      </sampler>
      <channel source="#mixamorig_Spine-Matrix-animation-transform" target="mixamorig_Spine/matrix"/>
    </animation>
    <animation id="mixamorig_Spine1-anim" name="mixamorig_Spine1">
      <source id="mixamorig_Spine1-Matrix-animation-input">
        <float_array id="mixamorig_Spine1-Matrix-animation-input-array" count="72">

0.000000 0.033333 0.066667 0.100000 0.133333 0.166667 0.200000 0.233333 0.266667 0.300000 0.333333 0.366667 0.400000 0.433333 0.466667 0.500000
0.533333 0.566667 0.600000 0.633333 0.666667 0.700000 0.733333 0.766667 0.800000 0.833333 0.866667 0.900000 0.933333 0.966667 1.000000 1.033333
1.066667 1.100000 1.133333 1.166667 1.200000 1.233333 1.266667 1.300000 1.333333 1.366667 1.400000 1.433333 1.466667 1.500000 1.533333 1.566667
1.600000 1.633333 1.666667 1.700000 1.733333 1.766667 1.800000 1.833333 1.866667 1.900000 1.933333 1.966667 2.000000 2.033333 2.066667 2.100000
2.133333 2.166667 2.200000 2.233333 2.266667 2.300000 2.333333 2.366667</float_array>
        <technique_common>
          <accessor source="#mixamorig_Spine1-Matrix-animation-input-array" count="72">
            <param name="TIME" type="float"/>
          </accessor>
        </technique_common>
      </source>
      <source id="mixamorig_Spine1-Matrix-animation-output-transform">
        <float_array id="mixamorig_Spine1-Matrix-animation-output-transform-array" count="1152">

0.999723 0.012252 0.020090 -0.000000 -0.013123 0.998954 0.043808 11.377000 -0.019533 -0.044060 0.998838 0.000000 0.000000 0.000000 0.000000 1.000000
0.999669 0.013510 0.021890 0.000000 -0.014451 0.998953 0.043404 11.377000 -0.021281 -0.043706 0.998818 0.000000 0.000000 0.000000 0.000000 1.000000
0.999643 0.012475 0.023632 0.000000 -0.013497 0.998959 0.043581 11.377000 -0.023064 -0.043884 0.998770 -0.000000 0.000000 0.000000 0.000000 1.000000
0.999649 0.008415 0.025133 0.000000 -0.009520 0.998977 0.044199 11.377000 -0.024736 -0.044423 0.998707 -0.000000 0.000000 0.000000 0.000000 1.000000
0.999675 0.001854 0.025439 0.000000 -0.002968 0.999034 0.043850 11.377000 -0.025333 -0.043912 0.998714 0.000000 0.000000 0.000000 0.000000 1.000000
0.999690 -0.004905 0.024428 0.000000 0.003871 0.999102 0.042194 11.377000 -0.024613 -0.042086 0.998811 0.000000 0.000000 0.000000 0.000000 1.000000
0.999686 -0.010342 0.022814 0.000000 0.009421 0.999151 0.040094 11.377000 -0.023210 -0.039867 0.998935 0.000000 0.000000 0.000000 0.000000 1.000000
0.999668 -0.013959 0.021656 0.000000 0.013114 0.999166 0.038657 11.377000 -0.022178 -0.038361 0.999018 -0.000000 0.000000 0.000000 0.000000 1.000000
0.999634 -0.016315 0.021563 0.000000 0.015471 0.999129 0.038752 11.377000 -0.022176 -0.038405 0.999016 0.000000 0.000000 0.000000 0.000000 1.000000
0.999587 -0.018492 0.022007 0.000000 0.017578 0.999003 0.041025 11.377000 -0.022743 -0.040622 0.998916 0.000000 0.000000 0.000000 0.000000 1.000000
0.999552 -0.020456 0.021828 0.000000 0.019445 0.998772 0.045572 11.377000 -0.022733 -0.045127 0.998723 0.000000 0.000000 0.000000 0.000000 1.000000
0.999579 -0.021429 0.019540 0.000000 0.020375 0.998405 0.052647 11.377000 -0.020637 -0.052227 0.998422 0.000000 0.000000 0.000000 0.000000 1.000000
0.999690 -0.020941 0.013492 0.000000 0.020045 0.997787 0.063401 11.377000 -0.014790 -0.063111 0.997897 0.000000 0.000000 0.000000 0.000000 1.000000
0.999810 -0.018694 0.005536 0.000000 0.018212 0.996855 0.077123 11.377000 -0.006960 -0.077008 0.997006 0.000000 0.000000 0.000000 0.000000 1.000000
0.999887 -0.014819 -0.002668 0.000000 0.015003 0.995553 0.093000 11.377000 0.001278 -0.093029 0.995663 0.000000 0.000000 0.000000 0.000000 1.000000
0.999909 -0.009621 -0.009433 0.000000 0.010595 0.993960 0.109233 11.377000 0.008326 -0.109323 0.993971 0.000000 0.000000 0.000000 0.000000 1.000000
0.999914 -0.003386 -0.012708 -0.000000 0.004912 0.992504 0.122109 11.377000 0.012199 -0.122161 0.992435 0.000000 0.000000 0.000000 0.000000 1.000000
0.999934 0.004857 -0.010442 0.000000 -0.003504 0.992039 0.125886 11.377000 0.010970 -0.125841 0.991990 0.000000 0.000000 0.000000 0.000000 1.000000
0.999860 0.016526 -0.002456 -0.000000 -0.016131 0.993160 0.115646 11.377000 0.004351 -0.115590 0.993287 0.000000 0.000000 0.000000 0.000000 1.000000
0.999404 0.033121 0.009709 0.000000 -0.033871 0.995241 0.091369 11.377000 -0.006636 -0.091643 0.995770 0.000000 0.000000 0.000000 0.000000 1.000000
0.998131 0.056355 0.023657 0.000000 -0.057620 0.996724 0.056753 11.377000 -0.020381 -0.058010 0.998108 0.000000 0.000000 0.000000 0.000000 1.000000
0.995359 0.088764 0.037158 0.000000 -0.089346 0.995898 0.014314 11.377000 -0.035735 -0.017568 0.999207 0.000000 0.000000 0.000000 0.000000 1.000000
0.990723 0.126884 0.048673 0.000000 -0.125420 0.991586 -0.032041 11.377000 -0.052329 0.025639 0.998301 0.000000 0.000000 0.000000 0.000000 1.000000
0.985593 0.159229 0.057030 0.000000 -0.154841 0.985125 -0.074523 11.377000 -0.068048 0.064618 0.995587 0.000000 0.000000 0.000000 0.000000 1.000000
0.982290 0.176920 0.061689 0.000000 -0.169821 0.979777 -0.105822 11.377000 -0.079164 0.093472 0.992470 -0.000000 0.000000 0.000000 0.000000 1.000000
0.981310 0.181436 0.064120 0.000000 -0.172506 0.977083 -0.124702 11.377000 -0.085276 0.111310 0.990120 0.000000 0.000000 0.000000 0.000000 1.000000
0.981509 0.179607 0.066192 -0.000000 -0.169596 0.976313 -0.134354 11.377000 -0.088755 0.120644 0.988720 0.000000 0.000000 0.000000 0.000000 1.000000
0.982194 0.175191 0.067852 0.000000 -0.164727 0.976729 -0.137355 11.377000 -0.090336 0.123732 0.988195 0.000000 0.000000 0.000000 0.000000 1.000000
0.983383 0.168179 0.068362 -0.000000 -0.157880 0.978149 -0.135275 11.377000 -0.089618 0.122234 0.988447 0.000000 0.000000 0.000000 0.000000 1.000000
0.985228 0.157508 0.067206 0.000000 -0.147936 0.980511 -0.129276 11.377000 -0.086259 0.117424 0.989329 0.000000 0.000000 0.000000 0.000000 1.000000
0.987641 0.142990 0.064186 -0.000000 -0.134553 0.983532 -0.120665 11.377000 -0.080383 0.110538 0.990616 0.000000 0.000000 0.000000 0.000000 1.000000
0.990168 0.126525 0.059656 0.000000 -0.119404 0.986651 -0.110738 11.377000 -0.072871 0.102526 0.992058 -0.000000 0.000000 0.000000 0.000000 1.000000
0.992366 0.110785 0.054181 0.000000 -0.104963 0.989382 -0.100530 11.377000 -0.064743 0.094076 0.993458 0.000000 0.000000 0.000000 0.000000 1.000000
0.994090 0.097309 0.048121 -0.000000 -0.092644 0.991516 -0.091172 11.377000 -0.056585 0.086176 0.994672 0.000000 0.000000 0.000000 0.000000 1.000000
0.995397 0.086188 0.041900 0.000000 -0.082481 0.993101 -0.083346 11.377000 -0.048794 0.079507 0.995639 0.000000 0.000000 0.000000 0.000000 1.000000
0.996361 0.077152 0.036235 0.000000 -0.074218 0.994317 -0.076326 11.377000 -0.041918 0.073358 0.996424 -0.000000 0.000000 0.000000 0.000000 1.000000
0.997037 0.069992 0.031913 -0.000000 -0.067690 0.995369 -0.068261 11.377000 -0.036543 0.065898 0.997157 -0.000000 0.000000 0.000000 0.000000 1.000000
0.997521 0.063973 0.029307 0.000000 -0.062197 0.996379 -0.057975 11.377000 -0.032910 0.056008 0.997888 0.000000 0.000000 0.000000 0.000000 1.000000
0.997937 0.057687 0.028173 -0.000000 -0.056368 0.997370 -0.045571 11.377000 -0.030728 0.043889 0.998564 -0.000000 0.000000 0.000000 0.000000 1.000000
0.998281 0.051334 0.028271 0.000000 -0.050421 0.998211 -0.032120 11.377000 -0.029869 0.030639 0.999084 0.000000 0.000000 0.000000 0.000000 1.000000
0.998529 0.045674 0.029220 0.000000 -0.045154 0.998814 -0.018207 11.377000 -0.030017 0.016860 0.999407 0.000000 0.000000 0.000000 0.000000 1.000000
0.998723 0.040247 0.030532 0.000000 -0.040133 0.999185 -0.004345 11.377000 -0.030682 0.003114 0.999524 0.000000 0.000000 0.000000 0.000000 1.000000
0.998863 0.035564 0.031737 0.000000 -0.035822 0.999329 0.007586 11.377000 -0.031446 -0.008714 0.999467 0.000000 0.000000 0.000000 0.000000 1.000000
0.998874 0.034622 0.032428 -0.000000 -0.035035 0.999311 0.012270 11.377000 -0.031981 -0.013393 0.999399 0.000000 0.000000 0.000000 0.000000 1.000000
0.998843 0.036572 0.031217 0.000000 -0.036868 0.999280 0.008957 11.377000 -0.030867 -0.010098 0.999473 0.000000 0.000000 0.000000 0.000000 1.000000
0.998867 0.038650 0.027748 0.000000 -0.038761 0.999243 0.003466 11.377000 -0.027593 -0.004537 0.999609 0.000000 0.000000 0.000000 0.000000 1.000000
0.998808 0.041994 0.024895 -0.000000 -0.042032 0.999116 0.000988 11.377000 -0.024831 -0.002033 0.999690 0.000000 0.000000 0.000000 0.000000 1.000000
0.998589 0.046830 0.025046 0.000000 -0.046961 0.998886 0.004654 11.377000 -0.024800 -0.005824 0.999675 0.000000 0.000000 0.000000 0.000000 1.000000
0.998372 0.050041 0.027354 0.000000 -0.050438 0.998629 0.014002 11.377000 -0.026616 -0.015358 0.999528 0.000000 0.000000 0.000000 0.000000 1.000000
0.998477 0.047395 0.028248 0.000000 -0.048125 0.998509 0.025748 11.377000 -0.026985 -0.027069 0.999269 0.000000 0.000000 0.000000 0.000000 1.000000
0.998992 0.037696 0.024355 0.000000 -0.038574 0.998584 0.036628 11.377000 -0.022940 -0.037530 0.999032 -0.000000 0.000000 0.000000 0.000000 1.000000
0.999513 0.026752 0.016069 -0.000000 -0.027438 0.998649 0.044125 11.377000 -0.014867 -0.044544 0.998897 -0.000000 0.000000 0.000000 0.000000 1.000000
0.999709 0.022864 0.007724 -0.000000 -0.023201 0.998635 0.046785 11.377000 -0.006643 -0.046951 0.998875 -0.000000 0.000000 0.000000 0.000000 1.000000
0.999607 0.027803 0.003477 0.000000 -0.027932 0.998586 0.045234 11.377000 -0.002215 -0.045313 0.998970 0.000000 0.000000 0.000000 0.000000 1.000000
0.999372 0.035234 0.003809 -0.000000 -0.035362 0.998513 0.041493 11.377000 -0.002342 -0.041601 0.999132 -0.000000 0.000000 0.000000 0.000000 1.000000
0.999308 0.036727 0.005837 0.000000 -0.036916 0.998649 0.036565 11.377000 -0.004486 -0.036755 0.999314 0.000000 0.000000 0.000000 0.000000 1.000000
0.999511 0.030442 0.007180 0.000000 -0.030646 0.999074 0.030189 11.377000 -0.006254 -0.030394 0.999518 0.000000 0.000000 0.000000 0.000000 1.000000
0.999719 0.022336 0.007960 0.000000 -0.022518 0.999471 0.023453 11.377000 -0.007432 -0.023626 0.999693 0.000000 0.000000 0.000000 0.000000 1.000000
0.999781 0.018685 0.009425 0.000000 -0.018866 0.999633 0.019448 11.377000 -0.009058 -0.019622 0.999766 0.000000 0.000000 0.000000 0.000000 1.000000
0.999739 0.019831 0.011331 -0.000000 -0.020049 0.999608 0.019536 11.377000 -0.010940 -0.019758 0.999745 0.000000 0.000000 0.000000 0.000000 1.000000
0.999679 0.022371 0.011918 0.000000 -0.022627 0.999508 0.021729 11.377000 -0.011426 -0.021992 0.999693 0.000000 0.000000 0.000000 0.000000 1.000000
0.999669 0.023534 0.010406 0.000000 -0.023780 0.999425 0.024187 11.377000 -0.009831 -0.024426 0.999653 0.000000 0.000000 0.000000 0.000000 1.000000
0.999702 0.022970 0.008291 0.000000 -0.023188 0.999358 0.027316 11.377000 -0.007658 -0.027500 0.999592 0.000000 0.000000 0.000000 0.000000 1.000000
0.999745 0.021256 0.007640 0.000000 -0.021490 0.999255 0.032063 11.377000 -0.006953 -0.032219 0.999457 0.000000 0.000000 0.000000 0.000000 1.000000
0.999781 0.019029 0.008750 0.000000 -0.019345 0.999107 0.037563 11.377000 -0.008028 -0.037724 0.999256 -0.000000 0.000000 0.000000 0.000000 1.000000
0.999806 0.016653 0.010563 -0.000000 -0.017084 0.998968 0.042079 11.377000 -0.009851 -0.042251 0.999058 -0.000000 0.000000 0.000000 0.000000 1.000000
0.999825 0.014203 0.012214 -0.000000 -0.014736 0.998888 0.044793 11.377000 -0.011564 -0.044965 0.998922 -0.000000 0.000000 0.000000 0.000000 1.000000
0.999838 0.011703 0.013656 0.000000 -0.012321 0.998861 0.046091 11.377000 -0.013101 -0.046252 0.998844 -0.000000 0.000000 0.000000 0.000000 1.000000
0.999840 0.009582 0.015133 -0.000000 -0.010273 0.998876 0.046275 11.377000 -0.014673 -0.046423 0.998814 0.000000 0.000000 0.000000 0.000000 1.000000
0.999819 0.009146 0.016694 -0.000000 -0.009899 0.998911 0.045602 11.377000 -0.016259 -0.045759 0.998820 -0.000000 0.000000 0.000000 0.000000 1.000000
0.999779 0.010286 0.018346 0.000000 -0.011097 0.998941 0.044643 11.377000 -0.017867 -0.044837 0.998835 0.000000 0.000000 0.000000 0.000000 1.000000
0.999723 0.012252 0.020091 0.000000 -0.013123 0.998954 0.043808 11.377000 -0.019533 -0.044060 0.998838 0.000000 0.000000 0.000000 0.000000 1.000000</float_array>
        <technique_common>
          <accessor source="#mixamorig_Spine1-Matrix-animation-output-transform-array" count="72" stride="16">
            <param type="float4x4"/>
          </accessor>
        </technique_common>
      </source>
      <source id="mixamorig_Spine1-Interpolations">
        <Name_array id="mixamorig_Spine1-Interpolations-array" count="72">
