<?xml version="1.0" encoding="utf-8"?>
<COLLADA xmlns="http://www.collada.org/2005/11/COLLADASchema" version="1.4.1">
  <asset>
    <contributor>
      <author>Mixamo</author>
      <authoring_tool>COLLADA Mixamo exporter</authoring_tool>
      <comments/>
    </contributor>
    <created>2024-11-20T10:09:39Z</created>
    <modified>2024-11-20T10:09:39Z</modified>
    <revision/>
    <title/>
    <unit meter="0.010000"/>
    <up_axis>Y_UP</up_axis>
  </asset>
  <library_animations>
    <animation id="mixamorig_Hips-anim" name="mixamorig_Hips">
      <source id="mixamorig_Hips-Matrix-animation-input">
        <float_array id="mixamorig_Hips-Matrix-animation-input-array" count="21">

0.000000 0.033333 0.066667 0.100000 0.133333 0.166667 0.200000 0.233333 0.266667 0.300000 0.333333 0.366667 0.400000 0.433333 0.466667 0.500000
0.533333 0.566667 0.600000 0.633333 0.666667</float_array>
        <technique_common>
          <accessor source="#mixamorig_Hips-Matrix-animation-input-array" count="21">
            <param name="TIME" type="float"/>
          </accessor>
        </technique_common>
      </source>
      <source id="mixamorig_Hips-Matrix-animation-output-transform">
        <float_array id="mixamorig_Hips-Matrix-animation-output-transform-array" count="336">

0.998167 -0.017870 0.057821 -0.946588 -0.019127 0.813295 0.581537 92.344109 -0.057418 -0.581577 0.811462 14.797625 0.000000 0.000000 0.000000 1.000000
0.998656 -0.013489 0.050051 -0.611591 -0.018164 0.813269 0.581604 92.231873 -0.048550 -0.581731 0.811931 16.437119 0.000000 0.000000 0.000000 1.000000
0.999114 -0.009989 0.040889 -0.429324 -0.015676 0.813242 0.581715 91.812599 -0.039063 -0.581840 0.812365 17.896702 0.000000 0.000000 0.000000 1.000000
0.999488 -0.007289 0.031170 -0.319585 -0.012215 0.813221 0.581827 91.195663 -0.029589 -0.581910 0.812715 19.285227 0.000000 0.000000 0.000000 1.000000
0.999757 -0.004997 0.021448 -0.224171 -0.008419 0.813208 0.581912 90.528412 -0.020349 -0.581951 0.812969 20.752968 0.000000 0.000000 0.000000 1.000000
0.999922 -0.002852 0.012197 -0.114720 -0.004779 0.813206 0.581957 89.935043 -0.011578 -0.581970 0.813128 22.485939 0.000000 0.000000 0.000000 1.000000
0.999999 -0.000126 0.001706 0.025816 -0.000890 0.813215 0.581963 89.453766 -0.001461 -0.581964 0.813213 24.598198 0.000000 0.000000 0.000000 1.000000
0.999952 0.003346 -0.009205 0.223602 0.002635 0.813239 0.581923 89.367859 0.009433 -0.581920 0.813192 27.387733 0.000000 0.000000 0.000000 1.000000
0.999817 0.005927 -0.018213 0.442611 0.005778 0.813268 0.581861 89.762512 0.018261 -0.581859 0.813085 30.489582 0.000000 0.000000 0.000000 1.000000
0.999629 0.007539 -0.026181 0.653619 0.009103 0.813296 0.581778 90.429573 0.025679 -0.581801 0.812926 33.466179 0.000000 0.000000 0.000000 1.000000
0.999473 0.008200 -0.031423 0.791822 0.011616 0.813316 0.581707 91.003860 0.030327 -0.581765 0.812791 36.023491 0.000000 0.000000 0.000000 1.000000
0.999517 0.007229 -0.030235 0.787227 0.011715 0.813305 0.581720 91.184998 0.028796 -0.581793 0.812827 38.359474 0.000000 0.000000 0.000000 1.000000
0.999664 0.005532 -0.025330 0.689330 0.010241 0.813280 0.581783 91.039009 0.023819 -0.581846 0.812950 40.448124 0.000000 0.000000 0.000000 1.000000
0.999822 0.003745 -0.018503 0.538136 0.007722 0.813254 0.581858 90.661171 0.017227 -0.581897 0.813080 42.354385 0.000000 0.000000 0.000000 1.000000
0.999946 0.001779 -0.010239 0.359228 0.004512 0.813231 0.581924 90.189613 0.009362 -0.581939 0.813179 44.292156 0.000000 0.000000 0.000000 1.000000
1.000000 -0.000782 -0.000461 0.181827 0.000905 0.813210 0.581969 89.765182 -0.000080 -0.581969 0.813211 46.483421 0.000000 0.000000 0.000000 1.000000
0.999929 -0.004494 0.011024 -0.066941 -0.002762 0.813195 0.581985 89.491875 -0.011580 -0.581974 0.813125 49.297241 0.000000 0.000000 0.000000 1.000000
0.999663 -0.009080 0.024316 -0.363332 -0.006769 0.813192 0.581956 89.698669 -0.025058 -0.581925 0.812857 52.646431 0.000000 0.000000 0.000000 1.000000
0.999190 -0.013312 0.037964 -0.629965 -0.011273 0.813214 0.581856 90.480927 -0.038619 -0.581813 0.812405 56.232533 0.000000 0.000000 0.000000 1.000000
0.998617 -0.016301 0.049988 -0.837652 -0.015842 0.813256 0.581690 91.536438 -0.050135 -0.581677 0.811873 59.578785 0.000000 0.000000 0.000000 1.000000
0.998167 -0.017870 0.057821 -0.946590 -0.019127 0.813295 0.581537 92.344124 -0.057418 -0.581577 0.811462 62.289562 0.000000 0.000000 0.000000 1.000000</float_array>
        <technique_common>
          <accessor source="#mixamorig_Hips-Matrix-animation-output-transform-array" count="21" stride="16">
            <param type="float4x4"/>
          </accessor>
        </technique_common>
      </source>
      <source id="mixamorig_Hips-Interpolations">
        <Name_array id="mixamorig_Hips-Interpolations-array" count="21">
 LINEAR LINEAR LINEAR LINEAR LINEAR LINEAR LINEAR LINEAR LINEAR LINEAR LINEAR
LINEAR LINEAR LINEAR LINEAR LINEAR LINEAR LINEAR LINEAR LINEAR LINEAR</Name_array>
        <technique_common>
          <accessor source="#mixamorig_Hips-Interpolations-array" count="21">
            <param type="name"/>
          </accessor>
        </technique_common>
      </source>
      <sampler id="mixamorig_Hips-Matrix-animation-transform">
        <input semantic="INPUT" source="#mixamorig_Hips-Matrix-animation-input"/>
        <input semantic="OUTPUT" source="#mixamorig_Hips-Matrix-animation-output-transform"/>
        <input semantic="INTERPOLATION" source="#mixamorig_Hips-Interpolations"/>
      </sampler>
      <channel source="#mixamorig_Hips-Matrix-animation-transform" target="mixamorig_Hips/matrix"/>
    </animation>
    <animation id="mixamorig_Spine-anim" name="mixamorig_Spine">
      <source id="mixamorig_Spine-Matrix-animation-input">
        <float_array id="mixamorig_Spine-Matrix-animation-input-array" count="21">

0.000000 0.033333 0.066667 0.100000 0.133333 0.166667 0.200000 0.233333 0.266667 0.300000 0.333333 0.366667 0.400000 0.433333 0.466667 0.500000
0.533333 0.566667 0.600000 0.633333 0.666667</float_array>
        <technique_common>
          <accessor source="#mixamorig_Spine-Matrix-animation-input-array" count="21">
            <param name="TIME" type="float"/>
          </accessor>
        </technique_common>
      </source>
      <source id="mixamorig_Spine-Matrix-animation-output-transform">
        <float_array id="mixamorig_Spine-Matrix-animation-output-transform-array" count="336">

0.995807 0.010787 -0.090841 0.000000 -0.029313 0.978288 -0.205167 10.528800 0.086655 0.206970 0.974502 -0.610600 0.000000 0.000000 0.000000 1.000000
0.996752 0.007830 -0.080153 0.000000 -0.024407 0.977826 -0.207990 10.528800 0.076747 0.209271 0.974841 -0.610600 0.000000 0.000000 0.000000 1.000000
0.997880 0.005252 -0.064867 0.000000 -0.019284 0.975840 -0.217632 10.528800 0.062157 0.218421 0.973873 -0.610600 0.000000 0.000000 0.000000 1.000000
0.998878 0.003137 -0.047244 0.000000 -0.013925 0.973136 -0.229810 10.528800 0.045254 0.230210 0.972088 -0.610600 0.000000 0.000000 0.000000 1.000000
0.999573 0.001318 -0.029198 -0.000000 -0.008297 0.970678 -0.240240 10.528800 0.028026 0.240379 0.970274 -0.610600 0.000000 0.000000 0.000000 1.000000
0.999922 -0.000219 -0.012524 0.000000 -0.002852 0.969610 -0.244640 10.528800 0.012197 0.244656 0.969533 -0.610600 0.000000 0.000000 0.000000 1.000000
0.999981 -0.001995 0.005786 0.000000 0.003329 0.970632 -0.240545 10.528800 -0.005136 0.240560 0.970621 -0.610600 0.000000 0.000000 0.000000 1.000000
0.999652 -0.004584 0.025981 0.000000 0.010459 0.972954 -0.230760 10.528800 -0.024221 0.230952 0.972664 -0.610600 0.000000 0.000000 0.000000 1.000000
0.999020 -0.006565 0.043764 -0.000000 0.016007 0.975581 -0.219054 10.528800 -0.041257 0.219540 0.974731 -0.610600 0.000000 0.000000 0.000000 1.000000
0.998275 -0.007399 0.058241 0.000000 0.019451 0.977679 -0.209203 10.528800 -0.055393 0.209975 0.976136 -0.610600 0.000000 0.000000 0.000000 1.000000
0.997792 -0.007303 0.066011 0.000000 0.020722 0.978551 -0.204962 10.528800 -0.063098 0.205877 0.976541 -0.610600 0.000000 0.000000 0.000000 1.000000
0.998048 -0.006237 0.062139 0.000000 0.019112 0.977769 -0.208813 10.528800 -0.059455 0.209593 0.975979 -0.610600 0.000000 0.000000 0.000000 1.000000
0.998707 -0.004606 0.050625 0.000000 0.015561 0.975778 -0.218210 10.528800 -0.048394 0.218716 0.974588 -0.610600 0.000000 0.000000 0.000000 1.000000
0.999379 -0.002816 0.035128 -0.000000 0.010808 0.973258 -0.229462 10.528800 -0.033542 0.229700 0.972683 -0.610600 0.000000 0.000000 0.000000 1.000000
0.999840 -0.000969 0.017846 0.000000 0.005206 0.971027 -0.238915 10.528800 -0.017098 0.238969 0.970877 -0.610600 0.000000 0.000000 0.000000 1.000000
1.000000 0.000871 0.000257 0.000000 -0.000782 0.970045 -0.242924 10.528800 -0.000461 0.242924 0.970045 -0.610600 0.000000 0.000000 0.000000 1.000000
0.999815 0.003336 -0.018964 0.000000 -0.007769 0.971049 -0.238755 10.528800 0.017618 0.238858 0.970895 -0.610600 0.000000 0.000000 0.000000 1.000000
0.999139 0.006459 -0.040994 0.000000 -0.015678 0.973357 -0.228758 10.528800 0.038424 0.229203 0.972620 -0.610600 0.000000 0.000000 0.000000 1.000000
0.997988 0.009131 -0.062744 0.000000 -0.022574 0.975904 -0.217028 10.528800 0.059250 0.218008 0.974147 -0.610600 0.000000 0.000000 0.000000 1.000000
0.996684 0.010587 -0.080679 0.000000 -0.027204 0.977801 -0.207764 10.528800 0.076688 0.209270 0.974846 -0.610600 0.000000 0.000000 0.000000 1.000000
0.995807 0.010787 -0.090841 0.000000 -0.029313 0.978288 -0.205167 10.528800 0.086655 0.206970 0.974502 -0.610600 0.000000 0.000000 0.000000 1.000000</float_array>
        <technique_common>
          <accessor source="#mixamorig_Spine-Matrix-animation-output-transform-array" count="21" stride="16">
            <param type="float4x4"/>
          </accessor>
        </technique_common>
      </source>
      <source id="mixamorig_Spine-Interpolations">
        <Name_array id="mixamorig_Spine-Interpolations-array" count="21">
 LINEAR LINEAR LINEAR LINEAR LINEAR LINEAR LINEAR LINEAR LINEAR LINEAR LINEAR
LINEAR LINEAR LINEAR LINEAR LINEAR LINEAR LINEAR LINEAR LINEAR LINEAR</Name_array>
        <technique_common>
          <accessor source="#mixamorig_Spine-Interpolations-array" count="21">
            <param type="name"/>
          </accessor>
        </technique_common>
      </source>
      <sampler id="mixamorig_Spine-Matrix-animation-transform">
        <input semantic="INPUT" source="#mixamorig_Spine-Matrix-animation-input"/>
        <input semantic="OUTPUT" source="#mixamorig_Spine-Matrix-animation-output-transform"/>
        <input semantic="INTERPOLATION" source="#mixamorig_Spine-Interpolations"/>
      </sampler>
      <channel source="#mixamorig_Spine-Matrix-animation-transform" target="mixamorig_Spine/matrix"/>
    </animation>
    <animation id="mixamorig_Spine1-anim" name="mixamorig_Spine1">
      <source id="mixamorig_Spine1-Matrix-animation-input">
        <float_array id="mixamorig_Spine1-Matrix-animation-input-array" count="21">

0.000000 0.033333 0.066667 0.100000 0.133333 0.166667 0.200000 0.233333 0.266667 0.300000 0.333333 0.366667 0.400000 0.433333 0.466667 0.500000
0.533333 0.566667 0.600000 0.633333 0.666667</float_array>
        <technique_common>
          <accessor source="#mixamorig_Spine1-Matrix-animation-input-array" count="21">
            <param name="TIME" type="float"/>
          </accessor>
        </technique_common>
      </source>
      <source id="mixamorig_Spine1-Matrix-animation-output-transform">
        <float_array id="mixamorig_Spine1-Matrix-animation-output-transform-array" count="336">

0.998119 0.018934 -0.058308 0.000000 -0.023092 0.997174 -0.071488 11.377000 0.056790 0.072700 0.995736 0.000000 0.000000 0.000000 0.000000 1.000000
0.998375 0.017649 -0.054185 0.000000 -0.021737 0.996886 -0.075800 11.377000 0.052678 0.076854 0.995650 0.000000 0.000000 0.000000 0.000000 1.000000
0.998946 0.014213 -0.043642 0.000000 -0.017784 0.996427 -0.082562 11.377000 0.042313 0.083251 0.995630 -0.000000 0.000000 0.000000 0.000000 1.000000
0.999525 0.009530 -0.029320 -0.000000 -0.012128 0.995889 -0.089766 11.377000 0.028344 0.090079 0.995531 0.000000 0.000000 0.000000 0.000000 1.000000
0.999894 0.004494 -0.013884 -0.000000 -0.005800 0.995418 -0.095446 11.377000 0.013392 0.095516 0.995338 0.000000 0.000000 0.000000 0.000000 1.000000
1.000000 0.000000 -0.000000 0.000000 -0.000000 0.995214 -0.097719 11.377000 0.000000 0.097719 0.995214 0.000000 0.000000 0.000000 0.000000 1.000000
0.999884 -0.004655 0.014478 -0.000000 0.006010 0.995460 -0.094986 11.377000 -0.013970 0.095062 0.995373 0.000000 0.000000 0.000000 0.000000 1.000000
0.999458 -0.010096 0.031325 0.000000 0.012833 0.995999 -0.088441 11.377000 -0.030307 0.088795 0.995589 0.000000 0.000000 0.000000 0.000000 1.000000
0.998763 -0.015296 0.047318 0.000000 0.019078 0.996569 -0.080533 11.377000 -0.045924 0.081336 0.995628 0.000000 0.000000 0.000000 0.000000 1.000000
0.998059 -0.019199 0.059238 0.000000 0.023560 0.996993 -0.073823 11.377000 -0.057643 0.075076 0.995510 0.000000 0.000000 0.000000 0.000000 1.000000
0.997740 -0.020737 0.063912 0.000000 0.025268 0.997161 -0.070931 11.377000 -0.062260 0.072385 0.995432 -0.000000 0.000000 0.000000 0.000000 1.000000
0.998059 -0.019200 0.059236 0.000000 0.023546 0.997013 -0.073559 11.377000 -0.057647 0.074811 0.995530 0.000000 0.000000 0.000000 0.000000 1.000000
0.998763 -0.015299 0.047316 0.000000 0.019054 0.996615 -0.079968 11.377000 -0.045932 0.080771 0.995674 -0.000000 0.000000 0.000000 0.000000 1.000000
0.999458 -0.010099 0.031324 0.000000 0.012810 0.996074 -0.087593 11.377000 -0.030316 0.087947 0.995664 0.000000 0.000000 0.000000 0.000000 1.000000
0.999884 -0.004657 0.014477 0.000000 0.005997 0.995561 -0.093927 11.377000 -0.013976 0.094003 0.995474 0.000000 0.000000 0.000000 0.000000 1.000000
1.000000 -0.000000 0.000000 0.000000 0.000000 0.995325 -0.096578 11.377000 -0.000000 0.096578 0.995325 0.000000 0.000000 0.000000 0.000000 1.000000
0.999894 0.004495 -0.013884 0.000000 -0.005786 0.995517 -0.094407 11.377000 0.013398 0.094477 0.995437 0.000000 0.000000 0.000000 0.000000 1.000000
0.999525 0.009529 -0.029320 0.000000 -0.012105 0.995960 -0.088977 11.377000 0.028354 0.089290 0.995602 0.000000 0.000000 0.000000 0.000000 1.000000
0.998946 0.014212 -0.043643 0.000000 -0.017762 0.996467 -0.082086 11.377000 0.042322 0.082774 0.995669 0.000000 0.000000 0.000000 0.000000 1.000000
0.998375 0.017647 -0.054185 -0.000000 -0.021725 0.996900 -0.075615 11.377000 0.052683 0.076669 0.995664 0.000000 0.000000 0.000000 0.000000 1.000000
0.998119 0.018934 -0.058308 0.000000 -0.023092 0.997174 -0.071488 11.377000 0.056790 0.072700 0.995736 0.000000 0.000000 0.000000 0.000000 1.000000</float_array>
        <technique_common>
          <accessor source="#mixamorig_Spine1-Matrix-animation-output-transform-array" count="21" stride="16">
            <param type="float4x4"/>
          </accessor>
        </technique_common>
      </source>
      <source id="mixamorig_Spine1-Interpolations">
        <Name_array id="mixamorig_Spine1-Interpolations-array" count="21">
 LINEAR LINEAR LINEAR LINEAR LINEAR LINEAR LINEAR LINEAR LINEAR LINEAR LINEAR
LINEAR LINEAR LINEAR LINEAR LINEAR LINEAR LINEAR LINEAR LINEAR LINEAR</Name_array>
        <technique_common>
          <accessor source="#mixamorig_Spine1-Interpolations-array" count="21">
            <param type="name"/>
          </accessor>
        </technique_common>
      </source>
      <sampler id="mixamorig_Spine1-Matrix-animation-transform">
        <input semantic="INPUT" source="#mixamorig_Spine1-Matrix-animation-input"/>
        <input semantic="OUTPUT" source="#mixamorig_Spine1-Matrix-animation-output-transform"/>
        <input semantic="INTERPOLATION" source="#mixamorig_Spine1-Interpolations"/>
      </sampler>
      <channel source="#mixamorig_Spine1-Matrix-animation-transform" target="mixamorig_Spine1/matrix"/>
    </animation>
    <animation id="mixamorig_Spine2-anim" name="mixamorig_Spine2">
      <source id="mixamorig_Spine2-Matrix-animation-input">
        <float_array id="mixamorig_Spine2-Matrix-animation-input-array" count="21">

0.000000 0.033333 0.066667 0.100000 0.133333 0.166667 0.200000 0.233333 0.266667 0.300000 0.333333 0.366667 0.400000 0.433333 0.466667 0.500000
0.533333 0.566667 0.600000 0.633333 0.666667</float_array>
        <technique_common>
          <accessor source="#mixamorig_Spine2-Matrix-animation-input-array" count="21">
            <param name="TIME" type="float"/>
          </accessor>
        </technique_common>
      </source>
      <source id="mixamorig_Spine2-Matrix-animation-output-transform">
        <float_array id="mixamorig_Spine2-Matrix-animation-output-transform-array" count="336">

0.998078 0.024822 -0.056778 0.000000 -0.031377 0.992559 -0.117649 14.062000 0.053435 0.119204 0.991431 0.000000 0.000000 0.000000 0.000000 1.000000
0.998341 0.022849 -0.052859 0.000000 -0.029166 0.992099 -0.122019 14.062000 0.049653 0.123359 0.991119 -0.000000 0.000000 0.000000 0.000000 1.000000
0.998923 0.018099 -0.042726 -0.000000 -0.023475 0.991381 -0.128889 14.062000 0.040025 0.129753 0.990738 0.000000 0.000000 0.000000 0.000000 1.000000
0.999513 0.011931 -0.028819 0.000000 -0.015751 0.990557 -0.136196 14.062000 0.026922 0.136584 0.990263 0.000000 0.000000 0.000000 0.000000 1.000000
0.999891 0.005555 -0.013693 0.000000 -0.007443 0.989848 -0.141938 14.062000 0.012766 0.142025 0.989781 -0.000000 0.000000 0.000000 0.000000 1.000000
1.000000 0.000000 -0.000000 -0.000000 -0.000000 0.989545 -0.144226 14.062000 0.000000 0.144226 0.989545 0.000000 0.000000 0.000000 0.000000 1.000000
0.999881 -0.005772 0.014284 -0.000000 0.007735 0.989911 -0.141478 14.062000 -0.013323 0.141572 0.989838 0.000000 0.000000 0.000000 0.000000 1.000000
0.999445 -0.012723 0.030797 0.000000 0.016767 0.990723 -0.134855 14.062000 -0.028795 0.135297 0.990387 0.000000 0.000000 0.000000 0.000000 1.000000
0.998734 -0.019642 0.046318 0.000000 0.025383 0.991603 -0.126807 14.062000 -0.043438 0.127823 0.990845 0.000000 0.000000 0.000000 0.000000 1.000000
0.998016 -0.025036 0.057770 0.000000 0.031835 0.992269 -0.119953 14.062000 -0.054320 0.121554 0.991097 0.000000 0.000000 0.000000 0.000000 1.000000
0.997691 -0.027217 0.062227 0.000000 0.034373 0.992537 -0.116995 14.062000 -0.058578 0.118864 0.991181 -0.000000 0.000000 0.000000 0.000000 1.000000
0.998016 -0.025053 0.057759 0.000000 0.031837 0.992301 -0.119690 14.062000 -0.054316 0.121292 0.991130 -0.000000 0.000000 0.000000 0.000000 1.000000
0.998734 -0.019673 0.046300 0.000000 0.025386 0.991674 -0.126245 14.062000 -0.043431 0.127261 0.990918 0.000000 0.000000 0.000000 0.000000 1.000000
0.999445 -0.012754 0.030781 0.000000 0.016771 0.990838 -0.134011 14.062000 -0.028789 0.134453 0.990502 0.000000 0.000000 0.000000 0.000000 1.000000
0.999881 -0.005790 0.014275 0.000000 0.007738 0.990061 -0.140425 14.062000 -0.013320 0.140519 0.989988 0.000000 0.000000 0.000000 0.000000 1.000000
1.000000 -0.000000 0.000000 -0.000000 0.000000 0.989709 -0.143092 14.062000 -0.000000 0.143092 0.989709 0.000000 0.000000 0.000000 0.000000 1.000000
0.999891 0.005571 -0.013685 0.000000 -0.007444 0.989995 -0.140905 14.062000 0.012764 0.140992 0.989928 0.000000 0.000000 0.000000 0.000000 1.000000
0.999513 0.011956 -0.028808 0.000000 -0.015753 0.990664 -0.135411 14.062000 0.026920 0.135799 0.990371 0.000000 0.000000 0.000000 0.000000 1.000000
0.998923 0.018121 -0.042716 0.000000 -0.023476 0.991443 -0.128415 14.062000 0.040023 0.129279 0.990800 0.000000 0.000000 0.000000 0.000000 1.000000
0.998341 0.022859 -0.052855 -0.000000 -0.029166 0.992122 -0.121835 14.062000 0.049654 0.123174 0.991142 0.000000 0.000000 0.000000 0.000000 1.000000
0.998078 0.024822 -0.056778 0.000000 -0.031377 0.992559 -0.117649 14.062000 0.053435 0.119204 0.991431 0.000000 0.000000 0.000000 0.000000 1.000000</float_array>
        <technique_common>
          <accessor source="#mixamorig_Spine2-Matrix-animation-output-transform-array" count="21" stride="16">
            <param type="float4x4"/>
          </accessor>
        </technique_common>
      </source>
      <source id="mixamorig_Spine2-Interpolations">
        <Name_array id="mixamorig_Spine2-Interpolations-array" count="21">
 LINEAR LINEAR LINEAR LINEAR LINEAR LINEAR LINEAR LINEAR LINEAR LINEAR LINEAR
LINEAR LINEAR LINEAR LINEAR LINEAR LINEAR LINEAR LINEAR LINEAR LINEAR</Name_array>
        <technique_common>
          <accessor source="#mixamorig_Spine2-Interpolations-array" count="21">
            <param type="name"/>
          </accessor>
        </technique_common>
      </source>
      <sampler id="mixamorig_Spine2-Matrix-animation-transform">
        <input semantic="INPUT" source="#mixamorig_Spine2-Matrix-animation-input"/>
        <input semantic="OUTPUT" source="#mixamorig_Spine2-Matrix-animation-output-transform"/>
        <input semantic="INTERPOLATION" source="#mixamorig_Spine2-Interpolations"/>
      </sampler>
      <channel source="#mixamorig_Spine2-Matrix-animation-transform" target="mixamorig_Spine2/matrix"/>
    </animation>
    <animation id="mixamorig_Neck-anim" name="mixamorig_Neck">
      <source id="mixamorig_Neck-Matrix-animation-input">
        <float_array id="mixamorig_Neck-Matrix-animation-input-array" count="21">

0.000000 0.033333 0.066667 0.100000 0.133333 0.166667 0.200000 0.233333 0.266667 0.300000 0.333333 0.366667 0.400000 0.433333 0.466667 0.500000
0.533333 0.566667 0.600000 0.633333 0.666667</float_array>
        <technique_common>
          <accessor source="#mixamorig_Neck-Matrix-animation-input-array" count="21">
            <param name="TIME" type="float"/>
          </accessor>
        </technique_common>
      </source>
      <source id="mixamorig_Neck-Matrix-animation-output-transform">
        <float_array id="mixamorig_Neck-Matrix-animation-output-transform-array" count="336">

0.998705 -0.009275 0.050019 0.000000 0.013236 0.996751 -0.079449 10.523900 -0.049120 0.080008 0.995583 -0.000000 0.000000 0.000000 0.000000 1.000000
0.998881 -0.008667 0.046486 0.000000 0.012182 0.997044 -0.075864 10.523900 -0.045691 0.076346 0.996034 0.000000 0.000000 0.000000 0.000000 1.000000
0.999274 -0.007061 0.037437 0.000000 0.009615 0.997606 -0.068487 10.523900 -0.036864 0.068798 0.996949 0.000000 0.000000 0.000000 0.000000 1.000000
0.999672 -0.004806 0.025146 -0.000000 0.006306 0.998184 -0.059910 10.523900 -0.024812 0.060049 0.997887 -0.000000 0.000000 0.000000 0.000000 1.000000
0.999927 -0.002297 0.011904 -0.000000 0.002923 0.998601 -0.052788 10.523900 -0.011766 0.052819 0.998535 0.000000 0.000000 0.000000 0.000000 1.000000
1.000000 -0.000000 0.000000 -0.000000 0.000000 0.998757 -0.049835 10.523900 -0.000000 0.049835 0.998757 0.000000 0.000000 0.000000 0.000000 1.000000
0.999920 0.002386 -0.012410 0.000000 -0.003040 0.998590 -0.053002 10.523900 0.012266 0.053036 0.998517 0.000000 0.000000 0.000000 0.000000 1.000000
0.999626 0.005110 -0.026857 0.000000 -0.006727 0.998148 -0.060457 10.523900 0.026498 0.060615 0.997809 0.000000 0.000000 0.000000 0.000000 1.000000
0.999147 0.007627 -0.040579 0.000000 -0.010429 0.997542 -0.069291 10.523900 0.039950 0.069655 0.996771 0.000000 0.000000 0.000000 0.000000 1.000000
0.998663 0.009452 -0.050813 0.000000 -0.013337 0.996967 -0.076669 10.523900 0.049934 0.077244 0.995761 0.000000 0.000000 0.000000 0.000000 1.000000
0.998444 0.010154 -0.054828 0.000000 -0.014520 0.996703 -0.079827 10.523900 0.053836 0.080499 0.995300 0.000000 0.000000 0.000000 0.000000 1.000000
0.998664 0.009448 -0.050812 0.000000 -0.013348 0.996944 -0.076977 10.523900 0.049929 0.077552 0.995737 0.000000 0.000000 0.000000 0.000000 1.000000
0.999147 0.007620 -0.040577 -0.000000 -0.010448 0.997496 -0.069953 10.523900 0.039942 0.070317 0.996725 0.000000 0.000000 0.000000 0.000000 1.000000
0.999626 0.005103 -0.026856 0.000000 -0.006746 0.998087 -0.061456 10.523900 0.026491 0.061614 0.997748 0.000000 0.000000 0.000000 0.000000 1.000000
0.999920 0.002382 -0.012410 0.000000 -0.003052 0.998522 -0.054254 10.523900 0.012263 0.054288 0.998450 0.000000 0.000000 0.000000 0.000000 1.000000
1.000000 0.000000 -0.000000 0.000000 -0.000000 0.998689 -0.051186 10.523900 0.000000 0.051186 0.998689 0.000000 0.000000 0.000000 0.000000 1.000000
0.999927 -0.002293 0.011904 0.000000 0.002933 0.998537 -0.054002 10.523900 -0.011763 0.054033 0.998470 0.000000 0.000000 0.000000 0.000000 1.000000
0.999672 -0.004799 0.025146 -0.000000 0.006321 0.998130 -0.060796 10.523900 -0.024807 0.060935 0.997833 0.000000 0.000000 0.000000 0.000000 1.000000
0.999274 -0.007056 0.037437 0.000000 0.009628 0.997572 -0.068980 10.523900 -0.036860 0.069290 0.996915 0.000000 0.000000 0.000000 0.000000 1.000000
0.998881 -0.008665 0.046487 0.000000 0.012187 0.997032 -0.076022 10.523900 -0.045690 0.076503 0.996022 0.000000 0.000000 0.000000 0.000000 1.000000
0.998705 -0.009275 0.050019 -0.000000 0.013236 0.996751 -0.079449 10.523900 -0.049120 0.080008 0.995583 0.000000 0.000000 0.000000 0.000000 1.000000</float_array>
        <technique_common>
          <accessor source="#mixamorig_Neck-Matrix-animation-output-transform-array" count="21" stride="16">
            <param type="float4x4"/>
          </accessor>
        </technique_common>
      </source>
      <source id="mixamorig_Neck-Interpolations">
        <Name_array id="mixamorig_Neck-Interpolations-array" count="21">
 LINEAR LINEAR LINEAR LINEAR LINEAR LINEAR LINEAR LINEAR LINEAR LINEAR LINEAR
LINEAR LINEAR LINEAR LINEAR LINEAR LINEAR LINEAR LINEAR LINEAR LINEAR</Name_array>
        <technique_common>
          <accessor source="#mixamorig_Neck-Interpolations-array" count="21">
            <param type="name"/>
          </accessor>
        </technique_common>
      </source>
      <sampler id="mixamorig_Neck-Matrix-animation-transform">
        <input semantic="INPUT" source="#mixamorig_Neck-Matrix-animation-input"/>
        <input semantic="OUTPUT" source="#mixamorig_Neck-Matrix-animation-output-transform"/>
        <input semantic="INTERPOLATION" source="#mixamorig_Neck-Interpolations"/>
      </sampler>
      <channel source="#mixamorig_Neck-Matrix-animation-transform" target="mixamorig_Neck/matrix"/>
    </animation>
    <animation id="mixamorig_Head-anim" name="mixamorig_Head">
      <source id="mixamorig_Head-Matrix-animation-input">
        <float_array id="mixamorig_Head-Matrix-animation-input-array" count="21">

0.000000 0.033333 0.066667 0.100000 0.133333 0.166667 0.200000 0.233333 0.266667 0.300000 0.333333 0.366667 0.400000 0.433333 0.466667 0.500000
0.533333 0.566667 0.600000 0.633333 0.666667</float_array>
        <technique_common>
          <accessor source="#mixamorig_Head-Matrix-animation-input-array" count="21">
            <param name="TIME" type="float"/>
          </accessor>
        </technique_common>
      </source>
      <source id="mixamorig_Head-Matrix-animation-output-transform">
        <float_array id="mixamorig_Head-Matrix-animation-output-transform-array" count="336">

0.994825 0.036132 0.094961 0.000000 0.014568 0.874247 -0.485262 13.606700 -0.100553 0.484134 0.869197 1.762900 0.000000 0.000000 0.000000 1.000000
0.995529 0.032912 0.088542 0.000000 0.013582 0.877724 -0.478974 13.606700 -0.093479 0.478035 0.873352 1.762900 0.000000 0.000000 0.000000 1.000000
0.997098 0.025268 0.071817 -0.000000 0.011141 0.884730 -0.465970 13.606700 -0.075313 0.465418 0.881881 1.762900 0.000000 0.000000 0.000000 1.000000
0.998689 0.015976 0.048623 -0.000000 0.007666 0.892622 -0.450740 13.606700 -0.050604 0.450522 0.891330 1.762900 0.000000 0.000000 0.000000 1.000000
0.999706 0.007170 0.023160 0.000000 0.003700 0.898968 -0.437998 13.606700 -0.023960 0.437955 0.898678 1.762900 0.000000 0.000000 0.000000 1.000000
1.000000 0.000000 0.000000 0.000000 0.000000 0.901545 -0.432686 13.606700 -0.000000 0.432686 0.901545 1.762900 0.000000 0.000000 0.000000 1.000000
0.999681 -0.007497 -0.024133 0.000000 -0.003843 0.898780 -0.438383 13.606700 0.024977 0.438335 0.898464 1.762900 0.000000 0.000000 0.000000 1.000000
0.998505 -0.017129 -0.051899 0.000000 -0.008174 0.892127 -0.451710 13.606700 0.054038 0.451459 0.890654 1.762900 0.000000 0.000000 0.000000 1.000000
0.996591 -0.027491 -0.077786 0.000000 -0.012095 0.883975 -0.467378 13.606700 0.081610 0.466726 0.880629 1.762900 0.000000 0.000000 0.000000 1.000000
0.994658 -0.036096 -0.096705 -0.000000 -0.014879 0.876942 -0.480365 13.606700 0.102144 0.479238 0.871721 1.762900 0.000000 0.000000 0.000000 1.000000
0.993783 -0.039715 -0.104013 0.000000 -0.015933 0.873870 -0.485899 13.606700 0.110191 0.484535 0.867804 1.762900 0.000000 0.000000 0.000000 1.000000
0.994659 -0.036164 -0.096676 -0.000000 -0.014869 0.876645 -0.480907 13.606700 0.102142 0.479776 0.871425 1.762900 0.000000 0.000000 0.000000 1.000000
0.996591 -0.027609 -0.077738 0.000000 -0.012077 0.883353 -0.468552 13.606700 0.081607 0.467894 0.880009 1.762900 0.000000 0.000000 0.000000 1.000000
0.998506 -0.017249 -0.051855 0.000000 -0.008156 0.891221 -0.453496 13.606700 0.054036 0.453241 0.889749 1.762900 0.000000 0.000000 0.000000 1.000000
0.999681 -0.007566 -0.024110 0.000000 -0.003833 0.897678 -0.440635 13.606700 0.024977 0.440587 0.897363 1.762900 0.000000 0.000000 0.000000 1.000000
1.000000 -0.000000 -0.000000 -0.000000 -0.000000 0.900370 -0.435125 13.606700 0.000000 0.435125 0.900370 1.762900 0.000000 0.000000 0.000000 1.000000
0.999706 0.007235 0.023138 -0.000000 0.003690 0.897901 -0.440182 13.606700 -0.023960 0.440138 0.897610 1.762900 0.000000 0.000000 0.000000 1.000000
0.998690 0.016076 0.048588 0.000000 0.007651 0.891821 -0.452324 13.606700 -0.050603 0.452103 0.890529 1.762900 0.000000 0.000000 0.000000 1.000000
0.997098 0.025348 0.071787 0.000000 0.011132 0.884270 -0.466844 13.606700 -0.075313 0.466288 0.881421 1.762900 0.000000 0.000000 0.000000 1.000000
0.995529 0.032942 0.088530 -0.000000 0.013581 0.877572 -0.479252 13.606700 -0.093479 0.478312 0.873201 1.762900 0.000000 0.000000 0.000000 1.000000
0.994825 0.036132 0.094961 -0.000000 0.014568 0.874247 -0.485262 13.606700 -0.100553 0.484134 0.869197 1.762900 0.000000 0.000000 0.000000 1.000000</float_array>
        <technique_common>
          <accessor source="#mixamorig_Head-Matrix-animation-output-transform-array" count="21" stride="16">
            <param type="float4x4"/>
          </accessor>
        </technique_common>
      </source>
      <source id="mixamorig_Head-Interpolations">
        <Name_array id="mixamorig_Head-Interpolations-array" count="21">
 LINEAR LINEAR LINEAR LINEAR LINEAR LINEAR LINEAR LINEAR LINEAR LINEAR LINEAR
LINEAR LINEAR LINEAR LINEAR LINEAR LINEAR LINEAR LINEAR LINEAR LINEAR</Name_array>
        <technique_common>
          <accessor source="#mixamorig_Head-Interpolations-array" count="21">
            <param type="name"/>
          </accessor>
        </technique_common>
      </source>
      <sampler id="mixamorig_Head-Matrix-animation-transform">
        <input semantic="INPUT" source="#mixamorig_Head-Matrix-animation-input"/>
        <input semantic="OUTPUT" source="#mixamorig_Head-Matrix-animation-output-transform"/>
        <input semantic="INTERPOLATION" source="#mixamorig_Head-Interpolations"/>
      </sampler>
      <channel source="#mixamorig_Head-Matrix-animation-transform" target="mixamorig_Head/matrix"/>
    </animation>
    <animation id="mixamorig_HeadTop_End-anim" name="mixamorig_HeadTop_End">
      <source id="mixamorig_HeadTop_End-Matrix-animation-input">
        <float_array id="mixamorig_HeadTop_End-Matrix-animation-input-array" count="21">

0.000000 0.033333 0.066667 0.100000 0.133333 0.166667 0.200000 0.233333 0.266667 0.300000 0.333333 0.366667 0.400000 0.433333 0.466667 0.500000
0.533333 0.566667 0.600000 0.633333 0.666667</float_array>
        <technique_common>
          <accessor source="#mixamorig_HeadTop_End-Matrix-animation-input-array" count="21">
            <param name="TIME" type="float"/>
          </accessor>
        </technique_common>
      </source>
      <source id="mixamorig_HeadTop_End-Matrix-animation-output-transform">
        <float_array id="mixamorig_HeadTop_End-Matrix-animation-output-transform-array" count="336">

1.000000 -0.000000 0.000000 -0.000000 0.000000 0.948237 0.317563 31.591200 0.000000 -0.317563 0.948237 -0.362600 0.000000 0.000000 0.000000 1.000000
1.000000 0.000000 0.000000 0.000000 -0.000000 0.948237 0.317563 31.591200 0.000000 -0.317563 0.948237 -0.362600 0.000000 0.000000 0.000000 1.000000
1.000000 0.000000 -0.000000 0.000000 0.000000 0.948237 0.317563 31.591200 0.000000 -0.317563 0.948237 -0.362600 0.000000 0.000000 0.000000 1.000000
1.000000 0.000000 0.000000 0.000000 -0.000000 0.948237 0.317563 31.591200 0.000000 -0.317563 0.948237 -0.362600 0.000000 0.000000 0.000000 1.000000
1.000000 -0.000000 0.000000 0.000000 -0.000000 0.948237 0.317563 31.591200 0.000000 -0.317563 0.948237 -0.362600 0.000000 0.000000 0.000000 1.000000
1.000000 0.000000 0.000000 -0.000000 0.000000 0.948237 0.317563 31.591200 0.000000 -0.317563 0.948237 -0.362600 0.000000 0.000000 0.000000 1.000000
1.000000 -0.000000 0.000000 -0.000000 0.000000 0.948237 0.317563 31.591200 0.000000 -0.317563 0.948237 -0.362600 0.000000 0.000000 0.000000 1.000000
1.000000 0.000000 0.000000 0.000000 0.000000 0.948237 0.317563 31.591200 -0.000000 -0.317563 0.948237 -0.362600 0.000000 0.000000 0.000000 1.000000
1.000000 -0.000000 -0.000000 -0.000000 0.000000 0.948237 0.317563 31.591200 0.000000 -0.317563 0.948237 -0.362600 0.000000 0.000000 0.000000 1.000000
1.000000 0.000000 0.000000 -0.000000 0.000000 0.948237 0.317563 31.591200 0.000000 -0.317563 0.948237 -0.362600 0.000000 0.000000 0.000000 1.000000
1.000000 0.000000 0.000000 0.000000 0.000000 0.948237 0.317563 31.591200 0.000000 -0.317563 0.948237 -0.362600 0.000000 0.000000 0.000000 1.000000
1.000000 0.000000 -0.000000 -0.000000 -0.000000 0.948237 0.317563 31.591200 0.000000 -0.317563 0.948237 -0.362600 0.000000 0.000000 0.000000 1.000000
1.000000 -0.000000 0.000000 -0.000000 0.000000 0.948237 0.317563 31.591200 0.000000 -0.317563 0.948237 -0.362600 0.000000 0.000000 0.000000 1.000000
1.000000 -0.000000 0.000000 0.000000 -0.000000 0.948237 0.317563 31.591200 0.000000 -0.317563 0.948237 -0.362600 0.000000 0.000000 0.000000 1.000000
1.000000 -0.000000 -0.000000 -0.000000 -0.000000 0.948237 0.317563 31.591200 0.000000 -0.317563 0.948237 -0.362600 0.000000 0.000000 0.000000 1.000000
1.000000 0.000000 -0.000000 0.000000 0.000000 0.948237 0.317563 31.591200 -0.000000 -0.317563 0.948237 -0.362600 0.000000 0.000000 0.000000 1.000000
1.000000 -0.000000 -0.000000 -0.000000 0.000000 0.948237 0.317563 31.591200 -0.000000 -0.317563 0.948237 -0.362600 0.000000 0.000000 0.000000 1.000000
1.000000 0.000000 -0.000000 0.000000 -0.000000 0.948237 0.317563 31.591200 0.000000 -0.317563 0.948237 -0.362600 0.000000 0.000000 0.000000 1.000000
1.000000 -0.000000 0.000000 0.000000 -0.000000 0.948237 0.317563 31.591200 0.000000 -0.317563 0.948237 -0.362600 0.000000 0.000000 0.000000 1.000000
1.000000 0.000000 0.000000 0.000000 0.000000 0.948237 0.317563 31.591200 0.000000 -0.317563 0.948237 -0.362600 0.000000 0.000000 0.000000 1.000000
1.000000 -0.000000 -0.000000 0.000000 0.000000 0.948237 0.317563 31.591200 0.000000 -0.317563 0.948237 -0.362600 0.000000 0.000000 0.000000 1.000000</float_array>
        <technique_common>
          <accessor source="#mixamorig_HeadTop_End-Matrix-animation-output-transform-array" count="21" stride="16">
            <param type="float4x4"/>
          </accessor>
        </technique_common>
      </source>
      <source id="mixamorig_HeadTop_End-Interpolations">
        <Name_array id="mixamorig_HeadTop_End-Interpolations-array" count="21">
 LINEAR LINEAR LINEAR LINEAR LINEAR LINEAR LINEAR LINEAR LINEAR LINEAR LINEAR
LINEAR LINEAR LINEAR LINEAR LINEAR LINEAR LINEAR LINEAR LINEAR LINEAR</Name_array>
        <technique_common>
          <accessor source="#mixamorig_HeadTop_End-Interpolations-array" count="21">
            <param type="name"/>
          </accessor>
        </technique_common>
      </source>
      <sampler id="mixamorig_HeadTop_End-Matrix-animation-transform">
        <input semantic="INPUT" source="#mixamorig_HeadTop_End-Matrix-animation-input"/>
        <input semantic="OUTPUT" source="#mixamorig_HeadTop_End-Matrix-animation-output-transform"/>
        <input semantic="INTERPOLATION" source="#mixamorig_HeadTop_End-Interpolations"/>
      </sampler>
      <channel source="#mixamorig_HeadTop_End-Matrix-animation-transform" target="mixamorig_HeadTop_End/matrix"/>
    </animation>
    <animation id="mixamorig_LeftShoulder-anim" name="mixamorig_LeftShoulder">
      <source id="mixamorig_LeftShoulder-Matrix-animation-input">
        <float_array id="mixamorig_LeftShoulder-Matrix-animation-input-array" count="21">

0.000000 0.033333 0.066667 0.100000 0.133333 0.166667 0.200000 0.233333 0.266667 0.300000 0.333333 0.366667 0.400000 0.433333 0.466667 0.500000
0.533333 0.566667 0.600000 0.633333 0.666667</float_array>
        <technique_common>
          <accessor source="#mixamorig_LeftShoulder-Matrix-animation-input-array" count="21">
            <param name="TIME" type="float"/>
          </accessor>
        </technique_common>
      </source>
      <source id="mixamorig_LeftShoulder-Matrix-animation-output-transform">
        <float_array id="mixamorig_LeftShoulder-Matrix-animation-output-transform-array" count="336">

-0.463711 0.884839 -0.045081 15.012800 0.171047 0.039482 -0.984472 10.656300 -0.869319 -0.464221 -0.169657 2.636800 0.000000 0.000000 0.000000 1.000000
-0.463711 0.884839 -0.045081 15.012800 0.171047 0.039482 -0.984472 10.656300 -0.869319 -0.464221 -0.169657 2.636800 0.000000 0.000000 0.000000 1.000000
-0.463711 0.884839 -0.045081 15.012800 0.171047 0.039482 -0.984472 10.656300 -0.869319 -0.464221 -0.169657 2.636800 0.000000 0.000000 0.000000 1.000000
-0.463710 0.884839 -0.045082 15.012800 0.171047 0.039481 -0.984472 10.656300 -0.869319 -0.464221 -0.169657 2.636800 0.000000 0.000000 0.000000 1.000000
-0.463711 0.884839 -0.045081 15.012800 0.171046 0.039481 -0.984472 10.656300 -0.869319 -0.464221 -0.169657 2.636800 0.000000 0.000000 0.000000 1.000000
-0.463710 0.884839 -0.045082 15.012800 0.171047 0.039481 -0.984472 10.656300 -0.869319 -0.464221 -0.169657 2.636800 0.000000 0.000000 0.000000 1.000000
-0.463710 0.884839 -0.045082 15.012800 0.171047 0.039481 -0.984472 10.656300 -0.869319 -0.464221 -0.169657 2.636800 0.000000 0.000000 0.000000 1.000000
-0.463711 0.884839 -0.045081 15.012800 0.171047 0.039481 -0.984472 10.656300 -0.869319 -0.464221 -0.169657 2.636800 0.000000 0.000000 0.000000 1.000000
-0.463711 0.884839 -0.045081 15.012800 0.171047 0.039482 -0.984472 10.656300 -0.869319 -0.464221 -0.169657 2.636800 0.000000 0.000000 0.000000 1.000000
-0.463711 0.884839 -0.045081 15.012800 0.171047 0.039481 -0.984472 10.656300 -0.869319 -0.464221 -0.169657 2.636800 0.000000 0.000000 0.000000 1.000000
-0.463711 0.884839 -0.045081 15.012800 0.171047 0.039482 -0.984472 10.656300 -0.869319 -0.464221 -0.169657 2.636800 0.000000 0.000000 0.000000 1.000000
-0.463711 0.884839 -0.045081 15.012800 0.171046 0.039482 -0.984472 10.656300 -0.869319 -0.464221 -0.169657 2.636800 0.000000 0.000000 0.000000 1.000000
-0.463711 0.884839 -0.045082 15.012800 0.171047 0.039481 -0.984472 10.656300 -0.869319 -0.464221 -0.169657 2.636800 0.000000 0.000000 0.000000 1.000000
-0.463711 0.884839 -0.045082 15.012800 0.171047 0.039481 -0.984472 10.656300 -0.869319 -0.464221 -0.169657 2.636800 0.000000 0.000000 0.000000 1.000000
-0.463711 0.884839 -0.045081 15.012800 0.171046 0.039481 -0.984472 10.656300 -0.869319 -0.464221 -0.169657 2.636800 0.000000 0.000000 0.000000 1.000000
-0.463711 0.884839 -0.045081 15.012800 0.171047 0.039482 -0.984472 10.656300 -0.869319 -0.464221 -0.169657 2.636800 0.000000 0.000000 0.000000 1.000000
-0.463711 0.884839 -0.045081 15.012800 0.171047 0.039482 -0.984472 10.656300 -0.869319 -0.464221 -0.169657 2.636800 0.000000 0.000000 0.000000 1.000000
