<?xml version="1.0" encoding="utf-8"?>
<COLLADA xmlns="http://www.collada.org/2005/11/COLLADASchema" version="1.4.1">
  <asset>
    <contributor>
      <author>Mixamo</author>
      <authoring_tool>COLLADA Mixamo exporter</authoring_tool>
      <comments/>
    </contributor>
    <created>2024-12-12T06:31:18Z</created>
    <modified>2024-12-12T06:31:18Z</modified>
    <revision/>
    <title/>
    <unit meter="0.010000"/>
    <up_axis>Y_UP</up_axis>
  </asset>
  <library_animations>
    <animation id="mixamorig_Hips-anim" name="mixamorig_Hips">
      <source id="mixamorig_Hips-Matrix-animation-input">
        <float_array id="mixamorig_Hips-Matrix-animation-input-array" count="67">

0.000000 0.033333 0.066667 0.100000 0.133333 0.166667 0.200000 0.233333 0.266667 0.300000 0.333333 0.366667 0.400000 0.433333 0.466667 0.500000
0.533333 0.566667 0.600000 0.633333 0.666667 0.700000 0.733333 0.766667 0.800000 0.833333 0.866667 0.900000 0.933333 0.966667 1.000000 1.033333
1.066667 1.100000 1.133333 1.166667 1.200000 1.233333 1.266667 1.300000 1.333333 1.366667 1.400000 1.433333 1.466667 1.500000 1.533333 1.566667
1.600000 1.633333 1.666667 1.700000 1.733333 1.766667 1.800000 1.833333 1.866667 1.900000 1.933333 1.966667 2.000000 2.033333 2.066667 2.100000
2.133333 2.166667 2.200000</float_array>
        <technique_common>
          <accessor source="#mixamorig_Hips-Matrix-animation-input-array" count="67">
            <param name="TIME" type="float"/>
          </accessor>
        </technique_common>
      </source>
      <source id="mixamorig_Hips-Matrix-animation-output-transform">
        <float_array id="mixamorig_Hips-Matrix-animation-output-transform-array" count="1072">

0.747195 0.110633 -0.655332 -2.433268 -0.040898 0.991833 0.120810 88.892509 0.663345 -0.063467 0.745617 6.969545 0.000000 0.000000 0.000000 1.000000
0.676601 0.107037 -0.728529 -2.887226 -0.029818 0.992550 0.118135 89.707298 0.735746 -0.058207 0.674752 7.160604 0.000000 0.000000 0.000000 1.000000
0.599995 0.101989 -0.793476 -3.316257 -0.021811 0.993557 0.111214 90.452400 0.799707 -0.049422 0.598353 6.944336 0.000000 0.000000 0.000000 1.000000
0.546801 0.092774 -0.832107 -3.578805 -0.023519 0.995152 0.095498 90.655365 0.836932 -0.032648 0.546332 6.737944 0.000000 0.000000 0.000000 1.000000
0.525112 0.082710 -0.847005 -3.827098 -0.029496 0.996437 0.079015 90.374290 0.850522 -0.016509 0.525680 6.269892 0.000000 0.000000 0.000000 1.000000
0.515058 0.070489 -0.854252 -4.083566 -0.034937 0.997511 0.061246 89.807503 0.856443 -0.001700 0.516239 5.484002 0.000000 0.000000 0.000000 1.000000
0.522757 0.047517 -0.851156 -4.350563 -0.042514 0.998656 0.029640 88.958275 0.851421 0.020691 0.524075 4.374308 0.000000 0.000000 0.000000 1.000000
0.555375 0.014654 -0.831471 -4.528092 -0.049511 0.998654 -0.015470 87.782578 0.830125 0.049759 0.555352 3.303925 0.000000 0.000000 0.000000 1.000000
0.612886 -0.009894 -0.790110 -4.702062 -0.053239 0.997132 -0.053783 86.705627 0.788376 0.075028 0.610601 2.453233 0.000000 0.000000 0.000000 1.000000
0.682305 -0.006878 -0.731035 -4.802258 -0.057135 0.996396 -0.062702 85.549370 0.728832 0.084550 0.679453 2.358311 0.000000 0.000000 0.000000 1.000000
0.742284 0.016424 -0.669884 -4.812895 -0.057502 0.997573 -0.039260 83.874382 0.667614 0.067662 0.741427 3.558381 0.000000 0.000000 0.000000 1.000000
0.777168 0.033876 -0.628381 -4.876543 -0.035739 0.999314 0.009671 82.102654 0.628278 0.014942 0.777846 6.017992 0.000000 0.000000 0.000000 1.000000
0.782059 0.037142 -0.622097 -5.195864 0.014839 0.996830 0.078169 81.180717 0.623028 -0.070364 0.779029 8.545635 0.000000 0.000000 0.000000 1.000000
0.762244 0.041565 -0.645954 -5.615086 0.079855 0.984274 0.157567 82.044731 0.642345 -0.171687 0.746938 9.550293 0.000000 0.000000 0.000000 1.000000
0.737119 0.057429 -0.673318 -6.007195 0.137141 0.962935 0.232268 84.684982 0.661701 -0.263549 0.701922 9.041586 0.000000 0.000000 0.000000 1.000000
0.726227 0.068931 -0.683991 -6.988691 0.183392 0.939478 0.289395 88.598709 0.662542 -0.335605 0.669632 8.924831 0.000000 0.000000 0.000000 1.000000
0.736259 0.052203 -0.674683 -8.888306 0.229029 0.918957 0.321034 94.114349 0.636764 -0.390887 0.664635 7.617239 0.000000 0.000000 0.000000 1.000000
0.770599 0.010955 -0.637226 -8.441980 0.254501 0.911382 0.323437 99.520020 0.584299 -0.411415 0.699523 3.574102 0.000000 0.000000 0.000000 1.000000
0.807138 -0.006913 -0.590322 -8.050632 0.236168 0.920216 0.312133 103.800278 0.541067 -0.391349 0.744374 1.185663 0.000000 0.000000 0.000000 1.000000
0.844421 0.018735 -0.535352 -9.123143 0.190349 0.923670 0.332567 106.267860 0.500719 -0.382730 0.776401 2.655227 0.000000 0.000000 0.000000 1.000000
0.899000 0.050325 -0.435048 -9.884009 0.145445 0.902686 0.404974 106.896431 0.413092 -0.427347 0.804195 7.347595 0.000000 0.000000 0.000000 1.000000
0.961716 0.047746 -0.269858 -9.388704 0.094480 0.866571 0.490028 107.078362 0.257248 -0.496764 0.828884 11.159536 0.000000 0.000000 0.000000 1.000000
0.997148 0.009944 -0.074809 -9.143240 0.031480 0.846112 0.532075 108.162460 0.068588 -0.532913 0.843386 10.289015 0.000000 0.000000 0.000000 1.000000
0.997827 0.025008 0.060955 -9.597214 -0.053136 0.852451 0.520099 113.025970 -0.038955 -0.522208 0.851928 12.181549 0.000000 0.000000 0.000000 1.000000
0.985716 0.125360 0.112471 -7.771604 -0.164393 0.861299 0.480769 118.316986 -0.036602 -0.492391 0.869604 15.857933 0.000000 0.000000 0.000000 1.000000
0.968226 0.228000 0.102736 -3.791786 -0.249889 0.866147 0.432834 119.377174 0.009701 -0.444754 0.895600 15.571281 0.000000 0.000000 0.000000 1.000000
0.960547 0.273577 0.050059 -0.561424 -0.271579 0.883839 0.380885 115.729744 0.059957 -0.379453 0.923266 11.887255 0.000000 0.000000 0.000000 1.000000
0.960036 0.279877 -0.000324 0.679448 -0.262342 0.900288 0.347360 110.137291 0.097510 -0.333393 0.937732 10.260527 0.000000 0.000000 0.000000 1.000000
0.958943 0.282245 -0.027684 0.719343 -0.253648 0.897235 0.361432 105.757156 0.126852 -0.339570 0.931988 10.732437 0.000000 0.000000 0.000000 1.000000
0.954789 0.296065 -0.026895 -1.048399 -0.259060 0.872992 0.413248 102.911499 0.145827 -0.387597 0.910221 13.801182 0.000000 0.000000 0.000000 1.000000
0.952465 0.304515 -0.009032 -2.813453 -0.267314 0.849594 0.454680 100.094345 0.146130 -0.430653 0.890609 18.431187 0.000000 0.000000 0.000000 1.000000
0.953344 0.301588 -0.013403 -3.190033 -0.262593 0.850343 0.456028 96.154839 0.148930 -0.431232 0.889864 20.383352 0.000000 0.000000 0.000000 1.000000
0.954355 0.296438 -0.036474 -3.213740 -0.253194 0.867755 0.427662 92.710022 0.158426 -0.398906 0.903203 19.630484 0.000000 0.000000 0.000000 1.000000
0.958131 0.281168 -0.054124 -3.522275 -0.239742 0.891123 0.385258 90.806786 0.156553 -0.356152 0.921220 18.082516 0.000000 0.000000 0.000000 1.000000
0.970271 0.240738 -0.024865 -3.253300 -0.219074 0.917300 0.332517 89.879547 0.102858 -0.317185 0.942769 17.017014 0.000000 0.000000 0.000000 1.000000
0.981928 0.178493 0.062910 -2.664314 -0.188968 0.942967 0.274051 89.256691 -0.010406 -0.280986 0.959655 16.576488 0.000000 0.000000 0.000000 1.000000
0.979060 0.126436 0.159547 -1.923063 -0.160237 0.962042 0.220904 89.278351 -0.125561 -0.241844 0.962157 16.001534 0.000000 0.000000 0.000000 1.000000
0.974250 0.096165 0.203935 -1.354345 -0.134427 0.973887 0.182958 89.747032 -0.181015 -0.205661 0.961736 15.795374 0.000000 0.000000 0.000000 1.000000
0.983145 0.081720 0.163549 -1.176616 -0.108741 0.980489 0.163761 90.122093 -0.146975 -0.178785 0.972849 15.627471 0.000000 0.000000 0.000000 1.000000
0.996088 0.080217 0.037065 -1.463686 -0.085143 0.983496 0.159645 90.230904 -0.023647 -0.162176 0.986478 15.146843 0.000000 0.000000 0.000000 1.000000
0.984663 0.091945 -0.148271 -2.088209 -0.067404 0.984357 0.162784 90.060211 0.160918 -0.150293 0.975458 14.347668 0.000000 0.000000 0.000000 1.000000
0.932612 0.112821 -0.342792 -2.762444 -0.058305 0.984502 0.165395 89.427254 0.356140 -0.134262 0.924737 13.385699 0.000000 0.000000 0.000000 1.000000
0.856112 0.134179 -0.499067 -3.274554 -0.057596 0.984462 0.165881 88.108650 0.513571 -0.113269 0.850538 12.490526 0.000000 0.000000 0.000000 1.000000
0.786805 0.153861 -0.597716 -3.625358 -0.064299 0.983593 0.168552 86.588715 0.613843 -0.094185 0.783789 11.693581 0.000000 0.000000 0.000000 1.000000
0.743946 0.167739 -0.646844 -3.882745 -0.070851 0.982326 0.173249 85.835976 0.664472 -0.083058 0.742683 10.521012 0.000000 0.000000 0.000000 1.000000
0.726813 0.172533 -0.664812 -4.024341 -0.074162 0.981990 0.173770 85.832878 0.682820 -0.076995 0.726518 9.158655 0.000000 0.000000 0.000000 1.000000
0.727242 0.167796 -0.665556 -3.967997 -0.073007 0.983068 0.168071 85.957695 0.682488 -0.073638 0.727178 8.153189 0.000000 0.000000 0.000000 1.000000
0.736442 0.157010 -0.658028 -3.715097 -0.066631 0.984799 0.160409 85.973091 0.673211 -0.074287 0.735709 7.626525 0.000000 0.000000 0.000000 1.000000
0.744578 0.145685 -0.651444 -3.433343 -0.058125 0.986337 0.154145 86.083572 0.665000 -0.076908 0.742873 7.356517 0.000000 0.000000 0.000000 1.000000
0.747238 0.137420 -0.650193 -3.232899 -0.052131 0.987493 0.148796 86.451508 0.662509 -0.077291 0.745056 7.153405 0.000000 0.000000 0.000000 1.000000
0.747912 0.132005 -0.650540 -3.053767 -0.049986 0.988445 0.143104 86.875473 0.661913 -0.074511 0.745868 7.080700 0.000000 0.000000 0.000000 1.000000
0.749480 0.127248 -0.649683 -2.895097 -0.049136 0.989339 0.137090 87.233543 0.660201 -0.070824 0.747742 7.108655 0.000000 0.000000 0.000000 1.000000
0.749057 0.123085 -0.650971 -2.789430 -0.048264 0.990117 0.131674 87.499313 0.660745 -0.067213 0.747595 7.150183 0.000000 0.000000 0.000000 1.000000
0.744482 0.120108 -0.656750 -2.740612 -0.047262 0.990698 0.127606 87.686058 0.665968 -0.063961 0.743234 7.146605 0.000000 0.000000 0.000000 1.000000
0.738978 0.118193 -0.663281 -2.712397 -0.046106 0.991056 0.125232 87.806969 0.672150 -0.061963 0.737818 7.114695 0.000000 0.000000 0.000000 1.000000
0.737367 0.117667 -0.665164 -2.672644 -0.045591 0.991135 0.124790 87.900101 0.673951 -0.061691 0.736195 7.088280 0.000000 0.000000 0.000000 1.000000
0.740663 0.118674 -0.661312 -2.622193 -0.046579 0.990979 0.125666 87.999733 0.670260 -0.062273 0.739509 7.079438 0.000000 0.000000 0.000000 1.000000
0.745511 0.119960 -0.655609 -2.584237 -0.048237 0.990801 0.126441 88.107674 0.664746 -0.062638 0.744439 7.074825 0.000000 0.000000 0.000000 1.000000
0.748240 0.120202 -0.652448 -2.573735 -0.048899 0.990767 0.126453 88.216042 0.661624 -0.062713 0.747209 7.051245 0.000000 0.000000 0.000000 1.000000
0.748204 0.119365 -0.652643 -2.577712 -0.048052 0.990849 0.126133 88.327019 0.661727 -0.063012 0.747092 7.006386 0.000000 0.000000 0.000000 1.000000
0.747327 0.118192 -0.653860 -2.573014 -0.046637 0.990956 0.125822 88.435249 0.662817 -0.063536 0.746081 6.966977 0.000000 0.000000 0.000000 1.000000
0.747470 0.117174 -0.653880 -2.553497 -0.045578 0.991047 0.125493 88.532211 0.662730 -0.064000 0.746119 6.951408 0.000000 0.000000 0.000000 1.000000
0.748373 0.116124 -0.653034 -2.529158 -0.044603 0.991137 0.125132 88.623093 0.661777 -0.064518 0.746919 6.944727 0.000000 0.000000 0.000000 1.000000
0.748507 0.114741 -0.653125 -2.507698 -0.043020 0.991244 0.124839 88.715042 0.661730 -0.065346 0.746889 6.927921 0.000000 0.000000 0.000000 1.000000
0.747784 0.113143 -0.654230 -2.484763 -0.041109 0.991373 0.124461 88.802902 0.662668 -0.066175 0.745984 6.912412 0.000000 0.000000 0.000000 1.000000
0.747415 0.111673 -0.654904 -2.458889 -0.040153 0.991562 0.123255 88.869751 0.663143 -0.065826 0.745593 6.920813 0.000000 0.000000 0.000000 1.000000
0.747215 0.110535 -0.655326 -2.443422 -0.040766 0.991838 0.120812 88.909653 0.663331 -0.063558 0.745622 6.947257 0.000000 0.000000 0.000000 1.000000</float_array>
        <technique_common>
          <accessor source="#mixamorig_Hips-Matrix-animation-output-transform-array" count="67" stride="16">
            <param type="float4x4"/>
          </accessor>
        </technique_common>
      </source>
      <source id="mixamorig_Hips-Interpolations">
        <Name_array id="mixamorig_Hips-Interpolations-array" count="67">
 LINEAR LINEAR LINEAR LINEAR LINEAR LINEAR LINEAR LINEAR LINEAR LINEAR LINEAR
LINEAR LINEAR LINEAR LINEAR LINEAR LINEAR LINEAR LINEAR LINEAR LINEAR LINEAR LINEAR
LINEAR LINEAR LINEAR LINEAR LINEAR LINEAR LINEAR LINEAR LINEAR LINEAR LINEAR LINEAR
LINEAR LINEAR LINEAR LINEAR LINEAR LINEAR LINEAR LINEAR LINEAR LINEAR LINEAR LINEAR
LINEAR LINEAR LINEAR LINEAR LINEAR LINEAR LINEAR LINEAR LINEAR LINEAR LINEAR LINEAR
LINEAR LINEAR LINEAR LINEAR LINEAR LINEAR LINEAR LINEAR</Name_array>
        <technique_common>
          <accessor source="#mixamorig_Hips-Interpolations-array" count="67">
            <param type="name"/>
          </accessor>
        </technique_common>
      </source>
      <sampler id="mixamorig_Hips-Matrix-animation-transform">
        <input semantic="INPUT" source="#mixamorig_Hips-Matrix-animation-input"/>
        <input semantic="OUTPUT" source="#mixamorig_Hips-Matrix-animation-output-transform"/>
        <input semantic="INTERPOLATION" source="#mixamorig_Hips-Interpolations"/>
      </sampler>
      <channel source="#mixamorig_Hips-Matrix-animation-transform" target="mixamorig_Hips/matrix"/>
    </animation>
    <animation id="mixamorig_Spine-anim" name="mixamorig_Spine">
      <source id="mixamorig_Spine-Matrix-animation-input">
        <float_array id="mixamorig_Spine-Matrix-animation-input-array" count="67">

0.000000 0.033333 0.066667 0.100000 0.133333 0.166667 0.200000 0.233333 0.266667 0.300000 0.333333 0.366667 0.400000 0.433333 0.466667 0.500000
0.533333 0.566667 0.600000 0.633333 0.666667 0.700000 0.733333 0.766667 0.800000 0.833333 0.866667 0.900000 0.933333 0.966667 1.000000 1.033333
1.066667 1.100000 1.133333 1.166667 1.200000 1.233333 1.266667 1.300000 1.333333 1.366667 1.400000 1.433333 1.466667 1.500000 1.533333 1.566667
1.600000 1.633333 1.666667 1.700000 1.733333 1.766667 1.800000 1.833333 1.866667 1.900000 1.933333 1.966667 2.000000 2.033333 2.066667 2.100000
2.133333 2.166667 2.200000</float_array>
        <technique_common>
          <accessor source="#mixamorig_Spine-Matrix-animation-input-array" count="67">
            <param name="TIME" type="float"/>
          </accessor>
        </technique_common>
      </source>
      <source id="mixamorig_Spine-Matrix-animation-output-transform">
        <float_array id="mixamorig_Spine-Matrix-animation-output-transform-array" count="1072">

0.999984 -0.002054 0.005280 -0.000000 0.001774 0.998620 0.052493 10.528800 -0.005380 -0.052483 0.998607 -0.610600 0.000000 0.000000 0.000000 1.000000
0.999930 -0.008114 0.008623 0.000000 0.007577 0.998137 0.060545 10.528800 -0.009098 -0.060475 0.998128 -0.610600 0.000000 0.000000 0.000000 1.000000
0.999820 -0.015040 0.011552 -0.000000 0.014206 0.997506 0.069141 10.528800 -0.012563 -0.068964 0.997540 -0.610600 0.000000 0.000000 0.000000 1.000000
0.999726 -0.019863 0.012418 0.000000 0.018880 0.997016 0.074850 10.528800 -0.013868 -0.074595 0.997117 -0.610600 0.000000 0.000000 0.000000 1.000000
0.999747 -0.020054 0.010198 0.000000 0.019239 0.997027 0.074614 10.528800 -0.011664 -0.074399 0.997160 -0.610600 0.000000 0.000000 0.000000 1.000000
0.999745 -0.022053 0.004888 -0.000000 0.021634 0.997054 0.073583 10.528800 -0.006496 -0.073458 0.997277 -0.610600 0.000000 0.000000 0.000000 1.000000
0.999630 -0.026746 -0.005020 0.000000 0.027045 0.996882 0.074128 10.528800 0.003022 -0.074236 0.997236 -0.610600 0.000000 0.000000 0.000000 1.000000
0.999262 -0.032230 -0.020903 -0.000000 0.033736 0.996520 0.076223 10.528800 0.018374 -0.076872 0.996872 -0.610600 0.000000 0.000000 0.000000 1.000000
0.998634 -0.034605 -0.039160 0.000000 0.037457 0.996509 0.074613 10.528800 0.036441 -0.075978 0.996443 -0.610600 0.000000 0.000000 0.000000 1.000000
0.998023 -0.036343 -0.051279 0.000000 0.039611 0.997149 0.064227 10.528800 0.048799 -0.066131 0.996617 -0.610600 0.000000 0.000000 0.000000 1.000000
0.997684 -0.045810 -0.050277 0.000000 0.048266 0.997643 0.048772 10.528800 0.047924 -0.051085 0.997544 -0.610600 0.000000 0.000000 0.000000 1.000000
0.997372 -0.059609 -0.041179 0.000000 0.061090 0.997493 0.035715 10.528800 0.038946 -0.038137 0.998513 -0.610600 0.000000 0.000000 0.000000 1.000000
0.997201 -0.066207 -0.034751 0.000000 0.067160 0.997376 0.027026 10.528800 0.032871 -0.029284 0.999030 -0.610600 0.000000 0.000000 0.000000 1.000000
0.998026 -0.054241 -0.031671 0.000000 0.054902 0.998283 0.020398 10.528800 0.030510 -0.022097 0.999290 -0.610600 0.000000 0.000000 0.000000 1.000000
0.999304 -0.029803 -0.022441 0.000000 0.030126 0.999446 0.014182 10.528800 0.022006 -0.014848 0.999648 -0.610600 0.000000 0.000000 0.000000 1.000000
0.999946 -0.010180 0.002129 0.000000 0.010157 0.999891 0.010708 10.528800 -0.002238 -0.010686 0.999940 -0.610600 0.000000 0.000000 0.000000 1.000000
0.999293 0.002988 0.037487 0.000000 -0.003529 0.999890 0.014382 10.528800 -0.037440 -0.014504 0.999194 -0.610600 0.000000 0.000000 0.000000 1.000000
0.998337 0.016265 0.055303 -0.000000 -0.017637 0.999546 0.024422 10.528800 -0.054880 -0.025357 0.998171 -0.610600 0.000000 0.000000 0.000000 1.000000
0.997337 0.021627 0.069644 0.000000 -0.023824 0.999240 0.030860 10.528800 -0.068924 -0.032437 0.997094 -0.610600 0.000000 0.000000 0.000000 1.000000
0.995719 0.026262 0.088619 0.000000 -0.028173 0.999395 0.020388 10.528800 -0.088030 -0.022797 0.995857 -0.610600 0.000000 0.000000 0.000000 1.000000
0.995347 0.033446 0.090361 0.000000 -0.032960 0.999433 -0.006873 10.528800 -0.090540 0.003862 0.995885 -0.610600 0.000000 0.000000 0.000000 1.000000
0.997834 0.037571 0.053997 0.000000 -0.035577 0.998666 -0.037433 10.528800 -0.055331 0.035431 0.997839 -0.610600 0.000000 0.000000 0.000000 1.000000
0.997665 0.064976 -0.021046 0.000000 -0.066124 0.996040 -0.059428 10.528800 0.017101 0.060681 0.998011 -0.610600 0.000000 0.000000 0.000000 1.000000
0.993430 0.082215 -0.079603 -0.000000 -0.087723 0.993797 -0.068361 10.528800 0.073489 0.074894 0.994480 -0.610600 0.000000 0.000000 0.000000 1.000000
0.993266 0.046758 -0.106000 0.000000 -0.054357 0.996067 -0.069967 10.528800 0.102311 0.075258 0.991902 -0.610600 0.000000 0.000000 0.000000 1.000000
0.993232 -0.014546 -0.115236 -0.000000 0.007339 0.998004 -0.062726 10.528800 0.115918 0.061456 0.991356 -0.610600 0.000000 0.000000 0.000000 1.000000
0.992687 -0.055386 -0.107259 0.000000 0.050858 0.997714 -0.044506 10.528800 0.109478 0.038725 0.993235 -0.610600 0.000000 0.000000 0.000000 1.000000
0.993248 -0.066305 -0.095193 0.000000 0.064354 0.997652 -0.023425 10.528800 0.096522 0.017141 0.995183 -0.610600 0.000000 0.000000 0.000000 1.000000
0.993349 -0.063501 -0.096051 -0.000000 0.062364 0.997944 -0.014796 10.528800 0.096793 0.008708 0.995266 -0.610600 0.000000 0.000000 0.000000 1.000000
0.994419 -0.057775 -0.088279 0.000000 0.056346 0.998238 -0.018588 10.528800 0.089198 0.013510 0.995922 -0.610600 0.000000 0.000000 0.000000 1.000000
0.995410 -0.040146 -0.086873 0.000000 0.038374 0.999022 -0.021972 10.528800 0.087670 0.018537 0.995977 -0.610600 0.000000 0.000000 0.000000 1.000000
0.997139 -0.016868 -0.073686 0.000000 0.015308 0.999648 -0.021683 10.528800 0.074026 0.020493 0.997046 -0.610600 0.000000 0.000000 0.000000 1.000000
0.998534 0.006275 -0.053762 0.000000 -0.007285 0.999800 -0.018620 10.528800 0.053634 0.018984 0.998380 -0.610600 0.000000 0.000000 0.000000 1.000000
0.999242 0.018823 -0.034068 -0.000000 -0.019193 0.999760 -0.010586 10.528800 0.033861 0.011232 0.999363 -0.610600 0.000000 0.000000 0.000000 1.000000
0.999409 0.024587 -0.024011 -0.000000 -0.024532 0.999696 0.002609 10.528800 0.024068 -0.002019 0.999708 -0.610600 0.000000 0.000000 0.000000 1.000000
0.999144 0.033798 -0.023840 0.000000 -0.033399 0.999298 0.016963 10.528800 0.024397 -0.016152 0.999572 -0.610600 0.000000 0.000000 0.000000 1.000000
0.999069 0.035422 -0.024634 0.000000 -0.034668 0.998936 0.030425 10.528800 0.025686 -0.029543 0.999233 -0.610600 0.000000 0.000000 0.000000 1.000000
0.999182 0.034913 -0.020390 0.000000 -0.034011 0.998495 0.043015 10.528800 0.021861 -0.042287 0.998866 -0.610600 0.000000 0.000000 0.000000 1.000000
0.999276 0.037049 -0.008702 -0.000000 -0.036527 0.997875 0.053954 10.528800 0.010683 -0.053598 0.998505 -0.610600 0.000000 0.000000 0.000000 1.000000
0.999272 0.037471 0.007219 0.000000 -0.037847 0.997368 0.061851 10.528800 -0.004882 -0.062079 0.998059 -0.610600 0.000000 0.000000 0.000000 1.000000
0.999166 0.033327 0.023613 0.000000 -0.034834 0.997173 0.066571 10.528800 -0.021328 -0.067338 0.997502 -0.610600 0.000000 0.000000 0.000000 1.000000
0.998930 0.024771 0.039062 0.000000 -0.027406 0.997280 0.068417 10.528800 -0.037261 -0.069414 0.996892 -0.610600 0.000000 0.000000 0.000000 1.000000
0.998510 0.014513 0.052604 0.000000 -0.018027 0.997594 0.066945 10.528800 -0.051505 -0.067794 0.996369 -0.610600 0.000000 0.000000 0.000000 1.000000
0.998101 0.005769 0.061332 0.000000 -0.009605 0.998003 0.062427 10.528800 -0.060849 -0.062898 0.996163 -0.610600 0.000000 0.000000 0.000000 1.000000
0.998066 0.004271 0.062017 -0.000000 -0.007821 0.998337 0.057106 10.528800 -0.061670 -0.057480 0.996440 -0.610600 0.000000 0.000000 0.000000 1.000000
0.998466 0.006018 0.055049 0.000000 -0.008998 0.998498 0.054053 10.528800 -0.054641 -0.054465 0.997020 -0.610600 0.000000 0.000000 0.000000 1.000000
0.999003 0.005976 0.044234 0.000000 -0.008323 0.998556 0.053064 10.528800 -0.043853 -0.053379 0.997611 -0.610600 0.000000 0.000000 0.000000 1.000000
0.999431 0.004326 0.033442 0.000000 -0.006048 0.998651 0.051564 10.528800 -0.033174 -0.051737 0.998110 -0.610600 0.000000 0.000000 0.000000 1.000000
0.999671 0.002993 0.025489 0.000000 -0.004241 0.998786 0.049071 10.528800 -0.025311 -0.049162 0.998470 -0.610600 0.000000 0.000000 0.000000 1.000000
0.999763 0.003136 0.021528 0.000000 -0.004153 0.998869 0.047356 10.528800 -0.021355 -0.047434 0.998646 -0.610600 0.000000 0.000000 0.000000 1.000000
0.999788 0.003720 0.020229 0.000000 -0.004674 0.998868 0.047335 10.528800 -0.020030 -0.047420 0.998674 -0.610600 0.000000 0.000000 0.000000 1.000000
0.999810 0.003792 0.019115 -0.000000 -0.004710 0.998826 0.048223 10.528800 -0.018910 -0.048303 0.998654 -0.610600 0.000000 0.000000 0.000000 1.000000
0.999844 0.003123 0.017404 0.000000 -0.003975 0.998786 0.049098 10.528800 -0.017230 -0.049160 0.998642 -0.610600 0.000000 0.000000 0.000000 1.000000
0.999868 0.002058 0.016141 0.000000 -0.002858 0.998760 0.049710 10.528800 -0.016019 -0.049750 0.998633 -0.610600 0.000000 0.000000 0.000000 1.000000
0.999877 0.000972 0.015648 0.000000 -0.001753 0.998748 0.049985 10.528800 -0.015580 -0.050007 0.998627 -0.610600 0.000000 0.000000 0.000000 1.000000
0.999888 0.000273 0.014948 0.000000 -0.001015 0.998766 0.049659 10.528800 -0.014916 -0.049669 0.998654 -0.610600 0.000000 0.000000 0.000000 1.000000
0.999912 0.000147 0.013262 0.000000 -0.000795 0.998807 0.048819 10.528800 -0.013239 -0.048825 0.998720 -0.610600 0.000000 0.000000 0.000000 1.000000
0.999940 0.000341 0.010956 0.000000 -0.000869 0.998839 0.048171 10.528800 -0.010927 -0.048177 0.998779 -0.610600 0.000000 0.000000 0.000000 1.000000
0.999959 0.000541 0.009091 0.000000 -0.000978 0.998839 0.048169 10.528800 -0.009054 -0.048176 0.998798 -0.610600 0.000000 0.000000 0.000000 1.000000
0.999965 0.000745 0.008296 -0.000000 -0.001147 0.998820 0.048552 10.528800 -0.008250 -0.048560 0.998786 -0.610600 0.000000 0.000000 0.000000 1.000000
0.999965 0.000980 0.008285 0.000000 -0.001385 0.998797 0.049009 10.528800 -0.008227 -0.049019 0.998764 -0.610600 0.000000 0.000000 0.000000 1.000000
0.999967 0.001094 0.008094 0.000000 -0.001493 0.998771 0.049535 10.528800 -0.008030 -0.049546 0.998740 -0.610600 0.000000 0.000000 0.000000 1.000000
0.999972 0.000969 0.007478 0.000000 -0.001343 0.998738 0.050201 10.528800 -0.007420 -0.050209 0.998711 -0.610600 0.000000 0.000000 0.000000 1.000000
0.999977 0.000643 0.006814 -0.000000 -0.000989 0.998705 0.050873 10.528800 -0.006772 -0.050879 0.998682 -0.610600 0.000000 0.000000 0.000000 1.000000
0.999980 0.000261 0.006373 -0.000000 -0.000589 0.998678 0.051397 10.528800 -0.006351 -0.051400 0.998658 -0.610600 0.000000 0.000000 0.000000 1.000000
0.999982 -0.000181 0.005961 0.000000 -0.000129 0.998654 0.051876 10.528800 -0.005963 -0.051876 0.998636 -0.610600 0.000000 0.000000 0.000000 1.000000
0.999983 -0.000173 0.005769 0.000000 -0.000130 0.998621 0.052495 10.528800 -0.005770 -0.052495 0.998605 -0.610600 0.000000 0.000000 0.000000 1.000000</float_array>
        <technique_common>
          <accessor source="#mixamorig_Spine-Matrix-animation-output-transform-array" count="67" stride="16">
            <param type="float4x4"/>
          </accessor>
        </technique_common>
      </source>
      <source id="mixamorig_Spine-Interpolations">
        <Name_array id="mixamorig_Spine-Interpolations-array" count="67">
 LINEAR LINEAR LINEAR LINEAR LINEAR LINEAR LINEAR LINEAR LINEAR LINEAR LINEAR
LINEAR LINEAR LINEAR LINEAR LINEAR LINEAR LINEAR LINEAR LINEAR LINEAR LINEAR LINEAR
LINEAR LINEAR LINEAR LINEAR LINEAR LINEAR LINEAR LINEAR LINEAR LINEAR LINEAR LINEAR
LINEAR LINEAR LINEAR LINEAR LINEAR LINEAR LINEAR LINEAR LINEAR LINEAR LINEAR LINEAR
LINEAR LINEAR LINEAR LINEAR LINEAR LINEAR LINEAR LINEAR LINEAR LINEAR LINEAR LINEAR
LINEAR LINEAR LINEAR LINEAR LINEAR LINEAR LINEAR LINEAR</Name_array>
        <technique_common>
          <accessor source="#mixamorig_Spine-Interpolations-array" count="67">
            <param type="name"/>
          </accessor>
        </technique_common>
      </source>
      <sampler id="mixamorig_Spine-Matrix-animation-transform">
        <input semantic="INPUT" source="#mixamorig_Spine-Matrix-animation-input"/>
        <input semantic="OUTPUT" source="#mixamorig_Spine-Matrix-animation-output-transform"/>
        <input semantic="INTERPOLATION" source="#mixamorig_Spine-Interpolations"/>
      </sampler>
      <channel source="#mixamorig_Spine-Matrix-animation-transform" target="mixamorig_Spine/matrix"/>
    </animation>
    <animation id="mixamorig_Spine1-anim" name="mixamorig_Spine1">
      <source id="mixamorig_Spine1-Matrix-animation-input">
        <float_array id="mixamorig_Spine1-Matrix-animation-input-array" count="67">

0.000000 0.033333 0.066667 0.100000 0.133333 0.166667 0.200000 0.233333 0.266667 0.300000 0.333333 0.366667 0.400000 0.433333 0.466667 0.500000
0.533333 0.566667 0.600000 0.633333 0.666667 0.700000 0.733333 0.766667 0.800000 0.833333 0.866667 0.900000 0.933333 0.966667 1.000000 1.033333
1.066667 1.100000 1.133333 1.166667 1.200000 1.233333 1.266667 1.300000 1.333333 1.366667 1.400000 1.433333 1.466667 1.500000 1.533333 1.566667
1.600000 1.633333 1.666667 1.700000 1.733333 1.766667 1.800000 1.833333 1.866667 1.900000 1.933333 1.966667 2.000000 2.033333 2.066667 2.100000
2.133333 2.166667 2.200000</float_array>
        <technique_common>
          <accessor source="#mixamorig_Spine1-Matrix-animation-input-array" count="67">
            <param name="TIME" type="float"/>
          </accessor>
        </technique_common>
      </source>
      <source id="mixamorig_Spine1-Matrix-animation-output-transform">
        <float_array id="mixamorig_Spine1-Matrix-animation-output-transform-array" count="1072">

0.999895 -0.006081 0.013134 0.000000 0.006890 0.998020 -0.062512 11.377000 -0.012728 0.062596 0.997958 0.000000 0.000000 0.000000 0.000000 1.000000
0.999602 -0.022804 0.016615 0.000000 0.023554 0.998645 -0.046403 11.377000 -0.015534 0.046776 0.998785 0.000000 0.000000 0.000000 0.000000 1.000000
0.999059 -0.038781 0.019397 -0.000000 0.039338 0.998799 -0.029200 11.377000 -0.018241 0.029935 0.999385 0.000000 0.000000 0.000000 0.000000 1.000000
0.998656 -0.048095 0.019296 -0.000000 0.048438 0.998669 -0.017716 11.377000 -0.018418 0.018627 0.999657 -0.000000 0.000000 0.000000 0.000000 1.000000
0.998615 -0.050764 0.013796 0.000000 0.051011 0.998533 -0.018168 11.377000 -0.012853 0.018846 0.999740 -0.000000 0.000000 0.000000 0.000000 1.000000
0.998401 -0.056495 0.002140 0.000000 0.056527 0.998194 -0.020327 11.377000 -0.000988 0.020415 0.999791 -0.000000 0.000000 0.000000 0.000000 1.000000
0.997589 -0.066726 -0.019071 -0.000000 0.066354 0.997606 -0.019505 11.377000 0.020326 0.018192 0.999628 0.000000 0.000000 0.000000 0.000000 1.000000
0.995934 -0.074017 -0.051348 0.000000 0.073298 0.997186 -0.015749 11.377000 0.052370 0.011922 0.998557 0.000000 0.000000 0.000000 0.000000 1.000000
0.993789 -0.070902 -0.085773 0.000000 0.069514 0.997399 -0.019076 11.377000 0.086902 0.012995 0.996132 0.000000 0.000000 0.000000 0.000000 1.000000
0.992390 -0.061169 -0.106865 0.000000 0.057298 0.997598 -0.038929 11.377000 0.108989 0.032509 0.993511 0.000000 0.000000 0.000000 0.000000 1.000000
0.992494 -0.054003 -0.109722 0.000000 0.046731 0.996604 -0.067804 11.377000 0.113011 0.062167 0.991647 0.000000 0.000000 0.000000 0.000000 1.000000
0.993356 -0.048017 -0.104589 0.000000 0.038436 0.995038 -0.091768 11.377000 0.108477 0.087139 0.990273 0.000000 0.000000 0.000000 0.000000 1.000000
0.994450 -0.032910 -0.099933 0.000000 0.022101 0.993970 -0.107402 11.377000 0.102865 0.104597 0.989181 0.000000 0.000000 0.000000 0.000000 1.000000
0.996019 -0.008662 -0.088719 0.000000 -0.002043 0.992788 -0.119867 11.377000 0.089117 0.119571 0.988818 -0.000000 0.000000 0.000000 0.000000 1.000000
0.998078 0.014503 -0.060243 0.000000 -0.022417 0.990883 -0.132849 11.377000 0.057766 0.133944 0.989304 -0.000000 0.000000 0.000000 0.000000 1.000000
0.999409 0.032323 -0.011700 0.000000 -0.033651 0.989431 -0.141046 11.377000 0.007017 0.141356 0.989934 0.000000 0.000000 0.000000 0.000000 1.000000
0.997754 0.044684 0.049901 0.000000 -0.037549 0.990031 -0.135749 11.377000 -0.055469 0.133570 0.989486 0.000000 0.000000 0.000000 0.000000 1.000000
0.993417 0.046837 0.104545 0.000000 -0.034447 0.992496 -0.117327 11.377000 -0.109256 0.112953 0.987575 0.000000 0.000000 0.000000 0.000000 1.000000
0.989918 0.034990 0.137249 0.000000 -0.020584 0.994258 -0.105011 11.377000 -0.140135 0.101128 0.984954 -0.000000 0.000000 0.000000 0.000000 1.000000
0.989710 0.019974 0.141685 -0.000000 -0.002357 0.992350 -0.123433 11.377000 -0.143066 0.121829 0.982186 -0.000000 0.000000 0.000000 0.000000 1.000000
0.993909 0.018683 0.108608 0.000000 0.000531 0.984700 -0.174257 11.377000 -0.110202 0.173253 0.978692 0.000000 0.000000 0.000000 0.000000 1.000000
0.998743 0.025161 0.043343 -0.000000 -0.014318 0.972049 -0.234341 11.377000 -0.048028 0.233426 0.971188 0.000000 0.000000 0.000000 0.000000 1.000000
0.999545 0.011608 -0.027831 0.000000 -0.018901 0.960311 -0.278290 11.377000 0.023496 0.278690 0.960094 0.000000 0.000000 0.000000 0.000000 1.000000
0.995968 -0.030724 -0.084283 0.000000 0.003891 0.953434 -0.301575 11.377000 0.089624 0.300032 0.949710 0.000000 0.000000 0.000000 0.000000 1.000000
0.989189 -0.078234 -0.124034 0.000000 0.036751 0.951068 -0.306788 11.377000 0.141966 0.298913 0.943661 0.000000 0.000000 0.000000 0.000000 1.000000
0.983243 -0.104470 -0.149398 0.000000 0.057451 0.955324 -0.289924 11.377000 0.173012 0.276483 0.945317 -0.000000 0.000000 0.000000 0.000000 1.000000
0.981750 -0.107179 -0.157099 0.000000 0.064919 0.965316 -0.252885 11.377000 0.178754 0.238071 0.954656 0.000000 0.000000 0.000000 0.000000 1.000000
0.983695 -0.098570 -0.150426 0.000000 0.065402 0.975221 -0.211346 11.377000 0.167531 0.198062 0.965766 0.000000 0.000000 0.000000 0.000000 1.000000
0.986876 -0.087519 -0.135704 -0.000000 0.059969 0.978924 -0.195223 11.377000 0.149930 0.184523 0.971325 0.000000 0.000000 0.000000 0.000000 1.000000
0.990878 -0.072512 -0.113587 -0.000000 0.048410 0.978160 -0.202140 11.377000 0.125764 0.194797 0.972747 0.000000 0.000000 0.000000 0.000000 1.000000
0.995004 -0.050856 -0.085906 0.000000 0.032133 0.977872 -0.206723 11.377000 0.094518 0.202930 0.974621 0.000000 0.000000 0.000000 0.000000 1.000000
0.997770 -0.030042 -0.059604 -0.000000 0.017209 0.978577 -0.205161 11.377000 0.064491 0.203678 0.976912 0.000000 0.000000 0.000000 0.000000 1.000000
0.999066 -0.019398 -0.038612 -0.000000 0.011336 0.979939 -0.198974 11.377000 0.041697 0.198350 0.979244 -0.000000 0.000000 0.000000 0.000000 1.000000
0.999604 -0.012337 -0.025297 -0.000000 0.007491 0.983006 -0.183420 11.377000 0.027130 0.183158 0.982709 0.000000 0.000000 0.000000 0.000000 1.000000
0.999670 0.003328 -0.025457 0.000000 -0.007324 0.987323 -0.158557 11.377000 0.024606 0.158691 0.987022 0.000000 0.000000 0.000000 0.000000 1.000000
0.998976 0.028010 -0.035544 -0.000000 -0.032466 0.990755 -0.131725 11.377000 0.031525 0.132744 0.990649 0.000000 0.000000 0.000000 0.000000 1.000000
0.997940 0.051232 -0.038618 -0.000000 -0.055073 0.992838 -0.106016 11.377000 0.032910 0.107924 0.993614 0.000000 0.000000 0.000000 0.000000 1.000000
0.997753 0.062761 -0.023433 0.000000 -0.064478 0.994578 -0.081594 11.377000 0.018185 0.082921 0.996390 0.000000 0.000000 0.000000 0.000000 1.000000
0.998125 0.061008 0.005035 0.000000 -0.060594 0.996338 -0.060330 11.377000 -0.008697 0.059912 0.998166 0.000000 0.000000 0.000000 0.000000 1.000000
0.998030 0.050189 0.037640 0.000000 -0.048492 0.997822 -0.044712 11.377000 -0.039802 0.042799 0.998291 0.000000 0.000000 0.000000 0.000000 1.000000
0.996910 0.035259 0.070199 0.000000 -0.032864 0.998847 -0.034994 11.377000 -0.071352 0.032579 0.996919 0.000000 0.000000 0.000000 0.000000 1.000000
0.994735 0.020662 0.100373 -0.000000 -0.017640 0.999367 -0.030906 11.377000 -0.100948 0.028972 0.994470 0.000000 0.000000 0.000000 0.000000 1.000000
0.992417 0.010729 0.122452 0.000000 -0.006641 0.999409 -0.033738 11.377000 -0.122741 0.032669 0.991901 0.000000 0.000000 0.000000 0.000000 1.000000
0.991612 0.006113 0.129103 0.000000 -0.000538 0.999068 -0.043166 11.377000 -0.129246 0.042735 0.990691 0.000000 0.000000 0.000000 0.000000 1.000000
0.992947 0.003305 0.118517 0.000000 0.003091 0.998550 -0.053741 11.377000 -0.118523 0.053728 0.991497 0.000000 0.000000 0.000000 0.000000 1.000000
0.995242 0.000764 0.097435 -0.000000 0.005056 0.998217 -0.059474 11.377000 -0.097307 0.059684 0.993463 0.000000 0.000000 0.000000 0.000000 1.000000
0.997170 0.000266 0.075185 0.000000 0.004359 0.998107 -0.061349 11.377000 -0.075059 0.061503 0.995281 0.000000 0.000000 0.000000 0.000000 1.000000
0.998319 0.002476 0.057906 0.000000 0.001263 0.997921 -0.064431 11.377000 -0.057945 0.064395 0.996241 -0.000000 0.000000 0.000000 0.000000 1.000000
0.998824 0.005237 0.048209 0.000000 -0.001879 0.997584 -0.069451 11.377000 -0.048457 0.069279 0.996420 -0.000000 0.000000 0.000000 0.000000 1.000000
0.998990 0.006022 0.044538 -0.000000 -0.002765 0.997340 -0.072831 11.377000 -0.044858 0.072634 0.996349 0.000000 0.000000 0.000000 0.000000 1.000000
0.999101 0.004598 0.042136 -0.000000 -0.001518 0.997344 -0.072823 11.377000 -0.042359 0.072693 0.996454 0.000000 0.000000 0.000000 0.000000 1.000000
0.999254 0.002406 0.038533 -0.000000 0.000337 0.997475 -0.071021 11.377000 -0.038607 0.070981 0.996730 0.000000 0.000000 0.000000 0.000000 1.000000
0.999371 0.000325 0.035469 0.000000 0.002134 0.997597 -0.069251 11.377000 -0.035406 0.069283 0.996969 0.000000 0.000000 0.000000 0.000000 1.000000
0.999415 -0.001376 0.034161 0.000000 0.003698 0.997678 -0.068008 11.377000 -0.033988 0.068095 0.997100 0.000000 0.000000 0.000000 0.000000 1.000000
0.999456 -0.002338 0.032907 0.000000 0.004555 0.997712 -0.067451 11.377000 -0.032674 0.067564 0.997180 0.000000 0.000000 0.000000 0.000000 1.000000
0.999552 -0.002509 0.029811 -0.000000 0.004536 0.997668 -0.068105 11.377000 -0.029571 0.068210 0.997233 0.000000 0.000000 0.000000 0.000000 1.000000
0.999679 -0.002198 0.025254 0.000000 0.003957 0.997554 -0.069785 11.377000 -0.025039 0.069863 0.997242 0.000000 0.000000 0.000000 0.000000 1.000000
0.999771 -0.001688 0.021337 0.000000 0.003202 0.997466 -0.071080 11.377000 -0.021163 0.071132 0.997242 -0.000000 0.000000 0.000000 0.000000 1.000000
0.999809 -0.001184 0.019512 -0.000000 0.002569 0.997467 -0.071087 11.377000 -0.019379 0.071123 0.997279 -0.000000 0.000000 0.000000 0.000000 1.000000
0.999813 -0.000779 0.019342 -0.000000 0.002138 0.997522 -0.070327 11.377000 -0.019239 0.070355 0.997336 0.000000 0.000000 0.000000 0.000000 1.000000
0.999813 -0.000513 0.019355 -0.000000 0.001856 0.997586 -0.069424 11.377000 -0.019272 0.069447 0.997399 0.000000 0.000000 0.000000 0.000000 1.000000
0.999828 -0.000517 0.018543 0.000000 0.001784 0.997657 -0.068386 11.377000 -0.018465 0.068408 0.997487 0.000000 0.000000 0.000000 0.000000 1.000000
0.999853 -0.000898 0.017150 -0.000000 0.002047 0.997746 -0.067073 11.377000 -0.017051 0.067099 0.997601 0.000000 0.000000 0.000000 0.000000 1.000000
0.999871 -0.001582 0.015967 0.000000 0.002628 0.997833 -0.065744 11.377000 -0.015828 0.065778 0.997709 0.000000 0.000000 0.000000 0.000000 1.000000
0.999883 -0.002534 0.015089 -0.000000 0.003506 0.997898 -0.064706 11.377000 -0.014894 0.064752 0.997790 0.000000 0.000000 0.000000 0.000000 1.000000
0.999893 -0.004030 0.014046 0.000000 0.004918 0.997954 -0.063751 11.377000 -0.013760 0.063814 0.997867 0.000000 0.000000 0.000000 0.000000 1.000000
0.999895 -0.006075 0.013135 0.000000 0.006885 0.998021 -0.062510 11.377000 -0.012729 0.062593 0.997958 -0.000000 0.000000 0.000000 0.000000 1.000000</float_array>
        <technique_common>
          <accessor source="#mixamorig_Spine1-Matrix-animation-output-transform-array" count="67" stride="16">
            <param type="float4x4"/>
          </accessor>
        </technique_common>
      </source>
      <source id="mixamorig_Spine1-Interpolations">
        <Name_array id="mixamorig_Spine1-Interpolations-array" count="67">
 LINEAR LINEAR LINEAR LINEAR LINEAR LINEAR LINEAR LINEAR LINEAR LINEAR LINEAR
LINEAR LINEAR LINEAR LINEAR LINEAR LINEAR LINEAR LINEAR LINEAR LINEAR LINEAR LINEAR
LINEAR LINEAR LINEAR LINEAR LINEAR LINEAR LINEAR LINEAR LINEAR LINEAR LINEAR LINEAR
LINEAR LINEAR LINEAR LINEAR LINEAR LINEAR LINEAR LINEAR LINEAR LINEAR LINEAR LINEAR
LINEAR LINEAR LINEAR LINEAR LINEAR LINEAR LINEAR LINEAR LINEAR LINEAR LINEAR LINEAR
LINEAR LINEAR LINEAR LINEAR LINEAR LINEAR LINEAR LINEAR</Name_array>
        <technique_common>
          <accessor source="#mixamorig_Spine1-Interpolations-array" count="67">
            <param type="name"/>
          </accessor>
        </technique_common>
      </source>
      <sampler id="mixamorig_Spine1-Matrix-animation-transform">
        <input semantic="INPUT" source="#mixamorig_Spine1-Matrix-animation-input"/>
        <input semantic="OUTPUT" source="#mixamorig_Spine1-Matrix-animation-output-transform"/>
        <input semantic="INTERPOLATION" source="#mixamorig_Spine1-Interpolations"/>
      </sampler>
      <channel source="#mixamorig_Spine1-Matrix-animation-transform" target="mixamorig_Spine1/matrix"/>
    </animation>
    <animation id="mixamorig_Spine2-anim" name="mixamorig_Spine2">
      <source id="mixamorig_Spine2-Matrix-animation-input">
        <float_array id="mixamorig_Spine2-Matrix-animation-input-array" count="67">

0.000000 0.033333 0.066667 0.100000 0.133333 0.166667 0.200000 0.233333 0.266667 0.300000 0.333333 0.366667 0.400000 0.433333 0.466667 0.500000
0.533333 0.566667 0.600000 0.633333 0.666667 0.700000 0.733333 0.766667 0.800000 0.833333 0.866667 0.900000 0.933333 0.966667 1.000000 1.033333
1.066667 1.100000 1.133333 1.166667 1.200000 1.233333 1.266667 1.300000 1.333333 1.366667 1.400000 1.433333 1.466667 1.500000 1.533333 1.566667
1.600000 1.633333 1.666667 1.700000 1.733333 1.766667 1.800000 1.833333 1.866667 1.900000 1.933333 1.966667 2.000000 2.033333 2.066667 2.100000
2.133333 2.166667 2.200000</float_array>
        <technique_common>
          <accessor source="#mixamorig_Spine2-Matrix-animation-input-array" count="67">
            <param name="TIME" type="float"/>
          </accessor>
        </technique_common>
      </source>
      <source id="mixamorig_Spine2-Matrix-animation-output-transform">
        <float_array id="mixamorig_Spine2-Matrix-animation-output-transform-array" count="1072">

