<?xml version="1.0" encoding="utf-8"?>
<COLLADA xmlns="http://www.collada.org/2005/11/COLLADASchema" version="1.4.1">
  <asset>
    <contributor>
      <author>Mixamo</author>
      <authoring_tool>COLLADA Mixamo exporter</authoring_tool>
      <comments/>
    </contributor>
    <created>2024-12-12T06:18:55Z</created>
    <modified>2024-12-12T06:18:55Z</modified>
    <revision/>
    <title/>
    <unit meter="0.010000"/>
    <up_axis>Y_UP</up_axis>
  </asset>
  <library_animations>
    <animation id="mixamorig_Hips-anim" name="mixamorig_Hips">
      <source id="mixamorig_Hips-Matrix-animation-input">
        <float_array id="mixamorig_Hips-Matrix-animation-input-array" count="27">

0.000000 0.033333 0.066667 0.100000 0.133333 0.166667 0.200000 0.233333 0.266667 0.300000 0.333333 0.366667 0.400000 0.433333 0.466667 0.500000
0.533333 0.566667 0.600000 0.633333 0.666667 0.700000 0.733333 0.766667 0.800000 0.833333 0.866667</float_array>
        <technique_common>
          <accessor source="#mixamorig_Hips-Matrix-animation-input-array" count="27">
            <param name="TIME" type="float"/>
          </accessor>
        </technique_common>
      </source>
      <source id="mixamorig_Hips-Matrix-animation-output-transform">
        <float_array id="mixamorig_Hips-Matrix-animation-output-transform-array" count="432">

0.877041 -0.046450 -0.478165 -2.216599 -0.023926 0.989857 -0.140041 80.391373 0.479820 0.134262 0.867033 2.702143 0.000000 0.000000 0.000000 1.000000
0.887539 -0.043654 -0.458661 -2.135523 -0.027166 0.988811 -0.146681 80.100945 0.459932 0.142645 0.876422 2.556823 0.000000 0.000000 0.000000 1.000000
0.911323 -0.037829 -0.409950 -1.977320 -0.028004 0.987767 -0.153403 79.752655 0.410738 0.151281 0.899115 2.605152 0.000000 0.000000 0.000000 1.000000
0.955537 -0.025794 -0.293739 -1.707707 -0.022505 0.986881 -0.159870 79.241219 0.294010 0.159372 0.942422 3.018892 0.000000 0.000000 0.000000 1.000000
0.994434 -0.007761 -0.105078 -1.354005 -0.009561 0.986523 -0.163341 78.580666 0.104930 0.163436 0.980958 3.661696 0.000000 0.000000 0.000000 1.000000
0.995690 0.010891 0.092102 -0.680341 0.004133 0.986884 -0.161376 78.098549 -0.092652 0.161062 0.982586 4.339119 0.000000 0.000000 0.000000 1.000000
0.965040 0.028220 0.260579 -0.027160 0.012773 0.987942 -0.154296 77.771881 -0.261791 0.152230 0.953043 5.049338 0.000000 0.000000 0.000000 1.000000
0.927531 0.036477 0.371963 0.389307 0.018812 0.989408 -0.143937 77.336243 -0.373273 0.140503 0.917020 5.484084 0.000000 0.000000 0.000000 1.000000
0.905389 0.034141 0.423208 0.636671 0.024674 0.990847 -0.132718 77.077576 -0.423865 0.130604 0.896259 5.665462 0.000000 0.000000 0.000000 1.000000
0.900900 0.026538 0.433215 0.749677 0.029838 0.991981 -0.122818 77.100540 -0.433000 0.123573 0.892883 5.725359 0.000000 0.000000 0.000000 1.000000
0.903317 0.019408 0.428534 0.724659 0.033302 0.992789 -0.115160 77.217163 -0.427678 0.118297 0.896157 5.735701 0.000000 0.000000 0.000000 1.000000
0.904377 0.016555 0.426413 0.584807 0.033690 0.993358 -0.110020 77.265266 -0.425403 0.113866 0.897812 5.774310 0.000000 0.000000 0.000000 1.000000
0.904617 0.018720 0.425815 0.399823 0.030379 0.993662 -0.108222 77.257599 -0.425142 0.110835 0.898315 5.900886 0.000000 0.000000 0.000000 1.000000
0.910043 0.023596 0.413842 0.240624 0.024311 0.993622 -0.110113 77.277328 -0.413801 0.110269 0.903664 6.092829 0.000000 0.000000 0.000000 1.000000
0.924954 0.027160 0.379107 0.142860 0.017699 0.993284 -0.114341 77.384033 -0.379666 0.112470 0.918261 6.240780 0.000000 0.000000 0.000000 1.000000
0.947315 0.026234 0.319227 0.097041 0.012649 0.992799 -0.119122 77.604393 -0.320053 0.116884 0.940162 6.252230 0.000000 0.000000 0.000000 1.000000
0.970678 0.020951 0.239467 0.091333 0.009158 0.992248 -0.123932 77.954666 -0.240208 0.122491 0.962962 6.149225 0.000000 0.000000 0.000000 1.000000
0.988826 0.013853 0.148428 0.162828 0.005472 0.991629 -0.129003 78.543610 -0.148972 0.128374 0.980473 6.017514 0.000000 0.000000 0.000000 1.000000
0.998493 0.007566 0.054348 0.347754 -0.000232 0.991020 -0.133715 79.372391 -0.054871 0.133501 0.989528 5.988674 0.000000 0.000000 0.000000 1.000000
0.999364 0.000158 -0.035656 0.408730 -0.005014 0.990678 -0.136129 80.097466 0.035302 0.136222 0.990049 5.981912 0.000000 0.000000 0.000000 1.000000
0.993029 -0.010387 -0.117408 0.138422 -0.005529 0.990908 -0.134426 80.359734 0.117737 0.134138 0.983944 5.757549 0.000000 0.000000 0.000000 1.000000
0.981132 -0.021527 -0.192136 -0.512182 -0.003559 0.991602 -0.129277 80.269119 0.193306 0.127522 0.972816 5.265299 0.000000 0.000000 0.000000 1.000000
0.963020 -0.029778 -0.267778 -0.979450 -0.003925 0.992218 -0.124453 80.474861 0.269400 0.120902 0.955409 4.892521 0.000000 0.000000 0.000000 1.000000
0.935268 -0.036615 -0.352041 -1.488670 -0.007742 0.992280 -0.123773 80.674339 0.353855 0.118487 0.927765 4.308527 0.000000 0.000000 0.000000 1.000000
0.896116 -0.044237 -0.441611 -2.026741 -0.013879 0.991740 -0.127509 80.783852 0.443604 0.120392 0.888100 3.509757 0.000000 0.000000 0.000000 1.000000
0.881518 -0.046357 -0.469870 -2.184797 -0.019081 0.990858 -0.133554 80.621437 0.471766 0.126695 0.872574 3.042914 0.000000 0.000000 0.000000 1.000000
0.877041 -0.046450 -0.478165 -2.216606 -0.023926 0.989857 -0.140041 80.391357 0.479820 0.134262 0.867033 2.702138 0.000000 0.000000 0.000000 1.000000</float_array>
        <technique_common>
          <accessor source="#mixamorig_Hips-Matrix-animation-output-transform-array" count="27" stride="16">
            <param type="float4x4"/>
          </accessor>
        </technique_common>
      </source>
      <source id="mixamorig_Hips-Interpolations">
        <Name_array id="mixamorig_Hips-Interpolations-array" count="27">
 LINEAR LINEAR LINEAR LINEAR LINEAR LINEAR LINEAR LINEAR LINEAR LINEAR LINEAR
LINEAR LINEAR LINEAR LINEAR LINEAR LINEAR LINEAR LINEAR LINEAR LINEAR LINEAR LINEAR
LINEAR LINEAR LINEAR LINEAR</Name_array>
        <technique_common>
          <accessor source="#mixamorig_Hips-Interpolations-array" count="27">
            <param type="name"/>
          </accessor>
        </technique_common>
      </source>
      <sampler id="mixamorig_Hips-Matrix-animation-transform">
        <input semantic="INPUT" source="#mixamorig_Hips-Matrix-animation-input"/>
        <input semantic="OUTPUT" source="#mixamorig_Hips-Matrix-animation-output-transform"/>
        <input semantic="INTERPOLATION" source="#mixamorig_Hips-Interpolations"/>
      </sampler>
      <channel source="#mixamorig_Hips-Matrix-animation-transform" target="mixamorig_Hips/matrix"/>
    </animation>
    <animation id="mixamorig_Spine-anim" name="mixamorig_Spine">
      <source id="mixamorig_Spine-Matrix-animation-input">
        <float_array id="mixamorig_Spine-Matrix-animation-input-array" count="27">

0.000000 0.033333 0.066667 0.100000 0.133333 0.166667 0.200000 0.233333 0.266667 0.300000 0.333333 0.366667 0.400000 0.433333 0.466667 0.500000
0.533333 0.566667 0.600000 0.633333 0.666667 0.700000 0.733333 0.766667 0.800000 0.833333 0.866667</float_array>
        <technique_common>
          <accessor source="#mixamorig_Spine-Matrix-animation-input-array" count="27">
            <param name="TIME" type="float"/>
          </accessor>
        </technique_common>
      </source>
      <source id="mixamorig_Spine-Matrix-animation-output-transform">
        <float_array id="mixamorig_Spine-Matrix-animation-output-transform-array" count="432">

0.999832 0.014889 -0.010723 0.000000 -0.013781 0.995201 0.096874 10.528800 0.012113 -0.096710 0.995239 -0.610600 0.000000 0.000000 0.000000 1.000000
0.999787 0.013290 -0.015771 -0.000000 -0.011719 0.995332 0.095796 10.528800 0.016970 -0.095591 0.995276 -0.610600 0.000000 0.000000 0.000000 1.000000
0.999750 0.008739 -0.020585 0.000000 -0.006750 0.995476 0.094771 10.528800 0.021320 -0.094608 0.995286 -0.610600 0.000000 0.000000 0.000000 1.000000
0.999699 -0.001922 -0.024453 0.000000 0.004237 0.995472 0.094958 10.528800 0.024160 -0.095033 0.995181 -0.610600 0.000000 0.000000 0.000000 1.000000
0.999544 -0.019262 -0.023272 0.000000 0.021448 0.994989 0.097659 10.528800 0.021274 -0.098114 0.994948 -0.610600 0.000000 0.000000 0.000000 1.000000
0.999191 -0.036918 -0.015923 0.000000 0.038346 0.994104 0.101426 10.528800 0.012085 -0.101954 0.994716 -0.610600 0.000000 0.000000 0.000000 1.000000
0.998524 -0.054070 -0.005159 -0.000000 0.054313 0.992991 0.104975 10.528800 -0.000553 -0.105100 0.994462 -0.610600 0.000000 0.000000 0.000000 1.000000
0.997822 -0.065590 0.007083 0.000000 0.064453 0.992124 0.107409 10.528800 -0.014073 -0.106718 0.994190 -0.610600 0.000000 0.000000 0.000000 1.000000
0.997331 -0.070718 0.018168 0.000000 0.068348 0.991757 0.108381 10.528800 -0.025683 -0.106850 0.993943 -0.610600 0.000000 0.000000 0.000000 1.000000
0.997009 -0.072635 0.026391 0.000000 0.069390 0.991724 0.108022 10.528800 -0.034019 -0.105867 0.993798 -0.610600 0.000000 0.000000 0.000000 1.000000
0.996860 -0.072636 0.031533 0.000000 0.068902 0.991909 0.106625 10.528800 -0.039023 -0.104118 0.993799 -0.610600 0.000000 0.000000 0.000000 1.000000
0.996932 -0.070675 0.033624 0.000000 0.066809 0.992248 0.104788 10.528800 -0.040770 -0.102220 0.993926 -0.610600 0.000000 0.000000 0.000000 1.000000
0.997233 -0.066872 0.032462 -0.000000 0.063198 0.992632 0.103380 10.528800 -0.039136 -0.101043 0.994112 -0.610600 0.000000 0.000000 0.000000 1.000000
0.997665 -0.062126 0.028362 0.000000 0.058908 0.992948 0.102884 10.528800 -0.034554 -0.100973 0.994289 -0.610600 0.000000 0.000000 0.000000 1.000000
0.998103 -0.057127 0.022943 -0.000000 0.054483 0.993207 0.102819 10.528800 -0.028661 -0.101374 0.994435 -0.610600 0.000000 0.000000 0.000000 1.000000
0.998506 -0.051497 0.018290 -0.000000 0.049368 0.993536 0.102216 10.528800 -0.023435 -0.101161 0.994594 -0.610600 0.000000 0.000000 0.000000 1.000000
0.998874 -0.044908 0.015322 0.000000 0.043142 0.993975 0.100756 10.528800 -0.019754 -0.099982 0.994793 -0.610600 0.000000 0.000000 0.000000 1.000000
0.999203 -0.037765 0.012937 -0.000000 0.036299 0.994405 0.099202 10.528800 -0.016611 -0.098653 0.994983 -0.610600 0.000000 0.000000 0.000000 1.000000
0.999459 -0.031340 0.009965 -0.000000 0.030208 0.994677 0.098515 10.528800 -0.012999 -0.098161 0.995086 -0.610600 0.000000 0.000000 0.000000 1.000000
0.999692 -0.023915 0.006581 0.000000 0.023149 0.994836 0.098825 10.528800 -0.008910 -0.098642 0.995083 -0.610600 0.000000 0.000000 0.000000 1.000000
0.999887 -0.014466 0.003998 0.000000 0.013996 0.994929 0.099601 10.528800 -0.005418 -0.099534 0.995019 -0.610600 0.000000 0.000000 0.000000 1.000000
0.999984 -0.005162 0.002509 0.000000 0.004885 0.994961 0.100144 10.528800 -0.003013 -0.100130 0.994970 -0.610600 0.000000 0.000000 0.000000 1.000000
0.999998 0.001500 0.001570 -0.000000 -0.001649 0.994976 0.100097 10.528800 -0.001412 -0.100099 0.994976 -0.610600 0.000000 0.000000 0.000000 1.000000
0.999977 0.006737 0.000354 0.000000 -0.006739 0.995012 0.099527 10.528800 0.000319 -0.099527 0.995035 -0.610600 0.000000 0.000000 0.000000 1.000000
0.999925 0.012195 -0.001457 0.000000 -0.011992 0.995051 0.098639 10.528800 0.002653 -0.098614 0.995122 -0.610600 0.000000 0.000000 0.000000 1.000000
0.999883 0.014136 -0.005844 0.000000 -0.013497 0.995118 0.097765 10.528800 0.007198 -0.097674 0.995192 -0.610600 0.000000 0.000000 0.000000 1.000000
0.999832 0.014889 -0.010723 0.000000 -0.013781 0.995201 0.096874 10.528800 0.012114 -0.096710 0.995239 -0.610600 0.000000 0.000000 0.000000 1.000000</float_array>
        <technique_common>
          <accessor source="#mixamorig_Spine-Matrix-animation-output-transform-array" count="27" stride="16">
            <param type="float4x4"/>
          </accessor>
        </technique_common>
      </source>
      <source id="mixamorig_Spine-Interpolations">
        <Name_array id="mixamorig_Spine-Interpolations-array" count="27">
 LINEAR LINEAR LINEAR LINEAR LINEAR LINEAR LINEAR LINEAR LINEAR LINEAR LINEAR
LINEAR LINEAR LINEAR LINEAR LINEAR LINEAR LINEAR LINEAR LINEAR LINEAR LINEAR LINEAR
LINEAR LINEAR LINEAR LINEAR</Name_array>
        <technique_common>
          <accessor source="#mixamorig_Spine-Interpolations-array" count="27">
            <param type="name"/>
          </accessor>
        </technique_common>
      </source>
      <sampler id="mixamorig_Spine-Matrix-animation-transform">
        <input semantic="INPUT" source="#mixamorig_Spine-Matrix-animation-input"/>
        <input semantic="OUTPUT" source="#mixamorig_Spine-Matrix-animation-output-transform"/>
        <input semantic="INTERPOLATION" source="#mixamorig_Spine-Interpolations"/>
      </sampler>
      <channel source="#mixamorig_Spine-Matrix-animation-transform" target="mixamorig_Spine/matrix"/>
    </animation>
    <animation id="mixamorig_Spine1-anim" name="mixamorig_Spine1">
      <source id="mixamorig_Spine1-Matrix-animation-input">
        <float_array id="mixamorig_Spine1-Matrix-animation-input-array" count="27">

0.000000 0.033333 0.066667 0.100000 0.133333 0.166667 0.200000 0.233333 0.266667 0.300000 0.333333 0.366667 0.400000 0.433333 0.466667 0.500000
0.533333 0.566667 0.600000 0.633333 0.666667 0.700000 0.733333 0.766667 0.800000 0.833333 0.866667</float_array>
        <technique_common>
          <accessor source="#mixamorig_Spine1-Matrix-animation-input-array" count="27">
            <param name="TIME" type="float"/>
          </accessor>
        </technique_common>
      </source>
      <source id="mixamorig_Spine1-Matrix-animation-output-transform">
        <float_array id="mixamorig_Spine1-Matrix-animation-output-transform-array" count="432">

0.999900 -0.009839 -0.010118 0.000000 0.010121 0.999550 0.028235 11.377000 0.009836 -0.028335 0.999550 0.000000 0.000000 0.000000 0.000000 1.000000
0.999752 -0.011206 -0.019238 0.000000 0.011701 0.999599 0.025772 11.377000 0.018942 -0.025990 0.999483 -0.000000 0.000000 0.000000 0.000000 1.000000
0.999533 -0.013413 -0.027447 0.000000 0.014075 0.999611 0.024071 11.377000 0.027114 -0.024446 0.999333 0.000000 0.000000 0.000000 0.000000 1.000000
0.999331 -0.017772 -0.031978 0.000000 0.018572 0.999518 0.024880 11.377000 0.031521 -0.025457 0.999179 0.000000 0.000000 0.000000 0.000000 1.000000
0.999243 -0.025819 -0.029117 0.000000 0.026670 0.999217 0.029237 11.377000 0.028339 -0.029991 0.999148 0.000000 0.000000 0.000000 0.000000 1.000000
0.999152 -0.036686 -0.018675 0.000000 0.037321 0.998696 0.034838 11.377000 0.017372 -0.035506 0.999218 0.000000 0.000000 0.000000 0.000000 1.000000
0.998832 -0.048293 -0.001491 0.000000 0.048314 0.998057 0.039344 11.377000 -0.000411 -0.039370 0.999225 0.000000 0.000000 0.000000 0.000000 1.000000
0.998124 -0.057866 0.019985 -0.000000 0.056992 0.997498 0.041824 11.377000 -0.022355 -0.040606 0.998925 0.000000 0.000000 0.000000 0.000000 1.000000
0.997067 -0.064102 0.041814 0.000000 0.062326 0.997152 0.042473 11.377000 -0.044418 -0.039743 0.998222 0.000000 0.000000 0.000000 0.000000 1.000000
0.995913 -0.067473 0.060048 0.000000 0.065047 0.997020 0.041479 11.377000 -0.062667 -0.037403 0.997333 0.000000 0.000000 0.000000 0.000000 1.000000
0.995031 -0.068479 0.072276 0.000000 0.065799 0.997077 0.038837 11.377000 -0.074724 -0.033888 0.996628 0.000000 0.000000 0.000000 0.000000 1.000000
0.994736 -0.066827 0.077687 -0.000000 0.064242 0.997309 0.035315 11.377000 -0.079838 -0.030138 0.996352 0.000000 0.000000 0.000000 0.000000 1.000000
0.995119 -0.062346 0.076493 0.000000 0.060002 0.997667 0.032576 11.377000 -0.078345 -0.027828 0.996538 0.000000 0.000000 0.000000 0.000000 1.000000
0.995964 -0.056091 0.070071 0.000000 0.053977 0.998038 0.031716 11.377000 -0.071713 -0.027806 0.997038 0.000000 0.000000 0.000000 0.000000 1.000000
0.996878 -0.049788 0.061279 -0.000000 0.047893 0.998339 0.032017 11.377000 -0.062771 -0.028982 0.997607 0.000000 0.000000 0.000000 0.000000 1.000000
0.997593 -0.044335 0.053321 0.000000 0.042680 0.998583 0.031786 11.377000 -0.054655 -0.029433 0.998071 -0.000000 0.000000 0.000000 0.000000 1.000000
0.998090 -0.039386 0.047589 0.000000 0.037966 0.998817 0.030392 11.377000 -0.048730 -0.028528 0.998405 0.000000 0.000000 0.000000 0.000000 1.000000
0.998496 -0.034266 0.042786 0.000000 0.033043 0.999034 0.028983 11.377000 -0.043737 -0.027526 0.998664 0.000000 0.000000 0.000000 0.000000 1.000000
0.998918 -0.028605 0.036668 0.000000 0.027547 0.999199 0.029039 11.377000 -0.037470 -0.027998 0.998905 0.000000 0.000000 0.000000 0.000000 1.000000
0.999332 -0.022419 0.028864 0.000000 0.021529 0.999294 0.030778 11.377000 -0.029534 -0.030136 0.999109 -0.000000 0.000000 0.000000 0.000000 1.000000
0.999631 -0.016520 0.021577 0.000000 0.015799 0.999324 0.033181 11.377000 -0.022111 -0.032827 0.999216 0.000000 0.000000 0.000000 0.000000 1.000000
0.999782 -0.011983 0.017072 0.000000 0.011381 0.999326 0.034914 11.377000 -0.017479 -0.034713 0.999244 0.000000 0.000000 0.000000 0.000000 1.000000
0.999847 -0.009391 0.014726 -0.000000 0.008866 0.999337 0.035324 11.377000 -0.015048 -0.035188 0.999267 -0.000000 0.000000 0.000000 0.000000 1.000000
0.999893 -0.008584 0.011819 0.000000 0.008171 0.999368 0.034595 11.377000 -0.012108 -0.034495 0.999332 -0.000000 0.000000 0.000000 0.000000 1.000000
0.999940 -0.008544 0.006927 0.000000 0.008309 0.999414 0.033204 11.377000 -0.007207 -0.033145 0.999425 -0.000000 0.000000 0.000000 0.000000 1.000000
0.999959 -0.009050 -0.001033 0.000000 0.009077 0.999481 0.030921 11.377000 0.000752 -0.030929 0.999521 -0.000000 0.000000 0.000000 0.000000 1.000000
0.999900 -0.009839 -0.010118 -0.000000 0.010121 0.999550 0.028235 11.377000 0.009836 -0.028335 0.999550 -0.000000 0.000000 0.000000 0.000000 1.000000</float_array>
        <technique_common>
          <accessor source="#mixamorig_Spine1-Matrix-animation-output-transform-array" count="27" stride="16">
            <param type="float4x4"/>
          </accessor>
        </technique_common>
      </source>
      <source id="mixamorig_Spine1-Interpolations">
        <Name_array id="mixamorig_Spine1-Interpolations-array" count="27">
 LINEAR LINEAR LINEAR LINEAR LINEAR LINEAR LINEAR LINEAR LINEAR LINEAR LINEAR
LINEAR LINEAR LINEAR LINEAR LINEAR LINEAR LINEAR LINEAR LINEAR LINEAR LINEAR LINEAR
LINEAR LINEAR LINEAR LINEAR</Name_array>
        <technique_common>
          <accessor source="#mixamorig_Spine1-Interpolations-array" count="27">
            <param type="name"/>
          </accessor>
        </technique_common>
      </source>
      <sampler id="mixamorig_Spine1-Matrix-animation-transform">
        <input semantic="INPUT" source="#mixamorig_Spine1-Matrix-animation-input"/>
        <input semantic="OUTPUT" source="#mixamorig_Spine1-Matrix-animation-output-transform"/>
        <input semantic="INTERPOLATION" source="#mixamorig_Spine1-Interpolations"/>
      </sampler>
      <channel source="#mixamorig_Spine1-Matrix-animation-transform" target="mixamorig_Spine1/matrix"/>
    </animation>
    <animation id="mixamorig_Spine2-anim" name="mixamorig_Spine2">
      <source id="mixamorig_Spine2-Matrix-animation-input">
        <float_array id="mixamorig_Spine2-Matrix-animation-input-array" count="27">

0.000000 0.033333 0.066667 0.100000 0.133333 0.166667 0.200000 0.233333 0.266667 0.300000 0.333333 0.366667 0.400000 0.433333 0.466667 0.500000
0.533333 0.566667 0.600000 0.633333 0.666667 0.700000 0.733333 0.766667 0.800000 0.833333 0.866667</float_array>
        <technique_common>
          <accessor source="#mixamorig_Spine2-Matrix-animation-input-array" count="27">
            <param name="TIME" type="float"/>
          </accessor>
        </technique_common>
      </source>
      <source id="mixamorig_Spine2-Matrix-animation-output-transform">
        <float_array id="mixamorig_Spine2-Matrix-animation-output-transform-array" count="432">

0.999896 -0.009105 -0.011218 -0.000000 0.009360 0.999693 0.022961 14.062000 0.011006 -0.023064 0.999673 -0.000000 0.000000 0.000000 0.000000 1.000000
0.999745 -0.009651 -0.020417 -0.000000 0.010069 0.999739 0.020501 14.062000 0.020214 -0.020701 0.999581 0.000000 0.000000 0.000000 0.000000 1.000000
0.999526 -0.011103 -0.028697 -0.000000 0.011644 0.999756 0.018762 14.062000 0.028482 -0.019087 0.999412 0.000000 0.000000 0.000000 0.000000 1.000000
0.999330 -0.015095 -0.033344 0.000000 0.015752 0.999685 0.019533 14.062000 0.033038 -0.020045 0.999253 0.000000 0.000000 0.000000 0.000000 1.000000
0.999249 -0.023460 -0.030840 0.000000 0.024199 0.999424 0.023808 14.062000 0.030264 -0.024537 0.999241 -0.000000 0.000000 0.000000 0.000000 1.000000
0.999158 -0.035226 -0.021051 0.000000 0.035837 0.998926 0.029365 14.062000 0.019994 -0.030095 0.999347 0.000000 0.000000 0.000000 0.000000 1.000000
0.998829 -0.048146 -0.004680 -0.000000 0.048277 0.998258 0.033928 14.062000 0.003039 -0.034114 0.999413 0.000000 0.000000 0.000000 0.000000 1.000000
0.998113 -0.059261 0.016069 -0.000000 0.058642 0.997608 0.036597 14.062000 -0.018199 -0.035586 0.999201 0.000000 0.000000 0.000000 0.000000 1.000000
0.997049 -0.067032 0.037424 -0.000000 0.065630 0.997138 0.037518 14.062000 -0.039832 -0.034951 0.998595 0.000000 0.000000 0.000000 0.000000 1.000000
0.995884 -0.071690 0.055458 -0.000000 0.069715 0.996889 0.036774 14.062000 -0.057922 -0.032756 0.997784 0.000000 0.000000 0.000000 0.000000 1.000000
0.994988 -0.073578 0.067716 0.000000 0.071383 0.996860 0.034279 14.062000 -0.070025 -0.029273 0.997116 0.000000 0.000000 0.000000 0.000000 1.000000
0.994680 -0.072336 0.073339 -0.000000 0.070238 0.997055 0.030794 14.062000 -0.075351 -0.025479 0.996832 0.000000 0.000000 0.000000 0.000000 1.000000
0.995063 -0.067795 0.072485 0.000000 0.065913 0.997431 0.028044 14.062000 -0.074200 -0.023128 0.996975 0.000000 0.000000 0.000000 0.000000 1.000000
0.995916 -0.061101 0.066465 0.000000 0.059408 0.997864 0.027170 14.062000 -0.067983 -0.023111 0.997419 0.000000 0.000000 0.000000 0.000000 1.000000
0.996840 -0.054195 0.058073 0.000000 0.052671 0.998235 0.027446 14.062000 -0.059458 -0.024300 0.997935 0.000000 0.000000 0.000000 0.000000 1.000000
0.997561 -0.048216 0.050477 0.000000 0.046889 0.998531 0.027146 14.062000 -0.051712 -0.024713 0.998356 0.000000 0.000000 0.000000 0.000000 1.000000
0.998062 -0.042916 0.045067 0.000000 0.041790 0.998797 0.025641 14.062000 -0.046113 -0.023708 0.998655 0.000000 0.000000 0.000000 0.000000 1.000000
0.998473 -0.037501 0.040572 0.000000 0.036543 0.999041 0.024105 14.062000 -0.041437 -0.022586 0.998886 -0.000000 0.000000 0.000000 0.000000 1.000000
0.998901 -0.031418 0.034786 -0.000000 0.030592 0.999243 0.024035 14.062000 -0.035514 -0.022945 0.999106 -0.000000 0.000000 0.000000 0.000000 1.000000
0.999322 -0.024656 0.027355 0.000000 0.023956 0.999384 0.025650 14.062000 -0.027971 -0.024977 0.999297 0.000000 0.000000 0.000000 0.000000 1.000000
0.999625 -0.018202 0.020444 0.000000 0.017627 0.999454 0.027950 14.062000 -0.020941 -0.027579 0.999400 -0.000000 0.000000 0.000000 0.000000 1.000000
0.999780 -0.013315 0.016219 0.000000 0.012831 0.999479 0.029621 14.062000 -0.016605 -0.029406 0.999430 0.000000 0.000000 0.000000 0.000000 1.000000
0.999847 -0.010547 0.013986 0.000000 0.010123 0.999499 0.030004 14.062000 -0.014296 -0.029857 0.999452 0.000000 0.000000 0.000000 0.000000 1.000000
0.999894 -0.009539 0.011041 -0.000000 0.009212 0.999529 0.029271 14.062000 -0.011315 -0.029166 0.999511 -0.000000 0.000000 0.000000 0.000000 1.000000
0.999940 -0.009165 0.006038 0.000000 0.008994 0.999571 0.027883 14.062000 -0.006291 -0.027827 0.999593 0.000000 0.000000 0.000000 0.000000 1.000000
0.999957 -0.009086 -0.002039 0.000000 0.009135 0.999630 0.025622 14.062000 0.001806 -0.025639 0.999670 0.000000 0.000000 0.000000 0.000000 1.000000
0.999896 -0.009105 -0.011218 0.000000 0.009360 0.999693 0.022961 14.062000 0.011006 -0.023064 0.999673 0.000000 0.000000 0.000000 0.000000 1.000000</float_array>
        <technique_common>
          <accessor source="#mixamorig_Spine2-Matrix-animation-output-transform-array" count="27" stride="16">
            <param type="float4x4"/>
          </accessor>
        </technique_common>
      </source>
      <source id="mixamorig_Spine2-Interpolations">
        <Name_array id="mixamorig_Spine2-Interpolations-array" count="27">
 LINEAR LINEAR LINEAR LINEAR LINEAR LINEAR LINEAR LINEAR LINEAR LINEAR LINEAR
LINEAR LINEAR LINEAR LINEAR LINEAR LINEAR LINEAR LINEAR LINEAR LINEAR LINEAR LINEAR
LINEAR LINEAR LINEAR LINEAR</Name_array>
        <technique_common>
          <accessor source="#mixamorig_Spine2-Interpolations-array" count="27">
            <param type="name"/>
          </accessor>
        </technique_common>
      </source>
      <sampler id="mixamorig_Spine2-Matrix-animation-transform">
        <input semantic="INPUT" source="#mixamorig_Spine2-Matrix-animation-input"/>
        <input semantic="OUTPUT" source="#mixamorig_Spine2-Matrix-animation-output-transform"/>
        <input semantic="INTERPOLATION" source="#mixamorig_Spine2-Interpolations"/>
      </sampler>
      <channel source="#mixamorig_Spine2-Matrix-animation-transform" target="mixamorig_Spine2/matrix"/>
    </animation>
    <animation id="mixamorig_Neck-anim" name="mixamorig_Neck">
      <source id="mixamorig_Neck-Matrix-animation-input">
        <float_array id="mixamorig_Neck-Matrix-animation-input-array" count="27">

0.000000 0.033333 0.066667 0.100000 0.133333 0.166667 0.200000 0.233333 0.266667 0.300000 0.333333 0.366667 0.400000 0.433333 0.466667 0.500000
0.533333 0.566667 0.600000 0.633333 0.666667 0.700000 0.733333 0.766667 0.800000 0.833333 0.866667</float_array>
        <technique_common>
          <accessor source="#mixamorig_Neck-Matrix-animation-input-array" count="27">
            <param name="TIME" type="float"/>
          </accessor>
        </technique_common>
      </source>
      <source id="mixamorig_Neck-Matrix-animation-output-transform">
        <float_array id="mixamorig_Neck-Matrix-animation-output-transform-array" count="432">

0.991839 0.092430 0.087821 0.000000 -0.074440 0.979020 -0.189682 10.523900 -0.103511 0.181596 0.977910 0.000000 0.000000 0.000000 0.000000 1.000000
0.992287 0.090417 0.084800 0.000000 -0.072967 0.979054 -0.190076 10.523900 -0.100210 0.182423 0.978100 0.000000 0.000000 0.000000 0.000000 1.000000
0.992831 0.089303 0.079444 0.000000 -0.072760 0.978877 -0.191063 10.523900 -0.094829 0.183913 0.978357 0.000000 0.000000 0.000000 0.000000 1.000000
0.993270 0.089332 0.073717 -0.000000 -0.073429 0.977916 -0.195676 10.523900 -0.089569 0.188946 0.977894 0.000000 0.000000 0.000000 0.000000 1.000000
0.993525 0.098034 0.057428 0.000000 -0.084746 0.976094 -0.200145 10.523900 -0.075676 0.193982 0.978082 0.000000 0.000000 0.000000 0.000000 1.000000
0.992782 0.112656 0.041138 0.000000 -0.102188 0.974130 -0.201563 10.523900 -0.062781 0.195904 0.978611 0.000000 0.000000 0.000000 0.000000 1.000000
0.991101 0.130154 0.027921 0.000000 -0.122013 0.972095 -0.200362 10.523900 -0.053220 0.195172 0.979324 0.000000 0.000000 0.000000 0.000000 1.000000
0.989213 0.145085 0.020219 -0.000000 -0.138233 0.970216 -0.198931 10.523900 -0.048479 0.193990 0.979805 0.000000 0.000000 0.000000 0.000000 1.000000
0.987964 0.153593 0.018363 0.000000 -0.146910 0.968825 -0.199489 10.523900 -0.048430 0.194390 0.979728 0.000000 0.000000 0.000000 0.000000 1.000000
0.987535 0.156081 0.020334 0.000000 -0.148851 0.968068 -0.201714 10.523900 -0.051169 0.196173 0.979233 -0.000000 0.000000 0.000000 0.000000 1.000000
0.987554 0.155543 0.023314 0.000000 -0.147651 0.967920 -0.203297 10.523900 -0.054187 0.197324 0.978840 0.000000 0.000000 0.000000 0.000000 1.000000
0.987751 0.153921 0.025629 0.000000 -0.145626 0.968306 -0.202921 10.523900 -0.056051 0.196703 0.978860 -0.000000 0.000000 0.000000 0.000000 1.000000
0.988159 0.150959 0.027435 -0.000000 -0.142436 0.969032 -0.201716 10.523900 -0.057036 0.195420 0.979060 0.000000 0.000000 0.000000 0.000000 1.000000
0.988825 0.146058 0.029873 -0.000000 -0.137175 0.969865 -0.201356 10.523900 -0.058383 0.195008 0.979063 0.000000 0.000000 0.000000 0.000000 1.000000
0.989597 0.139840 0.033815 0.000000 -0.130289 0.970761 -0.201615 10.523900 -0.061020 0.195112 0.978881 0.000000 0.000000 0.000000 0.000000 1.000000
0.990272 0.133481 0.039285 -0.000000 -0.123031 0.971861 -0.200872 10.523900 -0.064992 0.194085 0.978829 0.000000 0.000000 0.000000 0.000000 1.000000
0.990801 0.127379 0.045699 0.000000 -0.115945 0.973167 -0.198752 10.523900 -0.069789 0.191625 0.978984 0.000000 0.000000 0.000000 0.000000 1.000000
0.991268 0.121035 0.052323 0.000000 -0.108564 0.974349 -0.197122 10.523900 -0.074840 0.189720 0.978982 0.000000 0.000000 0.000000 0.000000 1.000000
0.991748 0.114031 0.058583 0.000000 -0.100417 0.975052 -0.197963 10.523900 -0.079695 0.190447 0.978457 0.000000 0.000000 0.000000 0.000000 1.000000
0.992184 0.106991 0.064223 0.000000 -0.092158 0.975256 -0.200956 10.523900 -0.084134 0.193466 0.977493 0.000000 0.000000 0.000000 0.000000 1.000000
0.992410 0.101550 0.069357 0.000000 -0.085549 0.975259 -0.203840 10.523900 -0.088341 0.196359 0.976544 0.000000 0.000000 0.000000 0.000000 1.000000
0.992314 0.098920 0.074349 -0.000000 -0.081904 0.975410 -0.204613 10.523900 -0.092761 0.196951 0.976015 0.000000 0.000000 0.000000 0.000000 1.000000
0.991961 0.098348 0.079636 0.000000 -0.080491 0.975937 -0.202651 10.523900 -0.097650 0.194612 0.976008 0.000000 0.000000 0.000000 0.000000 1.000000
0.991531 0.097744 0.085508 -0.000000 -0.079201 0.976929 -0.198335 10.523900 -0.102921 0.189883 0.976397 0.000000 0.000000 0.000000 0.000000 1.000000
0.991168 0.096003 0.091482 -0.000000 -0.076968 0.978240 -0.192673 10.523900 -0.107989 0.183930 0.976989 0.000000 0.000000 0.000000 0.000000 1.000000
0.991510 0.094818 0.088984 -0.000000 -0.076518 0.978740 -0.190295 10.523900 -0.105136 0.181870 0.977686 0.000000 0.000000 0.000000 0.000000 1.000000
0.991839 0.092430 0.087821 0.000000 -0.074440 0.979020 -0.189682 10.523900 -0.103511 0.181596 0.977910 0.000000 0.000000 0.000000 0.000000 1.000000</float_array>
        <technique_common>
          <accessor source="#mixamorig_Neck-Matrix-animation-output-transform-array" count="27" stride="16">
            <param type="float4x4"/>
          </accessor>
        </technique_common>
      </source>
      <source id="mixamorig_Neck-Interpolations">
        <Name_array id="mixamorig_Neck-Interpolations-array" count="27">
 LINEAR LINEAR LINEAR LINEAR LINEAR LINEAR LINEAR LINEAR LINEAR LINEAR LINEAR
LINEAR LINEAR LINEAR LINEAR LINEAR LINEAR LINEAR LINEAR LINEAR LINEAR LINEAR LINEAR
LINEAR LINEAR LINEAR LINEAR</Name_array>
        <technique_common>
          <accessor source="#mixamorig_Neck-Interpolations-array" count="27">
            <param type="name"/>
          </accessor>
        </technique_common>
      </source>
      <sampler id="mixamorig_Neck-Matrix-animation-transform">
        <input semantic="INPUT" source="#mixamorig_Neck-Matrix-animation-input"/>
        <input semantic="OUTPUT" source="#mixamorig_Neck-Matrix-animation-output-transform"/>
        <input semantic="INTERPOLATION" source="#mixamorig_Neck-Interpolations"/>
      </sampler>
      <channel source="#mixamorig_Neck-Matrix-animation-transform" target="mixamorig_Neck/matrix"/>
    </animation>
    <animation id="mixamorig_Head-anim" name="mixamorig_Head">
      <source id="mixamorig_Head-Matrix-animation-input">
        <float_array id="mixamorig_Head-Matrix-animation-input-array" count="27">

0.000000 0.033333 0.066667 0.100000 0.133333 0.166667 0.200000 0.233333 0.266667 0.300000 0.333333 0.366667 0.400000 0.433333 0.466667 0.500000
0.533333 0.566667 0.600000 0.633333 0.666667 0.700000 0.733333 0.766667 0.800000 0.833333 0.866667</float_array>
        <technique_common>
          <accessor source="#mixamorig_Head-Matrix-animation-input-array" count="27">
            <param name="TIME" type="float"/>
          </accessor>
        </technique_common>
      </source>
      <source id="mixamorig_Head-Matrix-animation-output-transform">
        <float_array id="mixamorig_Head-Matrix-animation-output-transform-array" count="432">

0.959102 0.170360 0.226057 -0.000000 -0.075091 0.923127 -0.377090 13.606700 -0.272920 0.344693 0.898165 1.762900 0.000000 0.000000 0.000000 1.000000
0.958964 0.177570 0.221035 0.000000 -0.085698 0.924659 -0.371027 13.606700 -0.270265 0.336860 0.901933 1.762900 0.000000 0.000000 0.000000 1.000000
0.964565 0.168648 0.202909 0.000000 -0.085560 0.927421 -0.364100 13.606700 -0.249587 0.333837 0.908988 1.762900 0.000000 0.000000 0.000000 1.000000
0.982110 0.117058 0.147506 -0.000000 -0.058173 0.933599 -0.353565 13.606700 -0.179099 0.338659 0.923707 1.762900 0.000000 0.000000 0.000000 1.000000
0.998430 0.018483 0.052880 0.000000 0.000589 0.940475 -0.339861 13.606700 -0.056014 0.339359 0.938988 1.762900 0.000000 0.000000 0.000000 1.000000
0.994536 -0.086338 -0.058679 -0.000000 0.062352 0.942124 -0.329417 13.606700 0.083724 0.323958 0.942360 1.762900 0.000000 0.000000 0.000000 1.000000
0.973326 -0.165048 -0.159357 0.000000 0.106222 0.939856 -0.324635 13.606700 0.203353 0.299049 0.932318 1.762900 0.000000 0.000000 0.000000 1.000000
0.953272 -0.201177 -0.225391 -0.000000 0.122149 0.938998 -0.321499 13.606700 0.276320 0.278945 0.919694 1.762900 0.000000 0.000000 0.000000 1.000000
0.946690 -0.201678 -0.251206 0.000000 0.116702 0.941524 -0.316091 13.606700 0.300265 0.269924 0.914867 1.762900 0.000000 0.000000 0.000000 1.000000
0.949922 -0.189437 -0.248519 0.000000 0.107385 0.944754 -0.309692 13.606700 0.293456 0.267496 0.917785 1.762900 0.000000 0.000000 0.000000 1.000000
0.953612 -0.187830 -0.235252 -0.000000 0.110476 0.945300 -0.306924 13.606700 0.280034 0.266697 0.922201 1.762900 0.000000 0.000000 0.000000 1.000000
0.953400 -0.204965 -0.221401 0.000000 0.129909 0.941190 -0.311904 13.606700 0.272310 0.268607 0.923958 1.762900 0.000000 0.000000 0.000000 1.000000
0.951608 -0.228708 -0.205268 0.000000 0.154537 0.933474 -0.323644 13.606700 0.265632 0.276260 0.923645 1.762900 0.000000 0.000000 0.000000 1.000000
0.953927 -0.238670 -0.181826 0.000000 0.168018 0.927000 -0.335323 13.606700 0.248584 0.289323 0.924391 1.762900 0.000000 0.000000 0.000000 1.000000
0.962843 -0.224687 -0.149832 -0.000000 0.162933 0.925754 -0.341222 13.606700 0.215376 0.304131 0.927964 1.762900 0.000000 0.000000 0.000000 1.000000
0.974830 -0.193119 -0.111407 0.000000 0.144838 0.928448 -0.342061 13.606700 0.169494 0.317315 0.933050 1.762900 0.000000 0.000000 0.000000 1.000000
0.985239 -0.156638 -0.069058 0.000000 0.124096 0.931408 -0.342167 13.606700 0.117917 0.328547 0.937098 1.762900 0.000000 0.000000 0.000000 1.000000
0.992283 -0.121555 -0.024483 0.000000 0.105769 0.932809 -0.344501 13.606700 0.064714 0.339253 0.938467 1.762900 0.000000 0.000000 0.000000 1.000000
0.996048 -0.086424 0.020476 0.000000 0.088118 0.932731 -0.349641 13.606700 0.011119 0.350063 0.936660 1.762900 0.000000 0.000000 0.000000 1.000000
0.996790 -0.049729 0.062739 0.000000 0.068961 0.931414 -0.357369 13.606700 -0.040664 0.360549 0.931853 1.762900 0.000000 0.000000 0.000000 1.000000
0.995015 -0.014559 0.098657 0.000000 0.049973 0.928910 -0.366919 13.606700 -0.086302 0.370020 0.925007 1.762900 0.000000 0.000000 0.000000 1.000000
0.991794 0.015834 0.126865 -0.000000 0.033340 0.925935 -0.376209 13.606700 -0.123425 0.377351 0.917808 1.762900 0.000000 0.000000 0.000000 1.000000
0.987553 0.044757 0.150783 0.000000 0.016576 0.923704 -0.382749 13.606700 -0.156409 0.380484 0.911465 1.762900 0.000000 0.000000 0.000000 1.000000
0.981119 0.079592 0.176269 -0.000000 -0.005577 0.922661 -0.385571 13.606700 -0.193325 0.377308 0.905684 1.762900 0.000000 0.000000 0.000000 1.000000
0.971070 0.121929 0.205320 0.000000 -0.034236 0.922023 -0.385618 13.606700 -0.236328 0.367433 0.899523 1.762900 0.000000 0.000000 0.000000 1.000000
0.963948 0.149866 0.219872 0.000000 -0.056263 0.922421 -0.382065 13.606700 -0.260073 0.355920 0.897598 1.762900 0.000000 0.000000 0.000000 1.000000
0.959102 0.170360 0.226057 -0.000000 -0.075091 0.923128 -0.377090 13.606700 -0.272920 0.344693 0.898166 1.762900 0.000000 0.000000 0.000000 1.000000</float_array>
        <technique_common>
          <accessor source="#mixamorig_Head-Matrix-animation-output-transform-array" count="27" stride="16">
            <param type="float4x4"/>
          </accessor>
        </technique_common>
      </source>
      <source id="mixamorig_Head-Interpolations">
        <Name_array id="mixamorig_Head-Interpolations-array" count="27">
 LINEAR LINEAR LINEAR LINEAR LINEAR LINEAR LINEAR LINEAR LINEAR LINEAR LINEAR
LINEAR LINEAR LINEAR LINEAR LINEAR LINEAR LINEAR LINEAR LINEAR LINEAR LINEAR LINEAR
LINEAR LINEAR LINEAR LINEAR</Name_array>
        <technique_common>
          <accessor source="#mixamorig_Head-Interpolations-array" count="27">
            <param type="name"/>
          </accessor>
        </technique_common>
      </source>
      <sampler id="mixamorig_Head-Matrix-animation-transform">
        <input semantic="INPUT" source="#mixamorig_Head-Matrix-animation-input"/>
        <input semantic="OUTPUT" source="#mixamorig_Head-Matrix-animation-output-transform"/>
        <input semantic="INTERPOLATION" source="#mixamorig_Head-Interpolations"/>
      </sampler>
      <channel source="#mixamorig_Head-Matrix-animation-transform" target="mixamorig_Head/matrix"/>
    </animation>
    <animation id="mixamorig_HeadTop_End-anim" name="mixamorig_HeadTop_End">
      <source id="mixamorig_HeadTop_End-Matrix-animation-input">
        <float_array id="mixamorig_HeadTop_End-Matrix-animation-input-array" count="27">

0.000000 0.033333 0.066667 0.100000 0.133333 0.166667 0.200000 0.233333 0.266667 0.300000 0.333333 0.366667 0.400000 0.433333 0.466667 0.500000
0.533333 0.566667 0.600000 0.633333 0.666667 0.700000 0.733333 0.766667 0.800000 0.833333 0.866667</float_array>
        <technique_common>
          <accessor source="#mixamorig_HeadTop_End-Matrix-animation-input-array" count="27">
            <param name="TIME" type="float"/>
          </accessor>
        </technique_common>
      </source>
      <source id="mixamorig_HeadTop_End-Matrix-animation-output-transform">
        <float_array id="mixamorig_HeadTop_End-Matrix-animation-output-transform-array" count="432">

1.000000 0.000000 -0.000000 0.000000 -0.000000 0.948237 0.317563 31.591200 -0.000000 -0.317563 0.948237 -0.362600 0.000000 0.000000 0.000000 1.000000
1.000000 0.000000 0.000000 0.000000 -0.000000 0.948237 0.317563 31.591200 -0.000000 -0.317563 0.948237 -0.362600 0.000000 0.000000 0.000000 1.000000
1.000000 -0.000000 -0.000000 -0.000000 0.000000 0.948237 0.317563 31.591200 0.000000 -0.317563 0.948237 -0.362600 0.000000 0.000000 0.000000 1.000000
1.000000 -0.000000 0.000000 0.000000 -0.000000 0.948237 0.317563 31.591200 0.000000 -0.317563 0.948237 -0.362600 0.000000 0.000000 0.000000 1.000000
1.000000 0.000000 0.000000 -0.000000 0.000000 0.948237 0.317563 31.591200 -0.000000 -0.317563 0.948237 -0.362600 0.000000 0.000000 0.000000 1.000000
1.000000 -0.000000 -0.000000 0.000000 -0.000000 0.948237 0.317563 31.591200 -0.000000 -0.317563 0.948237 -0.362600 0.000000 0.000000 0.000000 1.000000
1.000000 0.000000 0.000000 0.000000 0.000000 0.948237 0.317563 31.591200 0.000000 -0.317563 0.948237 -0.362600 0.000000 0.000000 0.000000 1.000000
1.000000 -0.000000 0.000000 0.000000 0.000000 0.948237 0.317563 31.591200 0.000000 -0.317563 0.948237 -0.362600 0.000000 0.000000 0.000000 1.000000
1.000000 -0.000000 -0.000000 -0.000000 0.000000 0.948237 0.317563 31.591200 0.000000 -0.317563 0.948237 -0.362600 0.000000 0.000000 0.000000 1.000000
1.000000 0.000000 -0.000000 0.000000 0.000000 0.948237 0.317563 31.591200 -0.000000 -0.317563 0.948237 -0.362600 0.000000 0.000000 0.000000 1.000000
1.000000 -0.000000 0.000000 -0.000000 0.000000 0.948237 0.317563 31.591200 0.000000 -0.317563 0.948237 -0.362600 0.000000 0.000000 0.000000 1.000000
1.000000 0.000000 -0.000000 0.000000 0.000000 0.948237 0.317563 31.591200 0.000000 -0.317563 0.948237 -0.362600 0.000000 0.000000 0.000000 1.000000
