<?xml version="1.0" encoding="utf-8"?>
<COLLADA xmlns="http://www.collada.org/2005/11/COLLADASchema" version="1.4.1">
  <asset>
    <contributor>
      <author>Mixamo</author>
      <authoring_tool>COLLADA Mixamo exporter</authoring_tool>
      <comments/>
    </contributor>
    <created>2024-11-20T10:07:55Z</created>
    <modified>2024-11-20T10:07:55Z</modified>
    <revision/>
    <title/>
    <unit meter="0.010000"/>
    <up_axis>Y_UP</up_axis>
  </asset>
  <library_animations>
    <animation id="mixamorig_Hips-anim" name="mixamorig_Hips">
      <source id="mixamorig_Hips-Matrix-animation-input">
        <float_array id="mixamorig_Hips-Matrix-animation-input-array" count="32">

0.000000 0.033333 0.066667 0.100000 0.133333 0.166667 0.200000 0.233333 0.266667 0.300000 0.333333 0.366667 0.400000 0.433333 0.466667 0.500000
0.533333 0.566667 0.600000 0.633333 0.666667 0.700000 0.733333 0.766667 0.800000 0.833333 0.866667 0.900000 0.933333 0.966667 1.000000 1.033333</float_array>
        <technique_common>
          <accessor source="#mixamorig_Hips-Matrix-animation-input-array" count="32">
            <param name="TIME" type="float"/>
          </accessor>
        </technique_common>
      </source>
      <source id="mixamorig_Hips-Matrix-animation-output-transform">
        <float_array id="mixamorig_Hips-Matrix-animation-output-transform-array" count="512">

0.839639 0.014914 -0.542940 -4.436356 -0.080974 0.991889 -0.097978 82.298447 0.537075 0.126231 0.834036 5.185716 0.000000 0.000000 0.000000 1.000000
0.842357 0.015710 -0.538691 -4.481391 -0.080257 0.992085 -0.096567 82.402336 0.532910 0.124578 0.836951 5.172074 0.000000 0.000000 0.000000 1.000000
0.847600 0.013531 -0.530463 -4.472787 -0.081699 0.991083 -0.105261 82.162109 0.524308 0.132557 0.841148 4.955712 0.000000 0.000000 0.000000 1.000000
0.853412 0.011040 -0.521121 -4.445309 -0.084238 0.989554 -0.116989 81.518265 0.514386 0.143738 0.845427 4.660460 0.000000 0.000000 0.000000 1.000000
0.860971 0.012390 -0.508503 -4.417360 -0.089298 0.987859 -0.127124 80.423050 0.500754 0.154859 0.851625 4.290467 0.000000 0.000000 0.000000 1.000000
0.871916 0.019017 -0.489286 -4.384050 -0.095702 0.986593 -0.132197 78.933472 0.480212 0.162090 0.862046 3.863224 0.000000 0.000000 0.000000 1.000000
0.884844 0.025599 -0.465184 -4.311149 -0.099255 0.985924 -0.134542 77.153023 0.455192 0.165221 0.874930 3.419247 0.000000 0.000000 0.000000 1.000000
0.893390 0.022914 -0.448697 -4.188324 -0.095922 0.985399 -0.140667 75.226524 0.438923 0.168711 0.882544 3.005214 0.000000 0.000000 0.000000 1.000000
0.888346 0.005464 -0.459142 -4.063461 -0.086159 0.984152 -0.154990 73.375595 0.451019 0.177244 0.874738 2.635259 0.000000 0.000000 0.000000 1.000000
0.860477 -0.024182 -0.508915 -3.989515 -0.076368 0.981467 -0.175760 71.844971 0.503733 0.190102 0.842683 2.291113 0.000000 0.000000 0.000000 1.000000
0.803235 -0.058219 -0.592810 -3.950515 -0.073819 0.977811 -0.196051 70.772400 0.591070 0.201235 0.781115 1.979602 0.000000 0.000000 0.000000 1.000000
0.718264 -0.089240 -0.690024 -3.884962 -0.079900 0.974600 -0.209213 70.110565 0.691168 0.205403 0.692890 1.752244 0.000000 0.000000 0.000000 1.000000
0.621272 -0.111940 -0.775558 -3.789550 -0.091790 0.972533 -0.213900 69.674713 0.778200 0.204079 0.593933 1.630668 0.000000 0.000000 0.000000 1.000000
0.538612 -0.120610 -0.833876 -3.664412 -0.110594 0.971018 -0.211880 69.417442 0.835264 0.206343 0.509664 1.583643 0.000000 0.000000 0.000000 1.000000
0.490893 -0.112577 -0.863916 -3.603617 -0.137241 0.969243 -0.204285 69.313141 0.860343 0.218847 0.460344 1.564567 0.000000 0.000000 0.000000 1.000000
0.474785 -0.093387 -0.875133 -3.678752 -0.166006 0.967003 -0.193254 69.363312 0.864304 0.237032 0.443615 1.651544 0.000000 0.000000 0.000000 1.000000
0.466699 -0.077165 -0.881043 -3.904403 -0.183808 0.965972 -0.181969 69.603165 0.865105 0.246868 0.436635 1.967448 0.000000 0.000000 0.000000 1.000000
0.449564 -0.074982 -0.890095 -4.251505 -0.180471 0.968296 -0.172721 70.114807 0.874827 0.238285 0.421779 2.490575 0.000000 0.000000 0.000000 1.000000
0.433411 -0.082997 -0.897366 -4.635448 -0.159436 0.972981 -0.166995 70.970039 0.886981 0.215450 0.408468 3.070017 0.000000 0.000000 0.000000 1.000000
0.443604 -0.087518 -0.891940 -4.948135 -0.133896 0.977579 -0.162514 72.189537 0.886164 0.191519 0.421940 3.575697 0.000000 0.000000 0.000000 1.000000
0.488720 -0.081684 -0.868608 -5.122894 -0.113961 0.981100 -0.156383 73.668800 0.864966 0.175415 0.470174 3.935238 0.000000 0.000000 0.000000 1.000000
0.550157 -0.071975 -0.831954 -5.178234 -0.100843 0.983261 -0.151751 75.163048 0.828950 0.167383 0.533690 4.124078 0.000000 0.000000 0.000000 1.000000
0.605922 -0.067189 -0.792682 -5.180429 -0.091143 0.984003 -0.153074 76.471146 0.790286 0.164998 0.590105 4.185109 0.000000 0.000000 0.000000 1.000000
0.652619 -0.066335 -0.754777 -5.136137 -0.084123 0.983658 -0.159188 77.569626 0.753002 0.167383 0.636373 4.196181 0.000000 0.000000 0.000000 1.000000
0.700030 -0.061133 -0.711492 -4.987727 -0.081599 0.982956 -0.164742 78.520477 0.709436 0.173381 0.683110 4.206206 0.000000 0.000000 0.000000 1.000000
0.752526 -0.046854 -0.656893 -4.712311 -0.083847 0.982532 -0.166136 79.307190 0.653203 0.180100 0.735452 4.214571 0.000000 0.000000 0.000000 1.000000
0.801587 -0.026844 -0.597275 -4.376935 -0.088993 0.982506 -0.163593 79.949623 0.591218 0.184288 0.785175 4.206693 0.000000 0.000000 0.000000 1.000000
0.824639 -0.010906 -0.565555 -4.218569 -0.093258 0.983511 -0.154946 80.571129 0.557919 0.180517 0.810024 4.145699 0.000000 0.000000 0.000000 1.000000
0.836715 0.001789 -0.547636 -4.167384 -0.095961 0.985002 -0.143398 81.143120 0.539166 0.172535 0.824337 4.241419 0.000000 0.000000 0.000000 1.000000
0.842552 0.009759 -0.538527 -4.200761 -0.093887 0.987190 -0.129002 81.631447 0.530370 0.159251 0.832675 4.541544 0.000000 0.000000 0.000000 1.000000
0.840977 0.012832 -0.540919 -4.324612 -0.086654 0.990009 -0.111237 82.007889 0.534087 0.140420 0.833687 4.927178 0.000000 0.000000 0.000000 1.000000
0.839639 0.014914 -0.542940 -4.436356 -0.080974 0.991889 -0.097978 82.298447 0.537075 0.126231 0.834036 5.185716 0.000000 0.000000 0.000000 1.000000</float_array>
        <technique_common>
          <accessor source="#mixamorig_Hips-Matrix-animation-output-transform-array" count="32" stride="16">
            <param type="float4x4"/>
          </accessor>
        </technique_common>
      </source>
      <source id="mixamorig_Hips-Interpolations">
        <Name_array id="mixamorig_Hips-Interpolations-array" count="32">
 LINEAR LINEAR LINEAR LINEAR LINEAR LINEAR LINEAR LINEAR LINEAR LINEAR LINEAR
LINEAR LINEAR LINEAR LINEAR LINEAR LINEAR LINEAR LINEAR LINEAR LINEAR LINEAR LINEAR
LINEAR LINEAR LINEAR LINEAR LINEAR LINEAR LINEAR LINEAR LINEAR</Name_array>
        <technique_common>
          <accessor source="#mixamorig_Hips-Interpolations-array" count="32">
            <param type="name"/>
          </accessor>
        </technique_common>
      </source>
      <sampler id="mixamorig_Hips-Matrix-animation-transform">
        <input semantic="INPUT" source="#mixamorig_Hips-Matrix-animation-input"/>
        <input semantic="OUTPUT" source="#mixamorig_Hips-Matrix-animation-output-transform"/>
        <input semantic="INTERPOLATION" source="#mixamorig_Hips-Interpolations"/>
      </sampler>
      <channel source="#mixamorig_Hips-Matrix-animation-transform" target="mixamorig_Hips/matrix"/>
    </animation>
    <animation id="mixamorig_Spine-anim" name="mixamorig_Spine">
      <source id="mixamorig_Spine-Matrix-animation-input">
        <float_array id="mixamorig_Spine-Matrix-animation-input-array" count="32">

0.000000 0.033333 0.066667 0.100000 0.133333 0.166667 0.200000 0.233333 0.266667 0.300000 0.333333 0.366667 0.400000 0.433333 0.466667 0.500000
0.533333 0.566667 0.600000 0.633333 0.666667 0.700000 0.733333 0.766667 0.800000 0.833333 0.866667 0.900000 0.933333 0.966667 1.000000 1.033333</float_array>
        <technique_common>
          <accessor source="#mixamorig_Spine-Matrix-animation-input-array" count="32">
            <param name="TIME" type="float"/>
          </accessor>
        </technique_common>
      </source>
      <source id="mixamorig_Spine-Matrix-animation-output-transform">
        <float_array id="mixamorig_Spine-Matrix-animation-output-transform-array" count="512">

0.997703 -0.057363 0.036033 0.000000 0.053560 0.993658 0.098874 10.528800 -0.041476 -0.096717 0.994447 -0.610600 0.000000 0.000000 0.000000 1.000000
0.997824 -0.055291 0.035914 0.000000 0.051464 0.993664 0.099920 10.528800 -0.041211 -0.097855 0.994347 -0.610600 0.000000 0.000000 0.000000 1.000000
0.997985 -0.052463 0.035700 0.000000 0.048575 0.993576 0.102207 10.528800 -0.040833 -0.100267 0.994122 -0.610600 0.000000 0.000000 0.000000 1.000000
0.998142 -0.049520 0.035497 -0.000000 0.045655 0.993686 0.102484 10.528800 -0.040348 -0.100673 0.994101 -0.610600 0.000000 0.000000 0.000000 1.000000
0.998190 -0.048081 0.036117 0.000000 0.044235 0.993940 0.100631 10.528800 -0.040736 -0.098851 0.994268 -0.610600 0.000000 0.000000 0.000000 1.000000
0.998132 -0.047464 0.038477 -0.000000 0.043510 0.994255 0.097797 10.528800 -0.042898 -0.095940 0.994462 -0.610600 0.000000 0.000000 0.000000 1.000000
0.997918 -0.047784 0.043317 0.000000 0.043522 0.994574 0.094493 10.528800 -0.047598 -0.092411 0.994583 -0.610600 0.000000 0.000000 0.000000 1.000000
0.997464 -0.048935 0.051673 0.000000 0.044050 0.994805 0.091778 10.528800 -0.055896 -0.089269 0.994438 -0.610600 0.000000 0.000000 0.000000 1.000000
0.996724 -0.049717 0.063792 0.000000 0.043807 0.994895 0.090911 10.528800 -0.067986 -0.087819 0.993814 -0.610600 0.000000 0.000000 0.000000 1.000000
0.995819 -0.049234 0.076946 0.000000 0.042133 0.994929 0.091328 10.528800 -0.081052 -0.087705 0.992844 -0.610600 0.000000 0.000000 0.000000 1.000000
0.995193 -0.045917 0.086503 0.000000 0.037953 0.995076 0.091564 10.528800 -0.090282 -0.087840 0.992035 -0.610600 0.000000 0.000000 0.000000 1.000000
0.995230 -0.040215 0.088882 0.000000 0.032107 0.995348 0.090840 10.528800 -0.092121 -0.087553 0.991891 -0.610600 0.000000 0.000000 0.000000 1.000000
0.995957 -0.036090 0.082264 0.000000 0.028612 0.995500 0.090344 10.528800 -0.085154 -0.087625 0.992507 -0.610600 0.000000 0.000000 0.000000 1.000000
0.997055 -0.039495 0.065743 0.000000 0.033352 0.995197 0.092040 10.528800 -0.069062 -0.089576 0.993583 -0.610600 0.000000 0.000000 0.000000 1.000000
0.998011 -0.049789 0.038671 0.000000 0.045925 0.994411 0.095067 10.528800 -0.043188 -0.093102 0.994719 -0.610600 0.000000 0.000000 0.000000 1.000000
0.998231 -0.059226 0.005230 -0.000000 0.058455 0.993688 0.095742 10.528800 -0.010867 -0.095266 0.995392 -0.610600 0.000000 0.000000 0.000000 1.000000
0.997846 -0.061195 -0.023626 0.000000 0.063142 0.993656 0.093060 10.528800 0.017781 -0.094351 0.995380 -0.610600 0.000000 0.000000 0.000000 1.000000
0.997610 -0.058149 -0.037319 0.000000 0.061333 0.993981 0.090772 10.528800 0.031816 -0.092844 0.995172 -0.610600 0.000000 0.000000 0.000000 1.000000
0.997788 -0.057405 -0.033529 0.000000 0.060291 0.993880 0.092562 10.528800 0.028010 -0.094379 0.995142 -0.610600 0.000000 0.000000 0.000000 1.000000
0.997902 -0.062384 -0.017297 -0.000000 0.063798 0.993024 0.099162 10.528800 0.010990 -0.100058 0.994921 -0.610600 0.000000 0.000000 0.000000 1.000000
0.997452 -0.071249 0.003675 -0.000000 0.070424 0.991537 0.109061 10.528800 -0.011415 -0.108524 0.994028 -0.610600 0.000000 0.000000 0.000000 1.000000
0.996574 -0.079555 0.022613 -0.000000 0.076323 0.989941 0.119127 10.528800 -0.031862 -0.116993 0.992621 -0.610600 0.000000 0.000000 0.000000 1.000000
0.995874 -0.083272 0.036069 -0.000000 0.078133 0.988957 0.125936 10.528800 -0.046158 -0.122598 0.991382 -0.610600 0.000000 0.000000 0.000000 1.000000
0.995675 -0.081811 0.044034 0.000000 0.075564 0.988824 0.128519 10.528800 -0.054056 -0.124636 0.990729 -0.610600 0.000000 0.000000 0.000000 1.000000
0.995786 -0.078271 0.047797 0.000000 0.071603 0.989173 0.128101 10.528800 -0.057306 -0.124139 0.990609 -0.610600 0.000000 0.000000 0.000000 1.000000
0.995929 -0.076291 0.048018 0.000000 0.069753 0.989627 0.125587 10.528800 -0.057101 -0.121726 0.990920 -0.610600 0.000000 0.000000 0.000000 1.000000
0.996063 -0.076194 0.045306 -0.000000 0.070199 0.990078 0.121727 10.528800 -0.054132 -0.118067 0.991529 -0.610600 0.000000 0.000000 0.000000 1.000000
0.996272 -0.075567 0.041622 0.000000 0.070272 0.990688 0.116613 10.528800 -0.050046 -0.113253 0.992305 -0.610600 0.000000 0.000000 0.000000 1.000000
0.996532 -0.073734 0.038557 0.000000 0.069082 0.991467 0.110550 10.528800 -0.046380 -0.107503 0.993122 -0.610600 0.000000 0.000000 0.000000 1.000000
0.996975 -0.068326 0.037053 0.000000 0.064074 0.992319 0.105818 10.528800 -0.043998 -0.103124 0.993695 -0.610600 0.000000 0.000000 0.000000 1.000000
0.997429 -0.061700 0.036460 -0.000000 0.057723 0.993153 0.101563 10.528800 -0.042477 -0.099197 0.994161 -0.610600 0.000000 0.000000 0.000000 1.000000
0.997703 -0.057363 0.036033 0.000000 0.053560 0.993658 0.098874 10.528800 -0.041476 -0.096717 0.994447 -0.610600 0.000000 0.000000 0.000000 1.000000</float_array>
        <technique_common>
          <accessor source="#mixamorig_Spine-Matrix-animation-output-transform-array" count="32" stride="16">
            <param type="float4x4"/>
          </accessor>
        </technique_common>
      </source>
      <source id="mixamorig_Spine-Interpolations">
        <Name_array id="mixamorig_Spine-Interpolations-array" count="32">
 LINEAR LINEAR LINEAR LINEAR LINEAR LINEAR LINEAR LINEAR LINEAR LINEAR LINEAR
LINEAR LINEAR LINEAR LINEAR LINEAR LINEAR LINEAR LINEAR LINEAR LINEAR LINEAR LINEAR
LINEAR LINEAR LINEAR LINEAR LINEAR LINEAR LINEAR LINEAR LINEAR</Name_array>
        <technique_common>
          <accessor source="#mixamorig_Spine-Interpolations-array" count="32">
            <param type="name"/>
          </accessor>
        </technique_common>
      </source>
      <sampler id="mixamorig_Spine-Matrix-animation-transform">
        <input semantic="INPUT" source="#mixamorig_Spine-Matrix-animation-input"/>
        <input semantic="OUTPUT" source="#mixamorig_Spine-Matrix-animation-output-transform"/>
        <input semantic="INTERPOLATION" source="#mixamorig_Spine-Interpolations"/>
      </sampler>
      <channel source="#mixamorig_Spine-Matrix-animation-transform" target="mixamorig_Spine/matrix"/>
    </animation>
    <animation id="mixamorig_Spine1-anim" name="mixamorig_Spine1">
      <source id="mixamorig_Spine1-Matrix-animation-input">
        <float_array id="mixamorig_Spine1-Matrix-animation-input-array" count="32">

0.000000 0.033333 0.066667 0.100000 0.133333 0.166667 0.200000 0.233333 0.266667 0.300000 0.333333 0.366667 0.400000 0.433333 0.466667 0.500000
0.533333 0.566667 0.600000 0.633333 0.666667 0.700000 0.733333 0.766667 0.800000 0.833333 0.866667 0.900000 0.933333 0.966667 1.000000 1.033333</float_array>
        <technique_common>
          <accessor source="#mixamorig_Spine1-Matrix-animation-input-array" count="32">
            <param name="TIME" type="float"/>
          </accessor>
        </technique_common>
      </source>
      <source id="mixamorig_Spine1-Matrix-animation-output-transform">
        <float_array id="mixamorig_Spine1-Matrix-animation-output-transform-array" count="512">

0.994139 -0.061405 0.088974 0.000000 0.060167 0.998052 0.016526 11.377000 -0.089815 -0.011076 0.995897 0.000000 0.000000 0.000000 0.000000 1.000000
0.994332 -0.058820 0.088562 0.000000 0.057401 0.998180 0.018482 11.377000 -0.089488 -0.013294 0.995899 0.000000 0.000000 0.000000 0.000000 1.000000
0.994649 -0.054264 0.087912 0.000000 0.052520 0.998377 0.022040 11.377000 -0.088966 -0.017305 0.995884 0.000000 0.000000 0.000000 0.000000 1.000000
0.995146 -0.047755 0.086042 -0.000000 0.045962 0.998685 0.022705 11.377000 -0.087013 -0.018640 0.996033 -0.000000 0.000000 0.000000 0.000000 1.000000
0.995432 -0.042213 0.085632 0.000000 0.040732 0.998990 0.018974 11.377000 -0.086347 -0.015400 0.996146 0.000000 0.000000 0.000000 0.000000 1.000000
0.995211 -0.038393 0.089889 -0.000000 0.037506 0.999230 0.011541 11.377000 -0.090263 -0.008115 0.995885 -0.000000 0.000000 0.000000 0.000000 1.000000
0.994255 -0.035576 0.100950 -0.000000 0.035489 0.999367 0.002652 11.377000 -0.100981 0.000946 0.994888 0.000000 0.000000 0.000000 0.000000 1.000000
0.992207 -0.032535 0.120275 0.000000 0.033307 0.999435 -0.004414 11.377000 -0.120064 0.008385 0.992731 0.000000 0.000000 0.000000 0.000000 1.000000
0.988658 -0.029283 0.147300 0.000000 0.030680 0.999503 -0.007218 11.377000 -0.147015 0.011655 0.989066 0.000000 0.000000 0.000000 0.000000 1.000000
0.983939 -0.027681 0.176344 0.000000 0.029196 0.999556 -0.006000 11.377000 -0.176099 0.011052 0.984310 -0.000000 0.000000 0.000000 0.000000 1.000000
0.979701 -0.028206 0.198471 0.000000 0.029413 0.999562 -0.003139 11.377000 -0.198296 0.008913 0.980102 -0.000000 0.000000 0.000000 0.000000 1.000000
0.977714 -0.030538 0.207710 0.000000 0.031572 0.999500 -0.001661 11.377000 -0.207555 0.008182 0.978189 0.000000 0.000000 0.000000 0.000000 1.000000
0.978703 -0.036563 0.202000 0.000000 0.037899 0.999278 -0.002745 11.377000 -0.201754 0.010342 0.979382 0.000000 0.000000 0.000000 0.000000 1.000000
0.983033 -0.050061 0.176466 -0.000000 0.051681 0.998653 -0.004592 11.377000 -0.175998 0.013634 0.984296 0.000000 0.000000 0.000000 0.000000 1.000000
0.989805 -0.070776 0.123601 -0.000000 0.071990 0.997391 -0.005372 11.377000 -0.122898 0.014216 0.992318 0.000000 0.000000 0.000000 0.000000 1.000000
0.994662 -0.091028 0.048587 0.000000 0.091420 0.995795 -0.005903 11.377000 -0.047846 0.010314 0.998801 -0.000000 0.000000 0.000000 0.000000 1.000000
0.994421 -0.103181 -0.021910 0.000000 0.103076 0.994656 -0.005879 11.377000 0.022399 0.003588 0.999743 0.000000 0.000000 0.000000 0.000000 1.000000
0.992367 -0.108415 -0.058763 0.000000 0.108452 0.994098 -0.002573 11.377000 0.058695 -0.003819 0.998269 0.000000 0.000000 0.000000 0.000000 1.000000
0.992173 -0.112954 -0.053243 -0.000000 0.113331 0.993549 0.004108 11.377000 0.052436 -0.010110 0.998573 0.000000 0.000000 0.000000 0.000000 1.000000
0.992710 -0.119429 -0.016207 0.000000 0.119624 0.992751 0.011644 11.377000 0.014699 -0.013497 0.999801 0.000000 0.000000 0.000000 0.000000 1.000000
0.991480 -0.125734 0.034038 -0.000000 0.125150 0.991960 0.018787 11.377000 -0.036126 -0.014368 0.999244 -0.000000 0.000000 0.000000 0.000000 1.000000
0.988499 -0.128340 0.079986 0.000000 0.126633 0.991607 0.026086 11.377000 -0.082663 -0.015658 0.996455 0.000000 0.000000 0.000000 0.000000 1.000000
0.985977 -0.124969 0.110602 0.000000 0.121972 0.991969 0.033485 11.377000 -0.113898 -0.019525 0.993301 0.000000 0.000000 0.000000 0.000000 1.000000
0.985277 -0.116440 0.125186 -0.000000 0.112298 0.992882 0.039675 11.377000 -0.128915 -0.025033 0.991340 0.000000 0.000000 0.000000 0.000000 1.000000
0.985833 -0.106583 0.129510 -0.000000 0.101781 0.993870 0.043167 11.377000 -0.133317 -0.029374 0.990638 0.000000 0.000000 0.000000 0.000000 1.000000
0.986872 -0.099071 0.127550 -0.000000 0.094276 0.994612 0.043109 11.377000 -0.131133 -0.030518 0.990895 -0.000000 0.000000 0.000000 0.000000 1.000000
0.988287 -0.093832 0.120351 0.000000 0.089633 0.995177 0.039853 11.377000 -0.123510 -0.028599 0.991931 0.000000 0.000000 0.000000 0.000000 1.000000
0.989914 -0.088690 0.110471 -0.000000 0.085395 0.995759 0.034222 11.377000 -0.113038 -0.024443 0.993290 0.000000 0.000000 0.000000 0.000000 1.000000
0.991344 -0.082918 0.101792 0.000000 0.080488 0.996369 0.027762 11.377000 -0.103724 -0.019328 0.994418 0.000000 0.000000 0.000000 0.000000 1.000000
0.992530 -0.075161 0.096094 0.000000 0.073303 0.997051 0.022728 11.377000 -0.097519 -0.015514 0.995113 -0.000000 0.000000 0.000000 0.000000 1.000000
0.993521 -0.066918 0.091864 0.000000 0.065473 0.997680 0.018664 11.377000 -0.092900 -0.012528 0.995597 0.000000 0.000000 0.000000 0.000000 1.000000
0.994139 -0.061405 0.088974 0.000000 0.060167 0.998052 0.016526 11.377000 -0.089815 -0.011076 0.995897 0.000000 0.000000 0.000000 0.000000 1.000000</float_array>
        <technique_common>
          <accessor source="#mixamorig_Spine1-Matrix-animation-output-transform-array" count="32" stride="16">
            <param type="float4x4"/>
          </accessor>
        </technique_common>
      </source>
      <source id="mixamorig_Spine1-Interpolations">
        <Name_array id="mixamorig_Spine1-Interpolations-array" count="32">
 LINEAR LINEAR LINEAR LINEAR LINEAR LINEAR LINEAR LINEAR LINEAR LINEAR LINEAR
LINEAR LINEAR LINEAR LINEAR LINEAR LINEAR LINEAR LINEAR LINEAR LINEAR LINEAR LINEAR
LINEAR LINEAR LINEAR LINEAR LINEAR LINEAR LINEAR LINEAR LINEAR</Name_array>
        <technique_common>
          <accessor source="#mixamorig_Spine1-Interpolations-array" count="32">
            <param type="name"/>
          </accessor>
        </technique_common>
      </source>
      <sampler id="mixamorig_Spine1-Matrix-animation-transform">
        <input semantic="INPUT" source="#mixamorig_Spine1-Matrix-animation-input"/>
        <input semantic="OUTPUT" source="#mixamorig_Spine1-Matrix-animation-output-transform"/>
        <input semantic="INTERPOLATION" source="#mixamorig_Spine1-Interpolations"/>
      </sampler>
      <channel source="#mixamorig_Spine1-Matrix-animation-transform" target="mixamorig_Spine1/matrix"/>
    </animation>
    <animation id="mixamorig_Spine2-anim" name="mixamorig_Spine2">
      <source id="mixamorig_Spine2-Matrix-animation-input">
        <float_array id="mixamorig_Spine2-Matrix-animation-input-array" count="32">

0.000000 0.033333 0.066667 0.100000 0.133333 0.166667 0.200000 0.233333 0.266667 0.300000 0.333333 0.366667 0.400000 0.433333 0.466667 0.500000
0.533333 0.566667 0.600000 0.633333 0.666667 0.700000 0.733333 0.766667 0.800000 0.833333 0.866667 0.900000 0.933333 0.966667 1.000000 1.033333</float_array>
        <technique_common>
          <accessor source="#mixamorig_Spine2-Matrix-animation-input-array" count="32">
            <param name="TIME" type="float"/>
          </accessor>
        </technique_common>
      </source>
      <source id="mixamorig_Spine2-Matrix-animation-output-transform">
        <float_array id="mixamorig_Spine2-Matrix-animation-output-transform-array" count="512">

0.994202 -0.064440 0.086080 0.000000 0.063770 0.997909 0.010513 14.062000 -0.086578 -0.004963 0.996233 0.000000 0.000000 0.000000 0.000000 1.000000
0.994386 -0.061928 0.085801 0.000000 0.061065 0.998054 0.012648 14.062000 -0.086417 -0.007337 0.996232 0.000000 0.000000 0.000000 0.000000 1.000000
0.994693 -0.057355 0.085414 0.000000 0.056163 0.998289 0.016294 14.062000 -0.086203 -0.011410 0.996212 -0.000000 0.000000 0.000000 0.000000 1.000000
0.995173 -0.050847 0.083936 0.000000 0.049573 0.998622 0.017197 14.062000 -0.084695 -0.012953 0.996323 0.000000 0.000000 0.000000 0.000000 1.000000
0.995445 -0.045234 0.083928 -0.000000 0.044240 0.998927 0.013670 14.062000 -0.084456 -0.009895 0.996378 -0.000000 0.000000 0.000000 0.000000 1.000000
0.995220 -0.041160 0.088555 0.000000 0.040766 0.999149 0.006251 14.062000 -0.088737 -0.002611 0.996052 0.000000 0.000000 0.000000 0.000000 1.000000
0.994264 -0.037984 0.099984 0.000000 0.038439 0.999257 -0.002631 14.062000 -0.099810 0.006459 0.994986 0.000000 0.000000 0.000000 0.000000 1.000000
0.992197 -0.034769 0.119732 0.000000 0.036152 0.999302 -0.009401 14.062000 -0.119322 0.013656 0.992762 0.000000 0.000000 0.000000 0.000000 1.000000
0.988598 -0.031852 0.147173 0.000000 0.033917 0.999358 -0.011546 14.062000 -0.146711 0.016406 0.989043 -0.000000 0.000000 0.000000 0.000000 1.000000
0.983811 -0.031177 0.176476 -0.000000 0.033357 0.999399 -0.009397 14.062000 -0.176077 0.015131 0.984260 -0.000000 0.000000 0.000000 0.000000 1.000000
0.979522 -0.032779 0.198653 0.000000 0.034589 0.999386 -0.005648 14.062000 -0.198346 0.012403 0.980054 -0.000000 0.000000 0.000000 0.000000 1.000000
0.977523 -0.035521 0.207817 0.000000 0.037117 0.999304 -0.003785 14.062000 -0.207538 0.011413 0.978160 0.000000 0.000000 0.000000 0.000000 1.000000
0.978547 -0.040705 0.201963 -0.000000 0.042692 0.999073 -0.005488 14.062000 -0.201552 0.013992 0.979378 0.000000 0.000000 0.000000 0.000000 1.000000
0.982983 -0.052331 0.176085 0.000000 0.054784 0.998457 -0.009092 14.062000 -0.175337 0.018584 0.984333 -0.000000 0.000000 0.000000 0.000000 1.000000
0.989933 -0.070950 0.122471 0.000000 0.072958 0.997263 -0.011984 14.062000 -0.121285 0.020799 0.992400 0.000000 0.000000 0.000000 0.000000 1.000000
0.994911 -0.089503 0.046278 -0.000000 0.090220 0.995828 -0.013640 14.062000 -0.044864 0.017746 0.998835 -0.000000 0.000000 0.000000 0.000000 1.000000
0.994606 -0.100529 -0.025549 0.000000 0.100217 0.994878 -0.013221 14.062000 0.026747 0.010589 0.999586 -0.000000 0.000000 0.000000 0.000000 1.000000
0.992407 -0.105317 -0.063537 0.000000 0.104968 0.994436 -0.008818 14.062000 0.064112 0.002081 0.997941 0.000000 0.000000 0.000000 0.000000 1.000000
0.992168 -0.110226 -0.058765 0.000000 0.110316 0.993895 -0.001723 14.062000 0.058596 -0.004773 0.998270 0.000000 0.000000 0.000000 0.000000 1.000000
0.992809 -0.117667 -0.022003 0.000000 0.117796 0.993027 0.004675 14.062000 0.021300 -0.007233 0.999747 0.000000 0.000000 0.000000 0.000000 1.000000
0.991749 -0.125010 0.028397 0.000000 0.124788 0.992138 0.009456 14.062000 -0.029356 -0.005834 0.999552 0.000000 0.000000 0.000000 0.000000 1.000000
0.988890 -0.128518 0.074694 0.000000 0.127783 0.991695 0.014564 14.062000 -0.075945 -0.004858 0.997100 -0.000000 0.000000 0.000000 0.000000 1.000000
0.986377 -0.126126 0.105602 -0.000000 0.124564 0.991983 0.021283 14.062000 -0.107440 -0.007839 0.994181 0.000000 0.000000 0.000000 0.000000 1.000000
0.985606 -0.118677 0.120401 -0.000000 0.116095 0.992836 0.028263 14.062000 -0.122892 -0.013878 0.992323 0.000000 0.000000 0.000000 0.000000 1.000000
0.986090 -0.109651 0.124916 -0.000000 0.106343 0.993786 0.032867 14.062000 -0.127744 -0.019126 0.991623 0.000000 0.000000 0.000000 0.000000 1.000000
0.987100 -0.102400 0.123077 -0.000000 0.098998 0.994525 0.033459 14.062000 -0.125829 -0.020843 0.991833 0.000000 0.000000 0.000000 0.000000 1.000000
0.988521 -0.096816 0.115983 -0.000000 0.093891 0.995117 0.030434 14.062000 -0.118363 -0.019195 0.992785 0.000000 0.000000 0.000000 0.000000 1.000000
0.990153 -0.091099 0.106289 0.000000 0.088921 0.995723 0.025069 14.062000 -0.108118 -0.015370 0.994019 0.000000 0.000000 0.000000 0.000000 1.000000
0.991558 -0.085046 0.097882 0.000000 0.083552 0.996317 0.019275 14.062000 -0.099161 -0.010934 0.995011 -0.000000 0.000000 0.000000 0.000000 1.000000
0.992690 -0.077430 0.092577 0.000000 0.076357 0.996966 0.015084 14.062000 -0.093465 -0.007905 0.995591 0.000000 0.000000 0.000000 0.000000 1.000000
0.993620 -0.069619 0.088729 0.000000 0.068827 0.997557 0.011963 14.062000 -0.089345 -0.005780 0.995984 0.000000 0.000000 0.000000 0.000000 1.000000
0.994202 -0.064440 0.086080 0.000000 0.063770 0.997909 0.010513 14.062000 -0.086578 -0.004963 0.996233 0.000000 0.000000 0.000000 0.000000 1.000000</float_array>
        <technique_common>
          <accessor source="#mixamorig_Spine2-Matrix-animation-output-transform-array" count="32" stride="16">
            <param type="float4x4"/>
          </accessor>
        </technique_common>
      </source>
      <source id="mixamorig_Spine2-Interpolations">
        <Name_array id="mixamorig_Spine2-Interpolations-array" count="32">
 LINEAR LINEAR LINEAR LINEAR LINEAR LINEAR LINEAR LINEAR LINEAR LINEAR LINEAR
LINEAR LINEAR LINEAR LINEAR LINEAR LINEAR LINEAR LINEAR LINEAR LINEAR LINEAR LINEAR
LINEAR LINEAR LINEAR LINEAR LINEAR LINEAR LINEAR LINEAR LINEAR</Name_array>
        <technique_common>
          <accessor source="#mixamorig_Spine2-Interpolations-array" count="32">
            <param type="name"/>
          </accessor>
        </technique_common>
      </source>
      <sampler id="mixamorig_Spine2-Matrix-animation-transform">
        <input semantic="INPUT" source="#mixamorig_Spine2-Matrix-animation-input"/>
        <input semantic="OUTPUT" source="#mixamorig_Spine2-Matrix-animation-output-transform"/>
        <input semantic="INTERPOLATION" source="#mixamorig_Spine2-Interpolations"/>
      </sampler>
      <channel source="#mixamorig_Spine2-Matrix-animation-transform" target="mixamorig_Spine2/matrix"/>
    </animation>
    <animation id="mixamorig_Neck-anim" name="mixamorig_Neck">
      <source id="mixamorig_Neck-Matrix-animation-input">
        <float_array id="mixamorig_Neck-Matrix-animation-input-array" count="32">

0.000000 0.033333 0.066667 0.100000 0.133333 0.166667 0.200000 0.233333 0.266667 0.300000 0.333333 0.366667 0.400000 0.433333 0.466667 0.500000
0.533333 0.566667 0.600000 0.633333 0.666667 0.700000 0.733333 0.766667 0.800000 0.833333 0.866667 0.900000 0.933333 0.966667 1.000000 1.033333</float_array>
        <technique_common>
          <accessor source="#mixamorig_Neck-Matrix-animation-input-array" count="32">
            <param name="TIME" type="float"/>
          </accessor>
        </technique_common>
      </source>
      <source id="mixamorig_Neck-Matrix-animation-output-transform">
        <float_array id="mixamorig_Neck-Matrix-animation-output-transform-array" count="512">

0.998143 -0.006385 0.060586 0.000000 0.018319 0.979924 -0.198528 10.523900 -0.058102 0.199269 0.978221 0.000000 0.000000 0.000000 0.000000 1.000000
0.997905 -0.002174 0.064661 0.000000 0.015121 0.979592 -0.200427 10.523900 -0.062906 0.200985 0.977573 0.000000 0.000000 0.000000 0.000000 1.000000
0.997826 0.001433 0.065889 0.000000 0.012186 0.978514 -0.205819 10.523900 -0.064768 0.206175 0.976369 0.000000 0.000000 0.000000 0.000000 1.000000
0.997805 0.005566 0.065987 0.000000 0.008359 0.977904 -0.208887 10.523900 -0.065692 0.208980 0.975711 0.000000 0.000000 0.000000 0.000000 1.000000
0.997861 0.010185 0.064566 0.000000 0.003668 0.977504 -0.210884 10.523900 -0.065262 0.210669 0.975377 0.000000 0.000000 0.000000 0.000000 1.000000
0.998045 0.012736 0.061191 -0.000000 0.000653 0.976840 -0.213971 10.523900 -0.062499 0.213592 0.974922 0.000000 0.000000 0.000000 0.000000 1.000000
0.998396 0.010513 0.055626 -0.000000 0.001881 0.975902 -0.218203 10.523900 -0.056579 0.217958 0.974317 -0.000000 0.000000 0.000000 0.000000 1.000000
0.998793 0.004708 0.048893 0.000000 0.006225 0.975236 -0.221081 10.523900 -0.048723 0.221118 0.974029 0.000000 0.000000 0.000000 0.000000 1.000000
0.999041 -0.000068 0.043774 0.000000 0.009716 0.975404 -0.220212 10.523900 -0.042682 0.220426 0.974469 -0.000000 0.000000 0.000000 0.000000 1.000000
0.999048 -0.000562 0.043617 -0.000000 0.009973 0.976375 -0.215852 10.523900 -0.042465 0.216082 0.975451 0.000000 0.000000 0.000000 0.000000 1.000000
0.998749 0.002805 0.049926 0.000000 0.007782 0.977538 -0.210615 10.523900 -0.049395 0.210740 0.976293 -0.000000 0.000000 0.000000 0.000000 1.000000
0.998162 0.007886 0.060086 -0.000000 0.004740 0.978301 -0.207134 10.523900 -0.060416 0.207038 0.976466 -0.000000 0.000000 0.000000 0.000000 1.000000
0.997671 0.011870 0.067162 -0.000000 0.002253 0.978466 -0.206398 10.523900 -0.068165 0.206068 0.976160 0.000000 0.000000 0.000000 0.000000 1.000000
0.997529 0.011573 0.069299 0.000000 0.003162 0.977945 -0.208840 10.523900 -0.070187 0.208543 0.975491 -0.000000 0.000000 0.000000 0.000000 1.000000
0.997433 0.005686 0.071377 0.000000 0.009778 0.976687 -0.214446 10.523900 -0.070932 0.214593 0.974124 -0.000000 0.000000 0.000000 0.000000 1.000000
0.997354 -0.003023 0.072630 0.000000 0.018891 0.975586 -0.218803 10.523900 -0.070195 0.219596 0.973062 0.000000 0.000000 0.000000 0.000000 1.000000
0.996848 -0.002410 0.079305 0.000000 0.019874 0.975257 -0.220177 10.523900 -0.076812 0.221059 0.972231 -0.000000 0.000000 0.000000 0.000000 1.000000
0.995776 0.013999 0.090745 0.000000 0.006436 0.975237 -0.221070 10.523900 -0.091593 0.220720 0.971027 -0.000000 0.000000 0.000000 0.000000 1.000000
0.994539 0.033609 0.098810 0.000000 -0.010696 0.974567 -0.223840 10.523900 -0.103820 0.221560 0.969604 0.000000 0.000000 0.000000 0.000000 1.000000
0.994688 0.037166 0.095993 0.000000 -0.014611 0.974078 -0.225741 10.523900 -0.101894 0.223140 0.969446 -0.000000 0.000000 0.000000 0.000000 1.000000
0.996307 0.021956 0.083006 0.000000 -0.002866 0.974718 -0.223419 10.523900 -0.085813 0.222356 0.971182 0.000000 0.000000 0.000000 0.000000 1.000000
0.997677 0.003016 0.068061 0.000000 0.011941 0.975813 -0.218279 10.523900 -0.067073 0.218584 0.973510 -0.000000 0.000000 0.000000 0.000000 1.000000
0.998264 -0.006618 0.058525 0.000000 0.019066 0.976474 -0.214792 10.523900 -0.055727 0.215535 0.974905 -0.000000 0.000000 0.000000 0.000000 1.000000
0.998514 -0.007707 0.053952 0.000000 0.019247 0.976031 -0.216781 10.523900 -0.050988 0.217497 0.974728 0.000000 0.000000 0.000000 0.000000 1.000000
0.998779 -0.007688 0.048808 0.000000 0.018498 0.974164 -0.225083 10.523900 -0.045816 0.225711 0.973116 0.000000 0.000000 0.000000 0.000000 1.000000
0.999134 -0.010593 0.040240 0.000000 0.019806 0.971546 -0.236021 10.523900 -0.036595 0.236614 0.970914 0.000000 0.000000 0.000000 0.000000 1.000000
0.999370 -0.015467 0.031948 0.000000 0.022774 0.969790 -0.242877 10.523900 -0.027226 0.243451 0.969531 0.000000 0.000000 0.000000 0.000000 1.000000
0.999431 -0.019552 0.027491 0.000000 0.025598 0.970304 -0.240531 10.523900 -0.021971 0.241098 0.970252 0.000000 0.000000 0.000000 0.000000 1.000000
0.999334 -0.020262 0.030354 -0.000000 0.026726 0.972684 -0.230589 10.523900 -0.024852 0.231247 0.972578 0.000000 0.000000 0.000000 0.000000 1.000000
0.999072 -0.017016 0.039561 0.000000 0.025247 0.975632 -0.217958 10.523900 -0.034889 0.218754 0.975156 0.000000 0.000000 0.000000 0.000000 1.000000
0.998609 -0.011550 0.051449 0.000000 0.021913 0.978374 -0.205680 10.523900 -0.047960 0.206521 0.977266 -0.000000 0.000000 0.000000 0.000000 1.000000
0.998143 -0.006385 0.060586 0.000000 0.018319 0.979924 -0.198528 10.523900 -0.058102 0.199269 0.978221 0.000000 0.000000 0.000000 0.000000 1.000000</float_array>
        <technique_common>
          <accessor source="#mixamorig_Neck-Matrix-animation-output-transform-array" count="32" stride="16">
            <param type="float4x4"/>
          </accessor>
        </technique_common>
      </source>
      <source id="mixamorig_Neck-Interpolations">
        <Name_array id="mixamorig_Neck-Interpolations-array" count="32">
 LINEAR LINEAR LINEAR LINEAR LINEAR LINEAR LINEAR LINEAR LINEAR LINEAR LINEAR
LINEAR LINEAR LINEAR LINEAR LINEAR LINEAR LINEAR LINEAR LINEAR LINEAR LINEAR LINEAR
LINEAR LINEAR LINEAR LINEAR LINEAR LINEAR LINEAR LINEAR LINEAR</Name_array>
        <technique_common>
          <accessor source="#mixamorig_Neck-Interpolations-array" count="32">
            <param type="name"/>
          </accessor>
        </technique_common>
      </source>
      <sampler id="mixamorig_Neck-Matrix-animation-transform">
        <input semantic="INPUT" source="#mixamorig_Neck-Matrix-animation-input"/>
        <input semantic="OUTPUT" source="#mixamorig_Neck-Matrix-animation-output-transform"/>
        <input semantic="INTERPOLATION" source="#mixamorig_Neck-Interpolations"/>
      </sampler>
      <channel source="#mixamorig_Neck-Matrix-animation-transform" target="mixamorig_Neck/matrix"/>
    </animation>
    <animation id="mixamorig_Head-anim" name="mixamorig_Head">
      <source id="mixamorig_Head-Matrix-animation-input">
        <float_array id="mixamorig_Head-Matrix-animation-input-array" count="32">

0.000000 0.033333 0.066667 0.100000 0.133333 0.166667 0.200000 0.233333 0.266667 0.300000 0.333333 0.366667 0.400000 0.433333 0.466667 0.500000
0.533333 0.566667 0.600000 0.633333 0.666667 0.700000 0.733333 0.766667 0.800000 0.833333 0.866667 0.900000 0.933333 0.966667 1.000000 1.033333</float_array>
        <technique_common>
          <accessor source="#mixamorig_Head-Matrix-animation-input-array" count="32">
            <param name="TIME" type="float"/>
          </accessor>
        </technique_common>
      </source>
      <source id="mixamorig_Head-Matrix-animation-output-transform">
        <float_array id="mixamorig_Head-Matrix-animation-output-transform-array" count="512">

0.908088 0.241384 0.342215 -0.000000 -0.134209 0.941812 -0.308185 13.606700 -0.396693 0.233930 0.887644 1.762900 0.000000 0.000000 0.000000 1.000000
0.907390 0.232258 0.350285 0.000000 -0.119606 0.941675 -0.314551 13.606700 -0.402912 0.243525 0.882246 1.762900 0.000000 0.000000 0.000000 1.000000
0.907649 0.231082 0.350392 0.000000 -0.116384 0.940628 -0.318862 13.606700 -0.403272 0.248635 0.880655 1.762900 0.000000 0.000000 0.000000 1.000000
0.908988 0.233876 0.345025 0.000000 -0.119665 0.939331 -0.321461 13.606700 -0.399275 0.250917 0.881828 1.762900 0.000000 0.000000 0.000000 1.000000
0.913043 0.236039 0.332625 0.000000 -0.127056 0.939551 -0.317964 13.606700 -0.387569 0.248053 0.887840 1.762900 0.000000 0.000000 0.000000 1.000000
0.920149 0.231953 0.315475 0.000000 -0.133015 0.942917 -0.305311 13.606700 -0.368284 0.238969 0.898477 1.762900 0.000000 0.000000 0.000000 1.000000
0.928826 0.222028 0.296625 0.000000 -0.135850 0.948891 -0.284869 13.606700 -0.344713 0.224297 0.911517 1.762900 0.000000 0.000000 0.000000 1.000000
0.936317 0.213931 0.278466 0.000000 -0.140414 0.954936 -0.261498 13.606700 -0.321859 0.205745 0.924162 1.762900 0.000000 0.000000 0.000000 1.000000
0.939137 0.216621 0.266640 0.000000 -0.152776 0.958521 -0.240618 13.606700 -0.307703 0.185237 0.933277 1.762900 0.000000 0.000000 0.000000 1.000000
0.933623 0.233199 0.271967 0.000000 -0.173770 0.958631 -0.225455 13.606700 -0.313292 0.163230 0.935523 1.762900 0.000000 0.000000 0.000000 1.000000
0.917247 0.259415 0.302262 -0.000000 -0.199743 0.956098 -0.214426 13.606700 -0.344617 0.136307 0.928795 1.762900 0.000000 0.000000 0.000000 1.000000
0.891195 0.289335 0.349366 0.000000 -0.229976 0.952042 -0.201810 13.606700 -0.391002 0.099507 0.914995 1.762900 0.000000 0.000000 0.000000 1.000000
0.863730 0.322232 0.387475 -0.000000 -0.269086 0.944978 -0.186037 13.606700 -0.426102 0.056421 0.902914 1.762900 0.000000 0.000000 0.000000 1.000000
0.841145 0.364297 0.399704 0.000000 -0.317917 0.930976 -0.179477 13.606700 -0.437498 0.023893 0.898902 1.762900 0.000000 0.000000 0.000000 1.000000
0.819932 0.417081 0.392115 -0.000000 -0.367292 0.908676 -0.198507 13.606700 -0.439099 0.018742 0.898243 1.762900 0.000000 0.000000 0.000000 1.000000
0.800717 0.467390 0.374698 0.000000 -0.405364 0.883288 -0.235545 13.606700 -0.441058 0.036716 0.896727 1.762900 0.000000 0.000000 0.000000 1.000000
0.778365 0.505645 0.372119 0.000000 -0.430261 0.861273 -0.270340 13.606700 -0.457192 0.050315 0.887944 1.762900 0.000000 0.000000 0.000000 1.000000
0.755184 0.528970 0.387154 0.000000 -0.446046 0.847464 -0.287834 13.606700 -0.480354 0.044679 0.875936 1.762900 0.000000 0.000000 0.000000 1.000000
0.742715 0.535758 0.401668 0.000000 -0.450706 0.843615 -0.291852 13.606700 -0.495216 0.035729 0.868035 1.762900 0.000000 0.000000 0.000000 1.000000
0.751462 0.525975 0.398314 0.000000 -0.437509 0.849140 -0.295885 13.606700 -0.493852 0.048080 0.868215 1.762900 0.000000 0.000000 0.000000 1.000000
0.776867 0.503813 0.377690 0.000000 -0.407038 0.859470 -0.309243 13.606700 -0.480413 0.086506 0.872766 1.762900 0.000000 0.000000 0.000000 1.000000
0.804382 0.476246 0.355188 0.000000 -0.368644 0.868934 -0.330236 13.606700 -0.465909 0.134698 0.874520 1.762900 0.000000 0.000000 0.000000 1.000000
0.826004 0.447657 0.342521 0.000000 -0.331562 0.877299 -0.347007 13.606700 -0.455833 0.173063 0.873078 1.762900 0.000000 0.000000 0.000000 1.000000
0.844544 0.416286 0.336825 0.000000 -0.300295 0.888977 -0.345750 13.606700 -0.443360 0.190854 0.875789 1.762900 0.000000 0.000000 0.000000 1.000000
0.865169 0.381077 0.325980 -0.000000 -0.277218 0.905119 -0.322352 13.606700 -0.417892 0.188521 0.888722 1.762900 0.000000 0.000000 0.000000 1.000000
0.887088 0.348919 0.302209 -0.000000 -0.263659 0.920394 -0.288720 13.606700 -0.378891 0.176440 0.908466 1.762900 0.000000 0.000000 0.000000 1.000000
