<?xml version="1.0" encoding="utf-8"?>
<COLLADA xmlns="http://www.collada.org/2005/11/COLLADASchema" version="1.4.1">
  <asset>
    <contributor>
      <author>Mixamo</author>
      <authoring_tool>COLLADA Mixamo exporter</authoring_tool>
      <comments/>
    </contributor>
    <created>2024-12-16T05:23:21Z</created>
    <modified>2024-12-16T05:23:21Z</modified>
    <revision/>
    <title/>
    <unit meter="0.010000"/>
    <up_axis>Y_UP</up_axis>
  </asset>
  <library_animations>
    <animation id="mixamorig_Hips-anim" name="mixamorig_Hips">
      <source id="mixamorig_Hips-Matrix-animation-input">
        <float_array id="mixamorig_Hips-Matrix-animation-input-array" count="67">

0.000000 0.033333 0.066667 0.100000 0.133333 0.166667 0.200000 0.233333 0.266667 0.300000 0.333333 0.366667 0.400000 0.433333 0.466667 0.500000
0.533333 0.566667 0.600000 0.633333 0.666667 0.700000 0.733333 0.766667 0.800000 0.833333 0.866667 0.900000 0.933333 0.966667 1.000000 1.033333
1.066667 1.100000 1.133333 1.166667 1.200000 1.233333 1.266667 1.300000 1.333333 1.366667 1.400000 1.433333 1.466667 1.500000 1.533333 1.566667
1.600000 1.633333 1.666667 1.700000 1.733333 1.766667 1.800000 1.833333 1.866667 1.900000 1.933333 1.966667 2.000000 2.033333 2.066667 2.100000
2.133333 2.166667 2.200000</float_array>
        <technique_common>
          <accessor source="#mixamorig_Hips-Matrix-animation-input-array" count="67">
            <param name="TIME" type="float"/>
          </accessor>
        </technique_common>
      </source>
      <source id="mixamorig_Hips-Matrix-animation-output-transform">
        <float_array id="mixamorig_Hips-Matrix-animation-output-transform-array" count="1072">

0.734295 -0.009759 -0.678760 -2.477107 0.065851 0.996205 0.056917 78.386185 0.675629 -0.086491 0.732151 2.579633 0.000000 0.000000 0.000000 1.000000
0.734286 -0.007322 -0.678801 -2.405636 0.063158 0.996341 0.057574 78.392349 0.675896 -0.085147 0.732062 2.505785 0.000000 0.000000 0.000000 1.000000
0.734251 -0.004886 -0.678860 -2.314785 0.060031 0.996524 0.057757 78.395523 0.676219 -0.083161 0.731992 2.443250 0.000000 0.000000 0.000000 1.000000
0.734373 -0.002361 -0.678742 -2.205358 0.056441 0.996743 0.057600 78.397354 0.676396 -0.080609 0.732114 2.383514 0.000000 0.000000 0.000000 1.000000
0.734734 0.000341 -0.678355 -2.078423 0.052374 0.996986 0.057228 78.398529 0.676330 -0.077575 0.732502 2.314430 0.000000 0.000000 0.000000 1.000000
0.735411 0.003296 -0.677613 -1.935187 0.047830 0.997241 0.056761 78.398163 0.675931 -0.074152 0.733225 2.242359 0.000000 0.000000 0.000000 1.000000
0.742352 0.006873 -0.669975 -1.746609 0.042255 0.997477 0.057051 78.394844 0.668676 -0.070662 0.740188 2.189374 0.000000 0.000000 0.000000 1.000000
0.755349 0.009277 -0.655257 -1.524083 0.037351 0.997665 0.057182 78.380508 0.654257 -0.067667 0.753239 2.161722 0.000000 0.000000 0.000000 1.000000
0.775583 0.008316 -0.631191 -1.272163 0.034911 0.997818 0.056044 78.342201 0.630280 -0.065502 0.773600 2.202413 0.000000 0.000000 0.000000 1.000000
0.801801 0.003447 -0.597582 -0.994874 0.035797 0.997911 0.053786 78.277382 0.596519 -0.064517 0.800002 2.346256 0.000000 0.000000 0.000000 1.000000
0.824675 -0.006954 -0.565564 -0.757233 0.044203 0.997659 0.052187 78.212051 0.563877 -0.068037 0.823051 2.670748 0.000000 0.000000 0.000000 1.000000
0.832846 -0.026100 -0.552888 -0.655405 0.063541 0.996792 0.048659 78.169800 0.549845 -0.075657 0.831833 3.188445 0.000000 0.000000 0.000000 1.000000
0.819014 -0.048372 -0.571731 -0.587036 0.086312 0.995488 0.039420 78.207726 0.567244 -0.081633 0.819494 3.803115 0.000000 0.000000 0.000000 1.000000
0.778682 -0.065527 -0.623988 -0.574596 0.104616 0.994169 0.026152 78.375603 0.618636 -0.085643 0.780996 4.517497 0.000000 0.000000 0.000000 1.000000
0.712953 -0.069824 -0.697727 -0.612746 0.110205 0.993822 0.013154 78.668602 0.692497 -0.086272 0.716243 5.237111 0.000000 0.000000 0.000000 1.000000
0.625066 -0.060963 -0.778188 -0.584028 0.099379 0.995048 0.001873 79.027374 0.774220 -0.078506 0.628029 5.881178 0.000000 0.000000 0.000000 1.000000
0.526468 -0.045079 -0.848999 -0.374437 0.079411 0.996835 -0.003686 79.359222 0.846478 -0.065479 0.528382 6.428563 0.000000 0.000000 0.000000 1.000000
0.448048 -0.016335 -0.893860 -0.141423 0.048514 0.998804 0.006065 79.595802 0.892692 -0.046082 0.448305 6.875764 0.000000 0.000000 0.000000 1.000000
0.436091 0.011473 -0.899829 -0.130695 0.013097 0.999732 0.019094 79.759651 0.899807 -0.020112 0.435824 7.374476 0.000000 0.000000 0.000000 1.000000
0.484681 0.031861 -0.874111 -0.548012 -0.006133 0.999436 0.033028 79.901581 0.874670 -0.010648 0.484603 8.165589 0.000000 0.000000 0.000000 1.000000
0.560590 0.041823 -0.827037 -1.168557 -0.010080 0.998994 0.043687 79.834305 0.828032 -0.016154 0.560448 9.143534 0.000000 0.000000 0.000000 1.000000
0.656378 0.043789 -0.753160 -1.632419 -0.017513 0.998929 0.042816 79.561432 0.754228 -0.014913 0.656443 10.153027 0.000000 0.000000 0.000000 1.000000
0.756312 0.037876 -0.653114 -1.884819 -0.023637 0.999253 0.030578 79.055450 0.653784 -0.007689 0.756642 11.071028 0.000000 0.000000 0.000000 1.000000
0.825235 0.017339 -0.564523 -2.111337 -0.017979 0.999829 0.004427 78.422005 0.564503 0.006496 0.825405 11.818754 0.000000 0.000000 0.000000 1.000000
0.851247 -0.011125 -0.524647 -2.405920 -0.008039 0.999381 -0.034236 77.939613 0.524704 0.033361 0.850631 12.418462 0.000000 0.000000 0.000000 1.000000
0.866684 -0.036304 -0.497535 -2.588810 -0.000007 0.997348 -0.072786 77.525421 0.498858 0.063086 0.864385 12.868391 0.000000 0.000000 0.000000 1.000000
0.882823 -0.047524 -0.467295 -2.587427 0.010523 0.996620 -0.081476 77.303123 0.469587 0.067011 0.880339 13.316164 0.000000 0.000000 0.000000 1.000000
0.883803 -0.045768 -0.465615 -2.602428 0.023072 0.998256 -0.054329 77.403473 0.467290 0.037274 0.883318 13.660045 0.000000 0.000000 0.000000 1.000000
0.859791 -0.039063 -0.509151 -2.642322 0.035532 0.999230 -0.016661 77.566933 0.509409 -0.003766 0.860516 13.763287 0.000000 0.000000 0.000000 1.000000
0.801922 -0.031610 -0.596592 -2.747632 0.049579 0.998676 0.013728 77.784866 0.595368 -0.040587 0.802428 13.841703 0.000000 0.000000 0.000000 1.000000
0.709103 -0.020509 -0.704806 -2.876503 0.061565 0.997560 0.032912 77.907036 0.702412 -0.066729 0.708636 13.758461 0.000000 0.000000 0.000000 1.000000
0.595769 -0.003417 -0.803149 -2.913624 0.064049 0.997008 0.043270 77.865097 0.800598 -0.077220 0.594205 13.231047 0.000000 0.000000 0.000000 1.000000
0.504967 0.021217 -0.862878 -2.700909 0.047061 0.997534 0.052069 77.854027 0.861855 -0.066901 0.502723 12.505721 0.000000 0.000000 0.000000 1.000000
0.486253 0.042054 -0.872806 -2.370345 0.024981 0.997764 0.061992 77.976501 0.873461 -0.051947 0.484115 12.042273 0.000000 0.000000 0.000000 1.000000
0.523810 0.052792 -0.850198 -2.102997 0.018773 0.997120 0.073481 78.084648 0.851628 -0.054450 0.521310 11.795367 0.000000 0.000000 0.000000 1.000000
0.584857 0.053277 -0.809385 -1.955637 0.010473 0.997261 0.073211 78.229141 0.811069 -0.051294 0.582697 11.738308 0.000000 0.000000 0.000000 1.000000
0.669820 0.044371 -0.741196 -1.808615 -0.003630 0.998397 0.056487 78.434120 0.742514 -0.035146 0.668907 11.853330 0.000000 0.000000 0.000000 1.000000
0.768189 0.027465 -0.639633 -1.631418 -0.007806 0.999407 0.033539 78.572380 0.640175 -0.020771 0.767948 11.927978 0.000000 0.000000 0.000000 1.000000
0.841822 0.001534 -0.539753 -1.544009 0.003848 0.999953 0.008844 78.675430 0.539741 -0.009522 0.841777 11.904425 0.000000 0.000000 0.000000 1.000000
0.876827 -0.024007 -0.480207 -1.675393 0.016063 0.999658 -0.020645 78.799225 0.480538 0.010389 0.876912 11.864534 0.000000 0.000000 0.000000 1.000000
0.890401 -0.037323 -0.453643 -1.914655 0.020892 0.998933 -0.041178 78.939758 0.454696 0.027187 0.890231 11.818536 0.000000 0.000000 0.000000 1.000000
0.898206 -0.037161 -0.438002 -2.125449 0.026392 0.999182 -0.030650 79.106705 0.438782 0.015971 0.898452 11.711833 0.000000 0.000000 0.000000 1.000000
0.905720 -0.026458 -0.423050 -2.247338 0.024914 0.999647 -0.009181 79.153122 0.423144 -0.002224 0.906060 11.353482 0.000000 0.000000 0.000000 1.000000
0.905685 -0.017219 -0.423601 -2.408809 0.021972 0.999738 0.006339 79.314659 0.423381 -0.015048 0.905827 10.797903 0.000000 0.000000 0.000000 1.000000
0.900703 -0.016501 -0.434121 -2.601809 0.025416 0.999568 0.014739 79.537239 0.433690 -0.024309 0.900734 10.063755 0.000000 0.000000 0.000000 1.000000
0.895514 -0.018086 -0.444665 -2.714436 0.030205 0.999340 0.020183 79.657745 0.444006 -0.031506 0.895470 9.222396 0.000000 0.000000 0.000000 1.000000
0.888754 -0.021048 -0.457901 -2.777421 0.036155 0.999052 0.024250 79.601471 0.456957 -0.038108 0.888672 8.685570 0.000000 0.000000 0.000000 1.000000
0.879347 -0.024612 -0.475545 -2.825597 0.042625 0.998723 0.027131 79.516098 0.474270 -0.044128 0.879273 8.083996 0.000000 0.000000 0.000000 1.000000
0.865875 -0.028488 -0.499449 -2.894858 0.049524 0.998354 0.028913 79.437637 0.497803 -0.049770 0.865861 7.469276 0.000000 0.000000 0.000000 1.000000
0.846820 -0.032457 -0.530889 -2.994304 0.056815 0.997945 0.029613 79.371727 0.528837 -0.055239 0.846924 6.845558 0.000000 0.000000 0.000000 1.000000
0.824948 -0.036102 -0.564055 -3.101095 0.063942 0.997512 0.029672 79.288239 0.561580 -0.060545 0.825204 6.220085 0.000000 0.000000 0.000000 1.000000
0.803762 -0.038664 -0.593694 -3.188879 0.069944 0.997107 0.029756 79.160049 0.590826 -0.065442 0.804141 5.625709 0.000000 0.000000 0.000000 1.000000
0.787282 -0.039313 -0.615339 -3.229558 0.073161 0.996871 0.029916 79.010651 0.612237 -0.068571 0.787695 5.093057 0.000000 0.000000 0.000000 1.000000
0.775900 -0.038717 -0.629666 -3.229352 0.074534 0.996750 0.030555 78.850822 0.626437 -0.070639 0.776265 4.618829 0.000000 0.000000 0.000000 1.000000
0.765475 -0.037225 -0.642389 -3.215795 0.075101 0.996671 0.031736 78.711990 0.639069 -0.072537 0.765722 4.198071 0.000000 0.000000 0.000000 1.000000
0.757092 -0.034941 -0.652373 -3.186788 0.074927 0.996624 0.033575 78.610519 0.648997 -0.074299 0.757154 3.842858 0.000000 0.000000 0.000000 1.000000
0.750773 -0.032162 -0.659777 -3.149334 0.074284 0.996589 0.035948 78.542000 0.656371 -0.076000 0.750601 3.553396 0.000000 0.000000 0.000000 1.000000
0.746105 -0.029098 -0.665193 -3.106469 0.073345 0.996557 0.038672 78.511703 0.661777 -0.077642 0.745670 3.338861 0.000000 0.000000 0.000000 1.000000
0.742650 -0.025939 -0.669177 -3.060151 0.072249 0.996521 0.041553 78.485191 0.665771 -0.079207 0.741940 3.200579 0.000000 0.000000 0.000000 1.000000
0.739938 -0.022920 -0.672285 -3.011479 0.071209 0.996473 0.044402 78.457901 0.668896 -0.080727 0.738960 3.115814 0.000000 0.000000 0.000000 1.000000
0.737491 -0.020244 -0.675053 -2.962835 0.070324 0.996419 0.046947 78.435425 0.671685 -0.082095 0.736274 3.031657 0.000000 0.000000 0.000000 1.000000
0.735758 -0.018212 -0.677000 -2.912715 0.069621 0.996376 0.048861 78.416679 0.673656 -0.083083 0.734360 2.952426 0.000000 0.000000 0.000000 1.000000
0.736202 -0.016759 -0.676554 -2.852214 0.069035 0.996338 0.050442 78.400703 0.673231 -0.083841 0.734663 2.885488 0.000000 0.000000 0.000000 1.000000
0.735900 -0.015198 -0.676919 -2.790812 0.068324 0.996312 0.051909 78.390053 0.673634 -0.084450 0.734225 2.818045 0.000000 0.000000 0.000000 1.000000
0.735506 -0.013644 -0.677381 -2.708446 0.067612 0.996285 0.053346 78.383148 0.674137 -0.085035 0.733695 2.749767 0.000000 0.000000 0.000000 1.000000
0.735063 -0.012101 -0.677891 -2.613182 0.066906 0.996255 0.054765 78.380005 0.674690 -0.085611 0.733120 2.679969 0.000000 0.000000 0.000000 1.000000
0.734619 -0.010553 -0.678398 -2.518290 0.066197 0.996223 0.056186 78.382500 0.675243 -0.086183 0.732543 2.611615 0.000000 0.000000 0.000000 1.000000</float_array>
        <technique_common>
          <accessor source="#mixamorig_Hips-Matrix-animation-output-transform-array" count="67" stride="16">
            <param type="float4x4"/>
          </accessor>
        </technique_common>
      </source>
      <source id="mixamorig_Hips-Interpolations">
        <Name_array id="mixamorig_Hips-Interpolations-array" count="67">
 LINEAR LINEAR LINEAR LINEAR LINEAR LINEAR LINEAR LINEAR LINEAR LINEAR LINEAR
LINEAR LINEAR LINEAR LINEAR LINEAR LINEAR LINEAR LINEAR LINEAR LINEAR LINEAR LINEAR
LINEAR LINEAR LINEAR LINEAR LINEAR LINEAR LINEAR LINEAR LINEAR LINEAR LINEAR LINEAR
LINEAR LINEAR LINEAR LINEAR LINEAR LINEAR LINEAR LINEAR LINEAR LINEAR LINEAR LINEAR
LINEAR LINEAR LINEAR LINEAR LINEAR LINEAR LINEAR LINEAR LINEAR LINEAR LINEAR LINEAR
LINEAR LINEAR LINEAR LINEAR LINEAR LINEAR LINEAR LINEAR</Name_array>
        <technique_common>
          <accessor source="#mixamorig_Hips-Interpolations-array" count="67">
            <param type="name"/>
          </accessor>
        </technique_common>
      </source>
      <sampler id="mixamorig_Hips-Matrix-animation-transform">
        <input semantic="INPUT" source="#mixamorig_Hips-Matrix-animation-input"/>
        <input semantic="OUTPUT" source="#mixamorig_Hips-Matrix-animation-output-transform"/>
        <input semantic="INTERPOLATION" source="#mixamorig_Hips-Interpolations"/>
      </sampler>
      <channel source="#mixamorig_Hips-Matrix-animation-transform" target="mixamorig_Hips/matrix"/>
    </animation>
    <animation id="mixamorig_Spine-anim" name="mixamorig_Spine">
      <source id="mixamorig_Spine-Matrix-animation-input">
        <float_array id="mixamorig_Spine-Matrix-animation-input-array" count="67">

0.000000 0.033333 0.066667 0.100000 0.133333 0.166667 0.200000 0.233333 0.266667 0.300000 0.333333 0.366667 0.400000 0.433333 0.466667 0.500000
0.533333 0.566667 0.600000 0.633333 0.666667 0.700000 0.733333 0.766667 0.800000 0.833333 0.866667 0.900000 0.933333 0.966667 1.000000 1.033333
1.066667 1.100000 1.133333 1.166667 1.200000 1.233333 1.266667 1.300000 1.333333 1.366667 1.400000 1.433333 1.466667 1.500000 1.533333 1.566667
1.600000 1.633333 1.666667 1.700000 1.733333 1.766667 1.800000 1.833333 1.866667 1.900000 1.933333 1.966667 2.000000 2.033333 2.066667 2.100000
2.133333 2.166667 2.200000</float_array>
        <technique_common>
          <accessor source="#mixamorig_Spine-Matrix-animation-input-array" count="67">
            <param name="TIME" type="float"/>
          </accessor>
        </technique_common>
      </source>
      <source id="mixamorig_Spine-Matrix-animation-output-transform">
        <float_array id="mixamorig_Spine-Matrix-animation-output-transform-array" count="1072">

0.991935 0.015343 0.125819 0.000000 -0.010515 0.999186 -0.038949 10.528800 -0.126314 0.037312 0.991288 -0.610600 0.000000 0.000000 0.000000 1.000000
0.991520 0.016894 0.128848 0.000000 -0.012173 0.999228 -0.037345 10.528800 -0.129380 0.035459 0.990961 -0.610600 0.000000 0.000000 0.000000 1.000000
0.991038 0.018016 0.132359 0.000000 -0.013366 0.999264 -0.035942 10.528800 -0.132909 0.033851 0.990550 -0.610600 0.000000 0.000000 0.000000 1.000000
0.990432 0.018952 0.136697 -0.000000 -0.014325 0.999293 -0.034756 10.528800 -0.137259 0.032465 0.990003 -0.610600 0.000000 0.000000 0.000000 1.000000
0.989688 0.019400 0.141920 0.000000 -0.014731 0.999318 -0.033872 10.528800 -0.142480 0.031432 0.989298 -0.610600 0.000000 0.000000 0.000000 1.000000
0.988977 0.019404 0.146790 0.000000 -0.014646 0.999334 -0.033428 10.528800 -0.147341 0.030910 0.988603 -0.610600 0.000000 0.000000 0.000000 1.000000
0.988664 0.018769 0.148970 -0.000000 -0.013886 0.999334 -0.033753 10.528800 -0.149504 0.031302 0.988265 -0.610600 0.000000 0.000000 0.000000 1.000000
0.988661 0.018673 0.149001 0.000000 -0.013663 0.999308 -0.034582 10.528800 -0.149544 0.032154 0.988232 -0.610600 0.000000 0.000000 0.000000 1.000000
0.988573 0.018896 0.149554 0.000000 -0.013777 0.999286 -0.035191 10.528800 -0.150112 0.032728 0.988127 -0.610600 0.000000 0.000000 0.000000 1.000000
0.987775 0.016311 0.155029 0.000000 -0.010940 0.999312 -0.035438 10.528800 -0.155501 0.033308 0.987274 -0.610600 0.000000 0.000000 0.000000 1.000000
0.984507 0.011709 0.174955 0.000000 -0.005526 0.999344 -0.035784 10.528800 -0.175260 0.034263 0.983926 -0.610600 0.000000 0.000000 0.000000 1.000000
0.976401 0.007859 0.215823 0.000000 -0.000688 0.999446 -0.033279 10.528800 -0.215965 0.032345 0.975865 -0.610600 0.000000 0.000000 0.000000 1.000000
0.962562 -0.001360 0.271059 -0.000000 0.008268 0.999669 -0.024343 10.528800 -0.270937 0.025672 0.962255 -0.610600 0.000000 0.000000 0.000000 1.000000
0.947074 -0.013221 0.320742 0.000000 0.018352 0.999747 -0.012979 10.528800 -0.320489 0.018178 0.947078 -0.610600 0.000000 0.000000 0.000000 1.000000
0.939632 -0.020675 0.341562 -0.000000 0.024043 0.999695 -0.005630 10.528800 -0.341342 0.013502 0.939842 -0.610600 0.000000 0.000000 0.000000 1.000000
0.943965 -0.022858 0.329252 -0.000000 0.024910 0.999688 -0.002015 10.528800 -0.329103 0.010103 0.944240 -0.610600 0.000000 0.000000 0.000000 1.000000
0.958143 -0.016618 0.285808 0.000000 0.020535 0.999732 -0.010712 10.528800 -0.285553 0.016133 0.958227 -0.610600 0.000000 0.000000 0.000000 1.000000
0.977003 0.003553 0.213198 0.000000 0.002754 0.999568 -0.029276 10.528800 -0.213210 0.029189 0.976570 -0.610600 0.000000 0.000000 0.000000 1.000000
0.992117 0.025492 0.122691 -0.000000 -0.022476 0.999412 -0.025903 10.528800 -0.123279 0.022941 0.992107 -0.610600 0.000000 0.000000 0.000000 1.000000
0.997455 0.031704 0.063861 0.000000 -0.031681 0.999497 -0.001365 10.528800 -0.063872 -0.000661 0.997958 -0.610600 0.000000 0.000000 0.000000 1.000000
0.997286 0.035672 0.064398 0.000000 -0.037684 0.998830 0.030297 10.528800 -0.063242 -0.032642 0.997464 -0.610600 0.000000 0.000000 0.000000 1.000000
0.995273 0.039034 0.088925 0.000000 -0.044401 0.997258 0.059205 10.528800 -0.086370 -0.062874 0.994277 -0.610600 0.000000 0.000000 0.000000 1.000000
0.991789 0.044737 0.119805 0.000000 -0.054497 0.995347 0.079469 10.528800 -0.115692 -0.085346 0.989612 -0.610600 0.000000 0.000000 0.000000 1.000000
0.981376 0.043213 0.187175 -0.000000 -0.061399 0.993820 0.092474 10.528800 -0.182022 -0.102244 0.977964 -0.610600 0.000000 0.000000 0.000000 1.000000
0.954029 0.021769 0.298922 -0.000000 -0.054163 0.993460 0.100515 10.528800 -0.294778 -0.112085 0.948969 -0.610600 0.000000 0.000000 0.000000 1.000000
0.919977 -0.000660 0.391971 0.000000 -0.047773 0.992355 0.113795 10.528800 -0.389050 -0.123415 0.912912 -0.610600 0.000000 0.000000 0.000000 1.000000
0.909672 -0.007858 0.415254 0.000000 -0.048284 0.991041 0.124525 10.528800 -0.412512 -0.133327 0.901142 -0.610600 0.000000 0.000000 0.000000 1.000000
0.914845 -0.002700 0.403797 0.000000 -0.045610 0.992888 0.109973 10.528800 -0.401222 -0.119025 0.908215 -0.610600 0.000000 0.000000 0.000000 1.000000
0.921060 0.004701 0.389393 0.000000 -0.039969 0.995788 0.082520 10.528800 -0.387364 -0.091570 0.917368 -0.610600 0.000000 0.000000 0.000000 1.000000
0.926568 0.013102 0.375900 0.000000 -0.041256 0.996903 0.066948 10.528800 -0.373859 -0.077541 0.924239 -0.610600 0.000000 0.000000 0.000000 1.000000
0.932976 0.024846 0.359081 0.000000 -0.048260 0.997242 0.056390 10.528800 -0.356690 -0.069939 0.931601 -0.610600 0.000000 0.000000 0.000000 1.000000
0.948252 0.046669 0.314069 0.000000 -0.061578 0.997390 0.037712 10.528800 -0.311490 -0.055100 0.948651 -0.610600 0.000000 0.000000 0.000000 1.000000
0.972230 0.070169 0.223262 0.000000 -0.079495 0.996287 0.033049 10.528800 -0.220114 -0.049880 0.974198 -0.610600 0.000000 0.000000 0.000000 1.000000
0.988699 0.086335 0.122555 0.000000 -0.091525 0.995102 0.037358 10.528800 -0.118729 -0.048153 0.991758 -0.610600 0.000000 0.000000 0.000000 1.000000
0.992683 0.098760 0.069478 -0.000000 -0.100824 0.994542 0.026854 10.528800 -0.066446 -0.033663 0.997222 -0.610600 0.000000 0.000000 0.000000 1.000000
0.993350 0.091027 0.070494 0.000000 -0.093275 0.995210 0.029278 10.528800 -0.067491 -0.035659 0.997082 -0.610600 0.000000 0.000000 0.000000 1.000000
0.992933 0.072041 0.094306 -0.000000 -0.077211 0.995639 0.052367 10.528800 -0.090122 -0.059278 0.994165 -0.610600 0.000000 0.000000 0.000000 1.000000
0.989400 0.063291 0.130695 0.000000 -0.072094 0.995358 0.063758 10.528800 -0.126053 -0.072505 0.989370 -0.610600 0.000000 0.000000 0.000000 1.000000
0.978673 0.053759 0.198263 0.000000 -0.066014 0.996262 0.055723 10.528800 -0.194526 -0.067623 0.978564 -0.610600 0.000000 0.000000 0.000000 1.000000
0.953172 0.018821 0.301842 0.000000 -0.038191 0.997563 0.058398 10.528800 -0.300007 -0.067191 0.951568 -0.610600 0.000000 0.000000 0.000000 1.000000
0.924838 -0.018596 0.379906 0.000000 -0.014550 0.996344 0.084190 10.528800 -0.380082 -0.083390 0.921186 -0.610600 0.000000 0.000000 0.000000 1.000000
0.915991 -0.033074 0.399833 0.000000 -0.004417 0.995704 0.092484 10.528800 -0.401175 -0.086481 0.911910 -0.610600 0.000000 0.000000 0.000000 1.000000
0.919340 -0.041303 0.391290 0.000000 0.010062 0.996618 0.081559 10.528800 -0.393335 -0.071043 0.916646 -0.610600 0.000000 0.000000 0.000000 1.000000
0.928123 -0.050515 0.368831 0.000000 0.023386 0.996705 0.077662 10.528800 -0.371539 -0.063454 0.926247 -0.610600 0.000000 0.000000 0.000000 1.000000
0.940508 -0.048222 0.336332 0.000000 0.023136 0.996669 0.078201 10.528800 -0.338982 -0.065767 0.938491 -0.610600 0.000000 0.000000 0.000000 1.000000
0.953255 -0.033855 0.300265 0.000000 0.013461 0.997475 0.069731 10.528800 -0.301868 -0.062430 0.951303 -0.610600 0.000000 0.000000 0.000000 1.000000
0.963191 -0.019799 0.268088 0.000000 0.005399 0.998508 0.054346 10.528800 -0.268764 -0.050898 0.961860 -0.610600 0.000000 0.000000 0.000000 1.000000
0.971629 -0.007310 0.236399 0.000000 -0.000777 0.999418 0.034096 10.528800 -0.236511 -0.033312 0.971058 -0.610600 0.000000 0.000000 0.000000 1.000000
0.978646 0.005577 0.205480 0.000000 -0.008143 0.999899 0.011643 10.528800 -0.205394 -0.013068 0.978592 -0.610600 0.000000 0.000000 0.000000 1.000000
0.982942 0.014804 0.183320 0.000000 -0.013227 0.999864 -0.009818 10.528800 -0.183440 0.007226 0.983004 -0.610600 0.000000 0.000000 0.000000 1.000000
0.984877 0.020355 0.172057 0.000000 -0.017046 0.999641 -0.020684 10.528800 -0.172416 0.017438 0.984870 -0.610600 0.000000 0.000000 0.000000 1.000000
0.985893 0.024796 0.165533 0.000000 -0.021260 0.999507 -0.023097 10.528800 -0.166024 0.019252 0.985934 -0.610600 0.000000 0.000000 0.000000 1.000000
0.987412 0.027203 0.155811 0.000000 -0.023802 0.999437 -0.023653 10.528800 -0.156367 0.019647 0.987504 -0.610600 0.000000 0.000000 0.000000 1.000000
0.989001 0.028364 0.145164 0.000000 -0.025220 0.999407 -0.023451 10.528800 -0.145743 0.019532 0.989130 -0.610600 0.000000 0.000000 0.000000 1.000000
0.990170 0.027895 0.137061 0.000000 -0.024861 0.999408 -0.023794 10.528800 -0.137643 0.020153 0.990277 -0.610600 0.000000 0.000000 0.000000 1.000000
0.991169 0.027356 0.129749 0.000000 -0.024024 0.999342 -0.027174 10.528800 -0.130407 0.023817 0.991174 -0.610600 0.000000 0.000000 0.000000 1.000000
0.991866 0.027022 0.124384 0.000000 -0.023737 0.999331 -0.027817 10.528800 -0.125053 0.024639 0.991844 -0.610600 0.000000 0.000000 0.000000 1.000000
0.991813 0.026710 0.124871 -0.000000 -0.023550 0.999366 -0.026709 10.528800 -0.125505 0.023550 0.991813 -0.610600 0.000000 0.000000 0.000000 1.000000
0.991407 0.026111 0.128178 0.000000 -0.022493 0.999309 -0.029600 10.528800 -0.128862 0.026462 0.991309 -0.610600 0.000000 0.000000 0.000000 1.000000
0.991112 0.024956 0.130672 -0.000000 -0.020835 0.999244 -0.032809 10.528800 -0.131392 0.029795 0.990883 -0.610600 0.000000 0.000000 0.000000 1.000000
0.990796 0.023219 0.133359 0.000000 -0.018842 0.999245 -0.033991 10.528800 -0.134048 0.031165 0.990485 -0.610600 0.000000 0.000000 0.000000 1.000000
0.990618 0.020842 0.135063 0.000000 -0.016268 0.999259 -0.034881 10.528800 -0.135690 0.032356 0.990223 -0.610600 0.000000 0.000000 0.000000 1.000000
0.990711 0.019545 0.134574 0.000000 -0.014939 0.999270 -0.035152 10.528800 -0.135163 0.032815 0.990280 -0.610600 0.000000 0.000000 0.000000 1.000000
0.990843 0.019060 0.133667 0.000000 -0.014570 0.999299 -0.034492 10.528800 -0.134230 0.032229 0.990426 -0.610600 0.000000 0.000000 0.000000 1.000000
0.991176 0.017753 0.131358 0.000000 -0.013341 0.999319 -0.034395 10.528800 -0.131879 0.032339 0.990738 -0.610600 0.000000 0.000000 0.000000 1.000000
0.991577 0.015939 0.128537 0.000000 -0.011445 0.999300 -0.035626 10.528800 -0.129014 0.033855 0.991065 -0.610600 0.000000 0.000000 0.000000 1.000000
0.991848 0.015399 0.126492 0.000000 -0.010669 0.999221 -0.037989 10.528800 -0.126978 0.036330 0.991240 -0.610600 0.000000 0.000000 0.000000 1.000000</float_array>
        <technique_common>
          <accessor source="#mixamorig_Spine-Matrix-animation-output-transform-array" count="67" stride="16">
            <param type="float4x4"/>
          </accessor>
        </technique_common>
      </source>
      <source id="mixamorig_Spine-Interpolations">
        <Name_array id="mixamorig_Spine-Interpolations-array" count="67">
 LINEAR LINEAR LINEAR LINEAR LINEAR LINEAR LINEAR LINEAR LINEAR LINEAR LINEAR
LINEAR LINEAR LINEAR LINEAR LINEAR LINEAR LINEAR LINEAR LINEAR LINEAR LINEAR LINEAR
LINEAR LINEAR LINEAR LINEAR LINEAR LINEAR LINEAR LINEAR LINEAR LINEAR LINEAR LINEAR
LINEAR LINEAR LINEAR LINEAR LINEAR LINEAR LINEAR LINEAR LINEAR LINEAR LINEAR LINEAR
LINEAR LINEAR LINEAR LINEAR LINEAR LINEAR LINEAR LINEAR LINEAR LINEAR LINEAR LINEAR
LINEAR LINEAR LINEAR LINEAR LINEAR LINEAR LINEAR LINEAR</Name_array>
        <technique_common>
          <accessor source="#mixamorig_Spine-Interpolations-array" count="67">
            <param type="name"/>
          </accessor>
        </technique_common>
      </source>
      <sampler id="mixamorig_Spine-Matrix-animation-transform">
        <input semantic="INPUT" source="#mixamorig_Spine-Matrix-animation-input"/>
        <input semantic="OUTPUT" source="#mixamorig_Spine-Matrix-animation-output-transform"/>
        <input semantic="INTERPOLATION" source="#mixamorig_Spine-Interpolations"/>
      </sampler>
      <channel source="#mixamorig_Spine-Matrix-animation-transform" target="mixamorig_Spine/matrix"/>
    </animation>
    <animation id="mixamorig_Spine1-anim" name="mixamorig_Spine1">
      <source id="mixamorig_Spine1-Matrix-animation-input">
        <float_array id="mixamorig_Spine1-Matrix-animation-input-array" count="67">

0.000000 0.033333 0.066667 0.100000 0.133333 0.166667 0.200000 0.233333 0.266667 0.300000 0.333333 0.366667 0.400000 0.433333 0.466667 0.500000
0.533333 0.566667 0.600000 0.633333 0.666667 0.700000 0.733333 0.766667 0.800000 0.833333 0.866667 0.900000 0.933333 0.966667 1.000000 1.033333
1.066667 1.100000 1.133333 1.166667 1.200000 1.233333 1.266667 1.300000 1.333333 1.366667 1.400000 1.433333 1.466667 1.500000 1.533333 1.566667
1.600000 1.633333 1.666667 1.700000 1.733333 1.766667 1.800000 1.833333 1.866667 1.900000 1.933333 1.966667 2.000000 2.033333 2.066667 2.100000
2.133333 2.166667 2.200000</float_array>
        <technique_common>
          <accessor source="#mixamorig_Spine1-Matrix-animation-input-array" count="67">
            <param name="TIME" type="float"/>
          </accessor>
        </technique_common>
      </source>
      <source id="mixamorig_Spine1-Matrix-animation-output-transform">
        <float_array id="mixamorig_Spine1-Matrix-animation-output-transform-array" count="1072">

0.999724 0.012185 0.020077 0.000000 -0.013056 0.998955 0.043808 11.377000 -0.019522 -0.044058 0.998838 0.000000 0.000000 0.000000 0.000000 1.000000
0.999723 0.012543 0.019915 0.000000 -0.013389 0.998988 0.042940 11.377000 -0.019356 -0.043195 0.998879 0.000000 0.000000 0.000000 0.000000 1.000000
0.999700 0.012839 0.020838 0.000000 -0.013712 0.999011 0.042297 11.377000 -0.020275 -0.042570 0.998888 0.000000 0.000000 0.000000 0.000000 1.000000
0.999661 0.012890 0.022608 0.000000 -0.013827 0.999031 0.041779 11.377000 -0.022048 -0.042078 0.998871 0.000000 0.000000 0.000000 0.000000 1.000000
0.999602 0.012784 0.025145 -0.000000 -0.013816 0.999050 0.041323 11.377000 -0.024592 -0.041654 0.998829 0.000000 0.000000 0.000000 0.000000 1.000000
0.999502 0.012411 0.029010 0.000000 -0.013593 0.999071 0.040907 11.377000 -0.028475 -0.041280 0.998742 -0.000000 0.000000 0.000000 0.000000 1.000000
0.999451 0.011767 0.030975 0.000000 -0.013014 0.999100 0.040366 11.377000 -0.030472 -0.040747 0.998705 0.000000 0.000000 0.000000 0.000000 1.000000
0.999465 0.011087 0.030756 -0.000000 -0.012307 0.999133 0.039780 11.377000 -0.030288 -0.040138 0.998735 0.000000 0.000000 0.000000 0.000000 1.000000
0.999452 0.009985 0.031570 0.000000 -0.011182 0.999217 0.037956 11.377000 -0.031166 -0.038288 0.998781 0.000000 0.000000 0.000000 0.000000 1.000000
0.999388 0.008953 0.033815 0.000000 -0.010147 0.999325 0.035304 11.377000 -0.033476 -0.035626 0.998804 0.000000 0.000000 0.000000 0.000000 1.000000
0.999173 0.008379 0.039778 0.000000 -0.009694 0.999409 0.032990 11.377000 -0.039478 -0.033348 0.998664 0.000000 0.000000 0.000000 0.000000 1.000000
0.998641 0.009890 0.051172 0.000000 -0.011462 0.999469 0.030514 11.377000 -0.050843 -0.031059 0.998224 0.000000 0.000000 0.000000 0.000000 1.000000
0.997711 0.012611 0.066443 -0.000000 -0.014311 0.999581 0.025175 11.377000 -0.066098 -0.026068 0.997473 0.000000 0.000000 0.000000 0.000000 1.000000
0.996679 0.013976 0.080222 0.000000 -0.015731 0.999650 0.021285 11.377000 -0.079897 -0.022476 0.996550 0.000000 0.000000 0.000000 0.000000 1.000000
0.996225 0.012080 0.085963 0.000000 -0.014059 0.999649 0.022453 11.377000 -0.085662 -0.023577 0.996045 0.000000 0.000000 0.000000 0.000000 1.000000
0.996627 0.005140 0.081909 -0.000000 -0.007452 0.999581 0.027954 11.377000 -0.081732 -0.028470 0.996248 -0.000000 0.000000 0.000000 0.000000 1.000000
0.997629 -0.006914 0.068470 -0.000000 0.004373 0.999299 0.037193 11.377000 -0.068679 -0.036806 0.996960 0.000000 0.000000 0.000000 0.000000 1.000000
0.998666 -0.022818 0.046317 0.000000 0.020941 0.998955 0.040615 11.377000 -0.047196 -0.039591 0.998101 0.000000 0.000000 0.000000 0.000000 1.000000
0.999260 -0.031859 0.021545 0.000000 0.031019 0.998787 0.038241 11.377000 -0.022737 -0.037545 0.999036 0.000000 0.000000 0.000000 0.000000 1.000000
0.999480 -0.030168 0.011419 0.000000 0.029681 0.998734 0.040606 11.377000 -0.012629 -0.040246 0.999110 0.000000 0.000000 0.000000 0.000000 1.000000
0.999239 -0.031638 0.022818 0.000000 0.030513 0.998377 0.048089 11.377000 -0.024302 -0.047357 0.998582 -0.000000 0.000000 0.000000 0.000000 1.000000
0.998389 -0.033748 0.045606 0.000000 0.031126 0.997888 0.057009 11.377000 -0.047434 -0.055497 0.997332 0.000000 0.000000 0.000000 0.000000 1.000000
0.996806 -0.026936 0.075175 0.000000 0.022321 0.997853 0.061570 11.377000 -0.076672 -0.059695 0.995268 0.000000 0.000000 0.000000 0.000000 1.000000
0.992991 -0.005805 0.118051 -0.000000 -0.001083 0.998304 0.058206 11.377000 -0.118189 -0.057926 0.991300 0.000000 0.000000 0.000000 0.000000 1.000000
0.984227 0.030271 0.174301 0.000000 -0.038468 0.998298 0.043839 11.377000 -0.172678 -0.049853 0.983716 0.000000 0.000000 0.000000 0.000000 1.000000
0.973828 0.056454 0.220163 0.000000 -0.063571 0.997655 0.025374 11.377000 -0.218214 -0.038706 0.975133 0.000000 0.000000 0.000000 0.000000 1.000000
0.969403 0.056183 0.238959 0.000000 -0.062993 0.997794 0.020951 11.377000 -0.237255 -0.035363 0.970804 0.000000 0.000000 0.000000 0.000000 1.000000
0.969290 0.043770 0.241996 0.000000 -0.052123 0.998242 0.028221 11.377000 -0.240335 -0.039967 0.969867 -0.000000 0.000000 0.000000 0.000000 1.000000
0.970514 0.030658 0.239085 -0.000000 -0.040561 0.998506 0.036609 11.377000 -0.237606 -0.045227 0.970308 0.000000 0.000000 0.000000 0.000000 1.000000
0.972529 0.020015 0.231919 0.000000 -0.030186 0.998728 0.040388 11.377000 -0.230816 -0.046279 0.971896 0.000000 0.000000 0.000000 0.000000 1.000000
0.975389 0.008219 0.220337 0.000000 -0.018744 0.998779 0.045717 11.377000 -0.219692 -0.048722 0.974352 0.000000 0.000000 0.000000 0.000000 1.000000
0.980014 -0.008383 0.198750 0.000000 -0.002835 0.998422 0.056092 11.377000 -0.198907 -0.055534 0.978444 0.000000 0.000000 0.000000 0.000000 1.000000
0.985973 -0.032988 0.163613 0.000000 0.024219 0.998176 0.055309 11.377000 -0.165139 -0.050571 0.984973 0.000000 0.000000 0.000000 0.000000 1.000000
0.990393 -0.048106 0.129645 0.000000 0.041982 0.997888 0.049563 11.377000 -0.131755 -0.043644 0.990321 0.000000 0.000000 0.000000 0.000000 1.000000
0.992512 -0.047554 0.112514 0.000000 0.041694 0.997677 0.053877 11.377000 -0.114815 -0.048783 0.992188 0.000000 0.000000 0.000000 0.000000 1.000000
0.992843 -0.046088 0.110172 -0.000000 0.039699 0.997439 0.059501 11.377000 -0.112632 -0.054702 0.992130 0.000000 0.000000 0.000000 0.000000 1.000000
0.992455 -0.047330 0.113102 0.000000 0.040411 0.997213 0.062707 11.377000 -0.115755 -0.057664 0.991603 0.000000 0.000000 0.000000 0.000000 1.000000
0.991890 -0.040894 0.120339 0.000000 0.033195 0.997313 0.065300 11.377000 -0.122686 -0.060776 0.990583 0.000000 0.000000 0.000000 0.000000 1.000000
0.990168 -0.014710 0.139107 0.000000 0.006012 0.998011 0.062746 11.377000 -0.139753 -0.061292 0.988288 0.000000 0.000000 0.000000 0.000000 1.000000
0.985580 0.021415 0.167852 0.000000 -0.029633 0.998474 0.046608 11.377000 -0.166598 -0.050910 0.984710 0.000000 0.000000 0.000000 0.000000 1.000000
0.982144 0.038117 0.184229 0.000000 -0.043880 0.998664 0.027302 11.377000 -0.182942 -0.034898 0.982504 0.000000 0.000000 0.000000 0.000000 1.000000
0.982885 0.031373 0.181531 0.000000 -0.036032 0.999099 0.022429 11.377000 -0.180664 -0.028586 0.983129 0.000000 0.000000 0.000000 0.000000 1.000000
0.984889 0.020386 0.171984 0.000000 -0.025693 0.999258 0.028687 11.377000 -0.171272 -0.032673 0.984682 0.000000 0.000000 0.000000 0.000000 1.000000
0.986564 0.012621 0.162884 -0.000000 -0.018508 0.999227 0.034671 11.377000 -0.162321 -0.037220 0.986036 0.000000 0.000000 0.000000 0.000000 1.000000
0.988691 0.002379 0.149947 0.000000 -0.008119 0.999257 0.037678 11.377000 -0.149746 -0.038469 0.987976 0.000000 0.000000 0.000000 0.000000 1.000000
0.990787 -0.009458 0.135100 0.000000 0.003718 0.999082 0.042675 11.377000 -0.135380 -0.041779 0.989913 0.000000 0.000000 0.000000 0.000000 1.000000
0.992257 -0.016091 0.123154 0.000000 0.010232 0.998792 0.048061 11.377000 -0.123779 -0.046429 0.991223 -0.000000 0.000000 0.000000 0.000000 1.000000
0.993213 -0.017108 0.115046 0.000000 0.010971 0.998493 0.053769 11.377000 -0.115792 -0.052142 0.991904 0.000000 0.000000 0.000000 0.000000 1.000000
0.994019 -0.016350 0.107975 -0.000000 0.009655 0.998014 0.062243 11.377000 -0.108779 -0.060828 0.992203 0.000000 0.000000 0.000000 0.000000 1.000000
0.995085 -0.010503 0.098466 0.000000 0.003552 0.997505 0.070507 11.377000 -0.098961 -0.069810 0.992640 0.000000 0.000000 0.000000 0.000000 1.000000
0.996281 -0.001977 0.086146 -0.000000 -0.003978 0.997616 0.068890 11.377000 -0.086076 -0.068976 0.993898 0.000000 0.000000 0.000000 0.000000 1.000000
0.997300 0.005354 0.073234 -0.000000 -0.009843 0.998085 0.061071 11.377000 -0.072767 -0.061627 0.995443 0.000000 0.000000 0.000000 0.000000 1.000000
0.997800 0.010424 0.065473 0.000000 -0.014062 0.998368 0.055349 11.377000 -0.064789 -0.056148 0.996318 0.000000 0.000000 0.000000 0.000000 1.000000
0.997962 0.013118 0.062442 -0.000000 -0.016375 0.998516 0.051944 11.377000 -0.061668 -0.052861 0.996696 0.000000 0.000000 0.000000 0.000000 1.000000
0.998110 0.015511 0.059467 0.000000 -0.018544 0.998537 0.050793 11.377000 -0.058592 -0.051800 0.996937 0.000000 0.000000 0.000000 0.000000 1.000000
0.998239 0.018003 0.056522 0.000000 -0.020927 0.998450 0.051573 11.377000 -0.055506 -0.052666 0.997068 0.000000 0.000000 0.000000 0.000000 1.000000
0.998448 0.018042 0.052696 0.000000 -0.020694 0.998524 0.050223 11.377000 -0.051712 -0.051236 0.997347 0.000000 0.000000 0.000000 0.000000 1.000000
0.998793 0.016416 0.046294 0.000000 -0.018605 0.998710 0.047254 11.377000 -0.045459 -0.048059 0.997810 0.000000 0.000000 0.000000 0.000000 1.000000
0.999110 0.015519 0.039221 0.000000 -0.017396 0.998696 0.047991 11.377000 -0.038426 -0.048630 0.998077 0.000000 0.000000 0.000000 0.000000 1.000000
0.999337 0.014483 0.033416 0.000000 -0.016142 0.998622 0.049942 11.377000 -0.032647 -0.050448 0.998193 0.000000 0.000000 0.000000 0.000000 1.000000
0.999493 0.013992 0.028593 0.000000 -0.015389 0.998668 0.049240 11.377000 -0.027866 -0.049655 0.998378 0.000000 0.000000 0.000000 0.000000 1.000000
0.999590 0.014126 0.024886 0.000000 -0.015316 0.998715 0.048315 11.377000 -0.024171 -0.048676 0.998522 0.000000 0.000000 0.000000 0.000000 1.000000
0.999673 0.013744 0.021551 0.000000 -0.014754 0.998765 0.047434 11.377000 -0.020873 -0.047736 0.998642 -0.000000 0.000000 0.000000 0.000000 1.000000
0.999721 0.012942 0.019739 -0.000000 -0.013835 0.998855 0.045794 11.377000 -0.019124 -0.046055 0.998756 -0.000000 0.000000 0.000000 0.000000 1.000000
0.999731 0.012789 0.019364 -0.000000 -0.013638 0.998924 0.044321 11.377000 -0.018777 -0.044574 0.998830 0.000000 0.000000 0.000000 0.000000 1.000000
0.999721 0.012947 0.019772 0.000000 -0.013806 0.998939 0.043934 11.377000 -0.019182 -0.044195 0.998839 0.000000 0.000000 0.000000 0.000000 1.000000
0.999720 0.012525 0.020068 0.000000 -0.013399 0.998941 0.044023 11.377000 -0.019495 -0.044280 0.998829 0.000000 0.000000 0.000000 0.000000 1.000000</float_array>
        <technique_common>
          <accessor source="#mixamorig_Spine1-Matrix-animation-output-transform-array" count="67" stride="16">
            <param type="float4x4"/>
          </accessor>
        </technique_common>
      </source>
      <source id="mixamorig_Spine1-Interpolations">
        <Name_array id="mixamorig_Spine1-Interpolations-array" count="67">
 LINEAR LINEAR LINEAR LINEAR LINEAR LINEAR LINEAR LINEAR LINEAR LINEAR LINEAR
LINEAR LINEAR LINEAR LINEAR LINEAR LINEAR LINEAR LINEAR LINEAR LINEAR LINEAR LINEAR
LINEAR LINEAR LINEAR LINEAR LINEAR LINEAR LINEAR LINEAR LINEAR LINEAR LINEAR LINEAR
LINEAR LINEAR LINEAR LINEAR LINEAR LINEAR LINEAR LINEAR LINEAR LINEAR LINEAR LINEAR
LINEAR LINEAR LINEAR LINEAR LINEAR LINEAR LINEAR LINEAR LINEAR LINEAR LINEAR LINEAR
LINEAR LINEAR LINEAR LINEAR LINEAR LINEAR LINEAR LINEAR</Name_array>
        <technique_common>
          <accessor source="#mixamorig_Spine1-Interpolations-array" count="67">
            <param type="name"/>
          </accessor>
        </technique_common>
      </source>
      <sampler id="mixamorig_Spine1-Matrix-animation-transform">
        <input semantic="INPUT" source="#mixamorig_Spine1-Matrix-animation-input"/>
        <input semantic="OUTPUT" source="#mixamorig_Spine1-Matrix-animation-output-transform"/>
        <input semantic="INTERPOLATION" source="#mixamorig_Spine1-Interpolations"/>
      </sampler>
      <channel source="#mixamorig_Spine1-Matrix-animation-transform" target="mixamorig_Spine1/matrix"/>
    </animation>
    <animation id="mixamorig_Spine2-anim" name="mixamorig_Spine2">
      <source id="mixamorig_Spine2-Matrix-animation-input">
        <float_array id="mixamorig_Spine2-Matrix-animation-input-array" count="67">

0.000000 0.033333 0.066667 0.100000 0.133333 0.166667 0.200000 0.233333 0.266667 0.300000 0.333333 0.366667 0.400000 0.433333 0.466667 0.500000
0.533333 0.566667 0.600000 0.633333 0.666667 0.700000 0.733333 0.766667 0.800000 0.833333 0.866667 0.900000 0.933333 0.966667 1.000000 1.033333
1.066667 1.100000 1.133333 1.166667 1.200000 1.233333 1.266667 1.300000 1.333333 1.366667 1.400000 1.433333 1.466667 1.500000 1.533333 1.566667
1.600000 1.633333 1.666667 1.700000 1.733333 1.766667 1.800000 1.833333 1.866667 1.900000 1.933333 1.966667 2.000000 2.033333 2.066667 2.100000
2.133333 2.166667 2.200000</float_array>
        <technique_common>
          <accessor source="#mixamorig_Spine2-Matrix-animation-input-array" count="67">
            <param name="TIME" type="float"/>
          </accessor>
        </technique_common>
      </source>
      <source id="mixamorig_Spine2-Matrix-animation-output-transform">
        <float_array id="mixamorig_Spine2-Matrix-animation-output-transform-array" count="1072">

