<?xml version="1.0" encoding="utf-8"?>
<COLLADA xmlns="http://www.collada.org/2005/11/COLLADASchema" version="1.4.1">
  <asset>
    <contributor>
      <author>Mixamo</author>
      <authoring_tool>COLLADA Mixamo exporter</authoring_tool>
      <comments/>
    </contributor>
    <created>2024-12-19T05:47:56Z</created>
    <modified>2024-12-19T05:47:56Z</modified>
    <revision/>
    <title/>
    <unit meter="0.010000"/>
    <up_axis>Y_UP</up_axis>
  </asset>
  <library_animations>
    <animation id="mixamorig_Hips-anim" name="mixamorig_Hips">
      <source id="mixamorig_Hips-Matrix-animation-input">
        <float_array id="mixamorig_Hips-Matrix-animation-input-array" count="235">

0.000000 0.033333 0.066667 0.100000 0.133333 0.166667 0.200000 0.233333 0.266667 0.300000 0.333333 0.366667 0.400000 0.433333 0.466667 0.500000
0.533333 0.566667 0.600000 0.633333 0.666667 0.700000 0.733333 0.766667 0.800000 0.833333 0.866667 0.900000 0.933333 0.966667 1.000000 1.033333
1.066667 1.100000 1.133333 1.166667 1.200000 1.233333 1.266667 1.300000 1.333333 1.366667 1.400000 1.433333 1.466667 1.500000 1.533333 1.566667
1.600000 1.633333 1.666667 1.700000 1.733333 1.766667 1.800000 1.833333 1.866667 1.900000 1.933333 1.966667 2.000000 2.033333 2.066667 2.100000
2.133333 2.166667 2.200000 2.233333 2.266667 2.300000 2.333333 2.366667 2.400000 2.433333 2.466667 2.500000 2.533333 2.566667 2.600000 2.633333
2.666667 2.700000 2.733333 2.766667 2.800000 2.833333 2.866667 2.900000 2.933333 2.966667 3.000000 3.033333 3.066667 3.100000 3.133333 3.166667
3.200000 3.233333 3.266667 3.300000 3.333333 3.366667 3.400000 3.433333 3.466667 3.500000 3.533333 3.566667 3.600000 3.633333 3.666667 3.700000
3.733333 3.766667 3.800000 3.833333 3.866667 3.900000 3.933333 3.966667 4.000000 4.033333 4.066667 4.100000 4.133333 4.166667 4.200000 4.233333
4.266667 4.300000 4.333333 4.366667 4.400000 4.433333 4.466667 4.500000 4.533333 4.566667 4.600000 4.633333 4.666667 4.700000 4.733333 4.766667
4.800000 4.833333 4.866667 4.900000 4.933333 4.966667 5.000000 5.033333 5.066667 5.100000 5.133333 5.166667 5.200000 5.233333 5.266667 5.300000
5.333333 5.366667 5.400000 5.433333 5.466667 5.500000 5.533333 5.566667 5.600000 5.633333 5.666667 5.700000 5.733333 5.766667 5.800000 5.833333
5.866667 5.900000 5.933333 5.966667 6.000000 6.033333 6.066667 6.100000 6.133333 6.166667 6.200000 6.233333 6.266667 6.300000 6.333333 6.366667
6.400000 6.433333 6.466667 6.500000 6.533333 6.566667 6.600000 6.633333 6.666667 6.700000 6.733333 6.766667 6.800000 6.833333 6.866667 6.900000
6.933333 6.966667 7.000000 7.033333 7.066667 7.100000 7.133333 7.166667 7.200000 7.233333 7.266667 7.300000 7.333333 7.366667 7.400000 7.433333
7.466667 7.500000 7.533333 7.566667 7.600000 7.633333 7.666667 7.700000 7.733333 7.766667 7.800000</float_array>
        <technique_common>
          <accessor source="#mixamorig_Hips-Matrix-animation-input-array" count="235">
            <param name="TIME" type="float"/>
          </accessor>
        </technique_common>
      </source>
      <source id="mixamorig_Hips-Matrix-animation-output-transform">
        <float_array id="mixamorig_Hips-Matrix-animation-output-transform-array" count="3760">

0.979825 -0.070189 -0.187128 -1.407560 0.078771 0.996137 0.038821 82.404205 0.183680 -0.052778 0.981568 6.816983 0.000000 0.000000 0.000000 1.000000
0.976983 -0.072486 -0.200624 -1.628298 0.084051 0.995220 0.049729 82.500366 0.196061 -0.065447 0.978405 7.327340 0.000000 0.000000 0.000000 1.000000
0.974757 -0.067035 -0.212969 -1.623591 0.081475 0.994883 0.059753 84.578224 0.207873 -0.075596 0.975230 6.896704 0.000000 0.000000 0.000000 1.000000
0.975198 -0.055945 -0.214146 -1.527068 0.070799 0.995541 0.062330 87.605843 0.209704 -0.075945 0.974811 5.814472 0.000000 0.000000 0.000000 1.000000
0.979457 -0.037704 -0.198096 -1.538635 0.049450 0.997278 0.054685 89.628616 0.195495 -0.063357 0.978656 5.049043 0.000000 0.000000 0.000000 1.000000
0.986547 -0.018766 -0.162395 -1.674815 0.026113 0.998724 0.043223 89.837341 0.161377 -0.046882 0.985779 5.445879 0.000000 0.000000 0.000000 1.000000
0.993981 -0.003456 -0.109497 -1.816549 0.007724 0.999226 0.038576 88.793457 0.109279 -0.039189 0.993238 7.059898 0.000000 0.000000 0.000000 1.000000
0.998659 0.012497 -0.050238 -1.901683 -0.010191 0.998894 0.045902 86.952332 0.050756 -0.045328 0.997682 9.307144 0.000000 0.000000 0.000000 1.000000
0.999162 0.040942 -0.000149 -1.967444 -0.040856 0.997294 0.061116 85.141724 0.002651 -0.061059 0.998131 11.403805 0.000000 0.000000 0.000000 1.000000
0.996129 0.081923 0.031884 -2.167544 -0.084092 0.993707 0.073994 84.026604 -0.025621 -0.076389 0.996749 12.917986 0.000000 0.000000 0.000000 1.000000
0.991994 0.117024 0.047463 -2.549906 -0.120385 0.989848 0.075549 83.694504 -0.038140 -0.080658 0.996012 13.934446 0.000000 0.000000 0.000000 1.000000
0.990322 0.127349 0.055185 -2.905610 -0.130760 0.989387 0.063369 83.605766 -0.046529 -0.069971 0.996463 14.780437 0.000000 0.000000 0.000000 1.000000
0.991618 0.115363 0.058185 -3.068066 -0.117829 0.992192 0.040885 83.630066 -0.053014 -0.047398 0.997468 15.659945 0.000000 0.000000 0.000000 1.000000
0.993796 0.099217 0.050245 -3.090266 -0.099974 0.994908 0.012778 83.630905 -0.048721 -0.017722 0.998655 16.613497 0.000000 0.000000 0.000000 1.000000
0.995403 0.091781 0.027384 -3.078129 -0.091350 0.995680 -0.016617 83.428619 -0.028791 0.014039 0.999487 17.662472 0.000000 0.000000 0.000000 1.000000
0.995731 0.092156 -0.005106 -3.000736 -0.092283 0.995034 -0.037309 82.903709 0.001643 0.037621 0.999291 18.902958 0.000000 0.000000 0.000000 1.000000
0.994897 0.093697 -0.037431 -2.806557 -0.095138 0.994708 -0.038788 82.256287 0.033599 0.042151 0.998546 20.364258 0.000000 0.000000 0.000000 1.000000
0.994188 0.088262 -0.061650 -2.600650 -0.089993 0.995606 -0.025887 82.095253 0.059094 0.031285 0.997762 21.763405 0.000000 0.000000 0.000000 1.000000
0.994849 0.067790 -0.075362 -2.586227 -0.069086 0.997502 -0.014720 83.081161 0.074176 0.019851 0.997048 22.658270 0.000000 0.000000 0.000000 1.000000
0.996096 0.033240 -0.081783 -2.783377 -0.034497 0.999307 -0.013999 85.346855 0.081261 0.016766 0.996552 22.910587 0.000000 0.000000 0.000000 1.000000
0.996090 -0.000090 -0.088343 -2.841911 -0.001596 0.999818 -0.019015 88.324959 0.088328 0.019082 0.995909 23.007439 0.000000 0.000000 0.000000 1.000000
0.994355 -0.028307 -0.102258 -2.675700 0.026478 0.999465 -0.019204 89.930000 0.102747 0.016388 0.994572 23.360340 0.000000 0.000000 0.000000 1.000000
0.990685 -0.045206 -0.128447 -2.563607 0.044644 0.998977 -0.007255 89.486046 0.128644 0.001454 0.991690 24.992249 0.000000 0.000000 0.000000 1.000000
0.985099 -0.043799 -0.166318 -2.676705 0.046966 0.998782 0.015156 88.414932 0.165451 -0.022741 0.985956 27.969917 0.000000 0.000000 0.000000 1.000000
0.977126 -0.042938 -0.208281 -2.952296 0.051632 0.997999 0.036487 87.077255 0.206297 -0.046406 0.977388 31.445793 0.000000 0.000000 0.000000 1.000000
0.968475 -0.061911 -0.241294 -3.172902 0.074372 0.996309 0.042871 85.181046 0.237749 -0.059465 0.969505 34.574043 0.000000 0.000000 0.000000 1.000000
0.961298 -0.101011 -0.256326 -3.053007 0.112356 0.993216 0.029969 84.252724 0.251560 -0.057609 0.966126 36.800568 0.000000 0.000000 0.000000 1.000000
0.955993 -0.135906 -0.260012 -2.624778 0.142814 0.989719 0.007769 84.464142 0.256283 -0.044561 0.965574 38.280548 0.000000 0.000000 0.000000 1.000000
0.951540 -0.147219 -0.269998 -2.150738 0.149356 0.988702 -0.012732 85.033791 0.268822 -0.028211 0.962777 39.646801 0.000000 0.000000 0.000000 1.000000
0.946289 -0.141314 -0.290806 -1.833445 0.137100 0.989941 -0.034923 85.417641 0.292816 -0.006822 0.956144 41.173122 0.000000 0.000000 0.000000 1.000000
0.941758 -0.136761 -0.307227 -1.629003 0.123353 0.990377 -0.062742 85.426003 0.312851 0.021191 0.949566 42.714268 0.000000 0.000000 0.000000 1.000000
0.941997 -0.138547 -0.305690 -1.418385 0.117176 0.989268 -0.087278 85.288055 0.314502 0.046396 0.948122 44.055222 0.000000 0.000000 0.000000 1.000000
0.947377 -0.139137 -0.288300 -1.225896 0.114398 0.988284 -0.101036 85.008598 0.298980 0.062738 0.952195 45.244682 0.000000 0.000000 0.000000 1.000000
0.954060 -0.136665 -0.266632 -1.145764 0.111378 0.987910 -0.107834 84.234032 0.278145 0.073183 0.957747 46.522678 0.000000 0.000000 0.000000 1.000000
0.958075 -0.138536 -0.250799 -1.211165 0.113452 0.987219 -0.111922 83.130608 0.263099 0.078776 0.961547 48.031555 0.000000 0.000000 0.000000 1.000000
0.958555 -0.147094 -0.244000 -1.396900 0.123192 0.986204 -0.110567 82.140411 0.256898 0.075925 0.963452 49.693756 0.000000 0.000000 0.000000 1.000000
0.957977 -0.153392 -0.242386 -1.629417 0.132436 0.986073 -0.100602 81.685913 0.254442 0.064274 0.964950 51.245110 0.000000 0.000000 0.000000 1.000000
0.959182 -0.147212 -0.241452 -1.790395 0.130575 0.987907 -0.083605 82.109680 0.250840 0.048665 0.966805 52.477001 0.000000 0.000000 0.000000 1.000000
0.962639 -0.123685 -0.240891 -1.850686 0.111500 0.991725 -0.063627 83.763351 0.246768 0.034391 0.968464 53.388916 0.000000 0.000000 0.000000 1.000000
0.967826 -0.079300 -0.238799 -1.865005 0.070200 0.996454 -0.046387 86.338844 0.241631 0.028131 0.969960 53.858452 0.000000 0.000000 0.000000 1.000000
0.974366 -0.010233 -0.224735 -1.830105 0.001446 0.999229 -0.039227 87.868820 0.224964 0.037897 0.973630 54.011604 0.000000 0.000000 0.000000 1.000000
0.978694 0.080713 -0.188794 -1.594246 -0.090131 0.995051 -0.041828 86.432091 0.184484 0.057953 0.981126 55.457008 0.000000 0.000000 0.000000 1.000000
0.979741 0.156075 -0.125489 -1.297774 -0.161972 0.986056 -0.038181 83.604393 0.117780 0.057733 0.991360 59.370461 0.000000 0.000000 0.000000 1.000000
0.978547 0.200397 -0.047824 -1.239598 -0.201038 0.979543 -0.008944 81.786621 0.045053 0.018366 0.998816 64.128441 0.000000 0.000000 0.000000 1.000000
0.976012 0.217357 0.012544 -1.382787 -0.217713 0.974763 0.049384 81.295830 -0.001493 -0.050930 0.998701 67.747467 0.000000 0.000000 0.000000 1.000000
0.976588 0.210643 0.043646 -1.779845 -0.214342 0.970041 0.114359 81.946625 -0.018249 -0.121036 0.992480 69.807922 0.000000 0.000000 0.000000 1.000000
0.983260 0.174086 0.053788 -2.283483 -0.180489 0.971021 0.156661 83.176094 -0.024957 -0.163747 0.986187 70.844635 0.000000 0.000000 0.000000 1.000000
0.991856 0.115304 0.054095 -2.690443 -0.122742 0.978736 0.164347 84.946358 -0.033995 -0.169648 0.984918 71.466209 0.000000 0.000000 0.000000 1.000000
0.996995 0.061910 0.046558 -2.950946 -0.068168 0.986676 0.147726 87.411095 -0.036792 -0.150456 0.987932 71.656120 0.000000 0.000000 0.000000 1.000000
0.999021 0.037384 0.023637 -3.163257 -0.040021 0.991569 0.123242 90.290184 -0.018830 -0.124068 0.992095 71.458847 0.000000 0.000000 0.000000 1.000000
0.999278 0.034571 -0.015770 -3.431167 -0.032861 0.994627 0.098167 91.675514 0.019079 -0.097578 0.995045 71.535942 0.000000 0.000000 0.000000 1.000000
0.997290 0.037879 -0.063068 -3.721038 -0.033016 0.996527 0.076449 90.892296 0.065745 -0.074160 0.995077 73.052917 0.000000 0.000000 0.000000 1.000000
0.993725 0.030720 -0.107546 -4.019455 -0.023737 0.997563 0.065616 89.414543 0.109300 -0.062652 0.992032 75.716019 0.000000 0.000000 0.000000 1.000000
0.989339 -0.000823 -0.145630 -4.261469 0.011438 0.997334 0.072069 87.878281 0.145182 -0.072966 0.986711 78.525970 0.000000 0.000000 0.000000 1.000000
0.982981 -0.050593 -0.176602 -4.310498 0.067673 0.993450 0.092071 86.361740 0.170788 -0.102456 0.979967 80.577606 0.000000 0.000000 0.000000 1.000000
0.974862 -0.096427 -0.200864 -4.150671 0.120769 0.986266 0.112666 85.717613 0.187241 -0.134092 0.973119 81.779778 0.000000 0.000000 0.000000 1.000000
0.970711 -0.109226 -0.213984 -3.906089 0.137859 0.982687 0.123779 85.769539 0.196759 -0.149653 0.968963 82.510300 0.000000 0.000000 0.000000 1.000000
0.973027 -0.087854 -0.213306 -3.734222 0.116095 0.985507 0.123687 85.947533 0.199349 -0.145115 0.969124 83.230103 0.000000 0.000000 0.000000 1.000000
0.976956 -0.062602 -0.204052 -3.627006 0.087846 0.989227 0.117099 86.212471 0.194524 -0.132326 0.971931 84.188087 0.000000 0.000000 0.000000 1.000000
0.979311 -0.058960 -0.193581 -3.525587 0.081911 0.990238 0.112776 86.314590 0.185042 -0.126299 0.974581 85.532372 0.000000 0.000000 0.000000 1.000000
0.980321 -0.072708 -0.183533 -3.447703 0.095276 0.988516 0.117298 86.117584 0.172897 -0.132475 0.975990 87.276062 0.000000 0.000000 0.000000 1.000000
0.981642 -0.087551 -0.169453 -3.428588 0.110541 0.985151 0.131367 85.706772 0.155436 -0.147687 0.976744 89.198090 0.000000 0.000000 0.000000 1.000000
0.983938 -0.097176 -0.149742 -3.446626 0.119542 0.981670 0.148437 85.208023 0.132573 -0.163953 0.977519 90.941910 0.000000 0.000000 0.000000 1.000000
0.985448 -0.105393 -0.133361 -3.454816 0.125968 0.979585 0.156672 84.682556 0.114126 -0.171191 0.978606 92.316193 0.000000 0.000000 0.000000 1.000000
0.984184 -0.116864 -0.133132 -3.432683 0.136058 0.979941 0.145613 84.169991 0.113445 -0.161424 0.980343 93.433800 0.000000 0.000000 0.000000 1.000000
0.979911 -0.130617 -0.150711 -3.372087 0.148554 0.982241 0.114608 83.754555 0.133064 -0.134694 0.981912 94.501038 0.000000 0.000000 0.000000 1.000000
0.974602 -0.141292 -0.173747 -3.261917 0.156446 0.984697 0.076793 83.505417 0.160237 -0.102025 0.981792 95.570129 0.000000 0.000000 0.000000 1.000000
0.971260 -0.145172 -0.188624 -3.104121 0.156923 0.986402 0.048857 83.438019 0.178966 -0.077052 0.980833 96.518936 0.000000 0.000000 0.000000 1.000000
0.970924 -0.144162 -0.191111 -2.934419 0.153743 0.987447 0.036210 83.496078 0.183492 -0.064539 0.980900 97.243309 0.000000 0.000000 0.000000 1.000000
0.971899 -0.142882 -0.187077 -2.805340 0.151394 0.987957 0.031960 83.601173 0.180257 -0.059384 0.981825 97.785965 0.000000 0.000000 0.000000 1.000000
0.972045 -0.143737 -0.185654 -2.741043 0.151191 0.988148 0.026563 83.683022 0.179636 -0.053889 0.982256 98.288765 0.000000 0.000000 0.000000 1.000000
0.970717 -0.146810 -0.190147 -2.694890 0.152423 0.988199 0.015160 83.671547 0.185677 -0.043699 0.981639 98.856918 0.000000 0.000000 0.000000 1.000000
0.968710 -0.152516 -0.195805 -2.589619 0.155394 0.987852 -0.000671 83.477348 0.193528 -0.029777 0.980643 99.526825 0.000000 0.000000 0.000000 1.000000
0.967583 -0.159786 -0.195579 -2.426353 0.159906 0.987014 -0.015280 83.028015 0.195481 -0.016490 0.980569 100.303459 0.000000 0.000000 0.000000 1.000000
0.968275 -0.165434 -0.187281 -2.297335 0.163759 0.986196 -0.024490 82.435768 0.188747 -0.006956 0.982001 101.127991 0.000000 0.000000 0.000000 1.000000
0.969992 -0.167268 -0.176458 -2.245813 0.164796 0.985911 -0.028680 82.159836 0.178769 -0.001260 0.983890 101.827774 0.000000 0.000000 0.000000 1.000000
0.971294 -0.162567 -0.173668 -2.193092 0.159773 0.986696 -0.030046 82.795845 0.176243 0.001436 0.984346 102.216797 0.000000 0.000000 0.000000 1.000000
0.971454 -0.146105 -0.186896 -2.111336 0.143117 0.989267 -0.029460 84.701309 0.189194 0.001871 0.981938 102.298393 0.000000 0.000000 0.000000 1.000000
0.970647 -0.116558 -0.210378 -2.146886 0.113254 0.993179 -0.027730 87.453247 0.212175 0.003090 0.977227 102.257378 0.000000 0.000000 0.000000 1.000000
0.972016 -0.073313 -0.223182 -2.263257 0.068927 0.997246 -0.027387 88.861557 0.224575 0.011237 0.974392 102.199539 0.000000 0.000000 0.000000 1.000000
0.978083 -0.027891 -0.206339 -2.361760 0.022096 0.999295 -0.030337 88.401855 0.207040 0.025113 0.978010 103.051094 0.000000 0.000000 0.000000 1.000000
0.986922 0.005301 -0.161113 -2.400852 -0.011170 0.999306 -0.035546 87.259140 0.160812 0.036881 0.986296 105.198044 0.000000 0.000000 0.000000 1.000000
0.993217 0.032367 -0.111680 -2.449700 -0.037038 0.998513 -0.040008 85.652931 0.110219 0.043873 0.992939 108.097084 0.000000 0.000000 0.000000 1.000000
0.993837 0.068136 -0.087434 -2.619530 -0.071917 0.996574 -0.040844 84.090744 0.084351 0.046880 0.995333 110.832085 0.000000 0.000000 0.000000 1.000000
0.989735 0.109972 -0.091277 -3.020348 -0.113849 0.992756 -0.038403 83.294022 0.086392 0.048400 0.995085 112.807114 0.000000 0.000000 0.000000 1.000000
0.985238 0.139225 -0.099606 -3.538403 -0.143522 0.988943 -0.037323 83.254654 0.093309 0.051068 0.994327 114.064774 0.000000 0.000000 0.000000 1.000000
0.985166 0.145875 -0.090383 -3.921928 -0.150143 0.987758 -0.042330 83.408180 0.083102 0.055273 0.995007 115.085457 0.000000 0.000000 0.000000 1.000000
0.987921 0.139827 -0.066785 -4.057816 -0.143403 0.988291 -0.052122 83.471321 0.058715 0.061069 0.996405 116.109177 0.000000 0.000000 0.000000 1.000000
0.989552 0.135269 -0.049886 -4.023010 -0.138161 0.988593 -0.059968 83.404320 0.041205 0.066234 0.996953 117.152626 0.000000 0.000000 0.000000 1.000000
0.989069 0.137635 -0.052908 -3.954289 -0.140883 0.987986 -0.063526 83.256355 0.043529 0.070285 0.996577 118.257065 0.000000 0.000000 0.000000 1.000000
0.986854 0.145780 -0.069765 -3.866304 -0.150560 0.986190 -0.069002 82.929016 0.058742 0.078599 0.995174 119.535378 0.000000 0.000000 0.000000 1.000000
0.984154 0.154960 -0.086185 -3.641630 -0.162064 0.983315 -0.082630 82.386635 0.071943 0.095288 0.992847 120.968765 0.000000 0.000000 0.000000 1.000000
0.983478 0.155695 -0.092363 -3.190561 -0.164878 0.981036 -0.101901 82.040390 0.074746 0.115446 0.990497 122.245125 0.000000 0.000000 0.000000 1.000000
0.986932 0.135882 -0.086606 -2.591753 -0.145616 0.982245 -0.118282 82.644180 0.068996 0.129348 0.989196 122.930481 0.000000 0.000000 0.000000 1.000000
0.992843 0.092567 -0.075466 -2.091766 -0.101680 0.986606 -0.127550 84.567574 0.062648 0.134310 0.988957 122.958893 0.000000 0.000000 0.000000 1.000000
0.996538 0.040480 -0.072611 -1.684463 -0.049780 0.990103 -0.131216 87.209061 0.066581 0.134376 0.988691 122.995277 0.000000 0.000000 0.000000 1.000000
0.996002 -0.005086 -0.089181 -1.207372 -0.006440 0.991691 -0.128481 89.272179 0.089093 0.128541 0.987694 123.675880 0.000000 0.000000 0.000000 1.000000
0.991009 -0.053120 -0.122802 -0.780842 0.039157 0.992772 -0.113449 89.220383 0.127941 0.107620 0.985925 125.327606 0.000000 0.000000 0.000000 1.000000
0.980976 -0.103423 -0.164284 -0.443239 0.090449 0.992301 -0.084599 87.784599 0.171769 0.068131 0.982779 128.346848 0.000000 0.000000 0.000000 1.000000
0.967451 -0.151271 -0.202868 -0.110436 0.143236 0.988225 -0.053805 85.350281 0.208618 0.022996 0.977727 131.958069 0.000000 0.000000 0.000000 1.000000
0.952813 -0.198566 -0.229605 0.167683 0.195370 0.980039 -0.036807 83.448616 0.232331 -0.009788 0.972588 134.915543 0.000000 0.000000 0.000000 1.000000
0.939831 -0.236870 -0.246193 0.435200 0.235036 0.971273 -0.037252 82.707626 0.247945 -0.022854 0.968505 136.903687 0.000000 0.000000 0.000000 1.000000
0.931954 -0.251464 -0.261203 0.713787 0.248183 0.967618 -0.046044 82.786888 0.264324 -0.021915 0.964185 138.246124 0.000000 0.000000 0.000000 1.000000
0.930133 -0.238349 -0.279359 0.972308 0.231720 0.971109 -0.057033 83.174843 0.284882 -0.011685 0.958491 139.292328 0.000000 0.000000 0.000000 1.000000
0.932207 -0.208221 -0.296032 1.202459 0.195556 0.978037 -0.072118 83.525284 0.304547 0.009338 0.952452 140.185242 0.000000 0.000000 0.000000 1.000000
0.935318 -0.178676 -0.305378 1.374429 0.157973 0.983202 -0.091426 83.706291 0.316584 0.037271 0.947832 141.018646 0.000000 0.000000 0.000000 1.000000
0.937587 -0.164025 -0.306636 1.450451 0.136542 0.984599 -0.109179 83.652603 0.319822 0.060497 0.945544 141.916901 0.000000 0.000000 0.000000 1.000000
0.938031 -0.166783 -0.303779 1.426220 0.136295 0.983483 -0.119098 83.333794 0.318626 0.070314 0.945269 142.967728 0.000000 0.000000 0.000000 1.000000
0.936684 -0.177478 -0.301870 1.309245 0.147406 0.981790 -0.119831 82.829063 0.317640 0.067746 0.945788 144.176483 0.000000 0.000000 0.000000 1.000000
0.934715 -0.186547 -0.302504 1.087754 0.158979 0.980729 -0.113560 82.288673 0.317858 0.058054 0.946359 145.495605 0.000000 0.000000 0.000000 1.000000
0.932320 -0.195992 -0.303919 0.765213 0.173592 0.979795 -0.099332 81.848335 0.317247 0.039852 0.947505 146.864471 0.000000 0.000000 0.000000 1.000000
0.928151 -0.212370 -0.305671 0.390233 0.199780 0.977171 -0.072287 81.678223 0.314045 0.006026 0.949389 148.200455 0.000000 0.000000 0.000000 1.000000
0.922310 -0.228847 -0.311406 -0.004976 0.230109 0.972598 -0.033219 82.041786 0.310475 -0.041019 0.949696 149.377792 0.000000 0.000000 0.000000 1.000000
0.919278 -0.224052 -0.323616 -0.401761 0.239176 0.970950 0.007185 83.261597 0.312605 -0.084006 0.946161 150.208710 0.000000 0.000000 0.000000 1.000000
0.923963 -0.184197 -0.335207 -0.738240 0.208252 0.977377 0.036954 85.374672 0.320817 -0.103952 0.941419 150.554108 0.000000 0.000000 0.000000 1.000000
0.935373 -0.120848 -0.332374 -1.035869 0.145781 0.988000 0.051033 88.033890 0.322218 -0.096189 0.941766 150.686920 0.000000 0.000000 0.000000 1.000000
0.951621 -0.040372 -0.304610 -1.335924 0.059330 0.996818 0.053237 88.640579 0.301492 -0.068734 0.950988 151.067947 0.000000 0.000000 0.000000 1.000000
0.966600 0.044587 -0.252383 -1.723167 -0.032291 0.998090 0.052657 86.409752 0.254249 -0.042749 0.966194 153.445389 0.000000 0.000000 0.000000 1.000000
0.976242 0.116454 -0.182728 -2.337727 -0.107749 0.992549 0.056899 83.668076 0.187993 -0.035859 0.981516 157.793442 0.000000 0.000000 0.000000 1.000000
0.979785 0.165006 -0.113116 -3.187599 -0.157913 0.985033 0.069094 81.711441 0.122824 -0.049835 0.991176 161.937790 0.000000 0.000000 0.000000 1.000000
0.977974 0.199379 -0.061762 -3.975045 -0.193724 0.977191 0.087002 81.186821 0.077699 -0.073121 0.994292 164.817612 0.000000 0.000000 0.000000 1.000000
0.976049 0.214531 -0.036118 -4.732883 -0.209916 0.972324 0.102571 81.669113 0.057123 -0.092533 0.994070 166.357635 0.000000 0.000000 0.000000 1.000000
0.980139 0.195828 -0.031272 -5.529352 -0.191528 0.975663 0.106763 82.870407 0.051418 -0.098653 0.993793 166.998199 0.000000 0.000000 0.000000 1.000000
0.988432 0.145691 -0.042136 -6.244393 -0.141253 0.985502 0.093982 84.840935 0.055218 -0.086943 0.994682 167.033478 0.000000 0.000000 0.000000 1.000000
0.993317 0.090146 -0.072080 -6.712882 -0.085447 0.994166 0.065819 87.661606 0.077592 -0.059220 0.995225 166.565430 0.000000 0.000000 0.000000 1.000000
0.991245 0.041933 -0.125203 -6.988327 -0.037859 0.998679 0.034744 89.802658 0.126495 -0.029700 0.991523 165.983261 0.000000 0.000000 0.000000 1.000000
0.981110 -0.003149 -0.193425 -7.330356 0.007159 0.999774 0.020032 89.465683 0.193318 -0.021038 0.980911 166.921158 0.000000 0.000000 0.000000 1.000000
0.965738 -0.033471 -0.257350 -7.884232 0.043388 0.998515 0.032952 88.098854 0.255865 -0.042989 0.965756 169.536591 0.000000 0.000000 0.000000 1.000000
0.953006 -0.052852 -0.298305 -8.403943 0.075430 0.995051 0.064683 86.379341 0.293410 -0.084144 0.952276 172.463074 0.000000 0.000000 0.000000 1.000000
0.946130 -0.069539 -0.316231 -8.680785 0.104130 0.990129 0.093819 84.818573 0.306585 -0.121694 0.944032 174.724625 0.000000 0.000000 0.000000 1.000000
0.941078 -0.082194 -0.328049 -8.698962 0.122730 0.986890 0.104808 84.290794 0.315134 -0.138894 0.938828 176.087143 0.000000 0.000000 0.000000 1.000000
0.935034 -0.083920 -0.344484 -8.551414 0.124706 0.987346 0.097963 84.591805 0.331903 -0.134558 0.933667 176.907547 0.000000 0.000000 0.000000 1.000000
0.930547 -0.075314 -0.358344 -8.344568 0.112481 0.990097 0.083999 85.208397 0.348469 -0.118472 0.929803 177.608795 0.000000 0.000000 0.000000 1.000000
0.932656 -0.064409 -0.354970 -8.135485 0.096177 0.992715 0.072570 85.702873 0.347710 -0.101822 0.932057 178.441711 0.000000 0.000000 0.000000 1.000000
0.941172 -0.058318 -0.332857 -7.973309 0.086366 0.993795 0.070087 85.935883 0.326704 -0.094711 0.940369 179.508118 0.000000 0.000000 0.000000 1.000000
0.949303 -0.060581 -0.308469 -7.918921 0.089097 0.992869 0.079200 85.891556 0.301471 -0.102668 0.947932 180.881149 0.000000 0.000000 0.000000 1.000000
0.951774 -0.071224 -0.298417 -8.011326 0.103475 0.990210 0.093686 85.525803 0.288823 -0.120047 0.949826 182.558914 0.000000 0.000000 0.000000 1.000000
0.949380 -0.085690 -0.302217 -8.215107 0.121707 0.987270 0.102400 84.878113 0.289596 -0.133998 0.947723 184.364807 0.000000 0.000000 0.000000 1.000000
0.946318 -0.098623 -0.307824 -8.417393 0.135096 0.985827 0.099466 84.133736 0.293652 -0.135713 0.946230 186.022614 0.000000 0.000000 0.000000 1.000000
0.945253 -0.108939 -0.307619 -8.520090 0.142157 0.985955 0.087658 83.512566 0.293749 -0.126589 0.947463 187.317871 0.000000 0.000000 0.000000 1.000000
0.945567 -0.118559 -0.303061 -8.520199 0.147041 0.986442 0.072875 83.135086 0.290313 -0.113470 0.950181 188.194061 0.000000 0.000000 0.000000 1.000000
0.946080 -0.127202 -0.297913 -8.474121 0.151131 0.986774 0.058616 82.982986 0.286517 -0.100479 0.952792 188.739273 0.000000 0.000000 0.000000 1.000000
0.946986 -0.132182 -0.292823 -8.420607 0.152271 0.987230 0.046802 82.955627 0.282897 -0.088909 0.955020 189.092087 0.000000 0.000000 0.000000 1.000000
0.948844 -0.132919 -0.286404 -8.363645 0.150262 0.987863 0.039349 82.958824 0.277697 -0.080372 0.957301 189.339645 0.000000 0.000000 0.000000 1.000000
0.951400 -0.132026 -0.278223 -8.295939 0.147993 0.988293 0.037092 82.964584 0.270069 -0.076464 0.959800 189.501205 0.000000 0.000000 0.000000 1.000000
0.953824 -0.132755 -0.269437 -8.215961 0.148441 0.988167 0.038609 82.989952 0.261123 -0.076821 0.962244 189.596268 0.000000 0.000000 0.000000 1.000000
0.955601 -0.137077 -0.260839 -8.136184 0.152780 0.987417 0.040808 83.015785 0.251963 -0.078847 0.964519 189.698715 0.000000 0.000000 0.000000 1.000000
0.956891 -0.145235 -0.251527 -8.086029 0.160603 0.986143 0.041573 82.942780 0.242004 -0.080177 0.966957 189.911484 0.000000 0.000000 0.000000 1.000000
0.958351 -0.154053 -0.240482 -8.098534 0.169025 0.984682 0.042800 82.688690 0.230204 -0.081665 0.969710 190.282059 0.000000 0.000000 0.000000 1.000000
0.960863 -0.155178 -0.229482 -8.188439 0.170517 0.984162 0.048472 82.345291 0.218326 -0.085706 0.972105 190.724442 0.000000 0.000000 0.000000 1.000000
0.964819 -0.140105 -0.222474 -8.319536 0.156634 0.985930 0.058385 82.205467 0.211163 -0.091178 0.973189 191.032181 0.000000 0.000000 0.000000 1.000000
0.968976 -0.108726 -0.221954 -8.394466 0.126529 0.989657 0.067592 82.643738 0.212310 -0.093579 0.972711 190.964737 0.000000 0.000000 0.000000 1.000000
0.971379 -0.066577 -0.228014 -8.330416 0.085044 0.993762 0.072140 83.958954 0.221789 -0.089466 0.970982 190.318985 0.000000 0.000000 0.000000 1.000000
0.971371 -0.017303 -0.236936 -8.191610 0.034770 0.996959 0.069741 86.122025 0.235009 -0.075982 0.969019 189.152634 0.000000 0.000000 0.000000 1.000000
0.970486 0.033294 -0.238846 -8.177232 -0.020519 0.998233 0.055772 88.058380 0.240281 -0.049225 0.969454 187.888077 0.000000 0.000000 0.000000 1.000000
0.971640 0.080538 -0.222327 -8.279713 -0.076302 0.996703 0.027592 88.924889 0.223816 -0.009846 0.974582 186.956726 0.000000 0.000000 0.000000 1.000000
0.974372 0.129012 -0.184272 -8.383475 -0.132537 0.991154 -0.006893 88.401978 0.181753 0.031139 0.982851 187.198380 0.000000 0.000000 0.000000 1.000000
0.975082 0.174832 -0.136561 -8.497317 -0.180553 0.983089 -0.030604 86.188110 0.128901 0.054498 0.990159 189.488510 0.000000 0.000000 0.000000 1.000000
0.972473 0.210371 -0.100203 -8.817379 -0.214130 0.976397 -0.028248 83.904121 0.091896 0.048927 0.994566 192.502808 0.000000 0.000000 0.000000 1.000000
0.968212 0.234852 -0.086086 -9.298435 -0.235541 0.971862 0.002207 82.807076 0.084182 0.018140 0.996285 194.409195 0.000000 0.000000 0.000000 1.000000
0.964781 0.249628 -0.082969 -9.759753 -0.246434 0.968024 0.046908 82.784897 0.092025 -0.024810 0.995448 194.993088 0.000000 0.000000 0.000000 1.000000
0.965154 0.252505 -0.068697 -10.105597 -0.246769 0.965584 0.082170 83.242577 0.087081 -0.062354 0.994248 195.189941 0.000000 0.000000 0.000000 1.000000
0.969455 0.242860 -0.034307 -10.292965 -0.239308 0.967242 0.084708 83.633217 0.053755 -0.073910 0.995815 195.647995 0.000000 0.000000 0.000000 1.000000
0.973510 0.228544 0.006733 -10.299979 -0.228594 0.972264 0.049468 83.696526 0.004760 -0.049696 0.998753 196.358490 0.000000 0.000000 0.000000 1.000000
0.975520 0.217638 0.031537 -10.140156 -0.217772 0.975999 0.000857 83.566208 -0.030593 -0.007704 0.999502 197.170380 0.000000 0.000000 0.000000 1.000000
0.977518 0.209004 0.027853 -9.817681 -0.208234 0.977673 -0.028181 83.445015 -0.033121 0.021748 0.999215 198.092987 0.000000 0.000000 0.000000 1.000000
0.979714 0.200364 0.003790 -9.286523 -0.200188 0.979371 -0.027515 83.322861 -0.009225 0.026198 0.999614 199.161133 0.000000 0.000000 0.000000 1.000000
0.981364 0.190947 -0.021534 -8.537718 -0.191239 0.981465 -0.012409 83.208366 0.018765 0.016296 0.999691 200.231506 0.000000 0.000000 0.000000 1.000000
0.984058 0.174292 -0.035381 -7.734026 -0.174496 0.984654 -0.002753 83.404907 0.034358 0.008882 0.999370 201.017563 0.000000 0.000000 0.000000 1.000000
0.989292 0.140901 -0.038064 -7.143830 -0.141268 0.989946 -0.007120 84.515976 0.036678 0.012421 0.999250 201.273148 0.000000 0.000000 0.000000 1.000000
0.995289 0.088406 -0.039803 -6.765700 -0.089281 0.995790 -0.020762 86.656929 0.037800 0.024218 0.998992 201.117020 0.000000 0.000000 0.000000 1.000000
0.997973 0.026413 -0.057895 -6.183159 -0.028148 0.999173 -0.029357 89.048149 0.057071 0.030927 0.997891 201.170624 0.000000 0.000000 0.000000 1.000000
0.993724 -0.040435 -0.104292 -5.411345 0.038676 0.999074 -0.018837 89.898605 0.104957 0.014685 0.994368 201.978317 0.000000 0.000000 0.000000 1.000000
0.979906 -0.095598 -0.175057 -4.715533 0.099055 0.995020 0.011092 89.196274 0.173125 -0.028209 0.984496 204.118973 0.000000 0.000000 0.000000 1.000000
0.960593 -0.135154 -0.242889 -4.375945 0.149725 0.987815 0.042475 87.924889 0.234189 -0.077168 0.969124 207.112259 0.000000 0.000000 0.000000 1.000000
0.945107 -0.167838 -0.280363 -4.282419 0.190655 0.980059 0.055993 85.716919 0.265375 -0.106372 0.958260 210.371704 0.000000 0.000000 0.000000 1.000000
0.939010 -0.194051 -0.283909 -4.094509 0.216252 0.975120 0.048746 84.169891 0.267386 -0.107169 0.957611 213.067886 0.000000 0.000000 0.000000 1.000000
0.941694 -0.200308 -0.270350 -3.560786 0.216442 0.975806 0.030923 83.802719 0.257615 -0.087635 0.962265 214.609924 0.000000 0.000000 0.000000 1.000000
0.948275 -0.186482 -0.256901 -2.823126 0.196017 0.980530 0.011784 84.077271 0.249702 -0.061532 0.966366 215.428192 0.000000 0.000000 0.000000 1.000000
0.953576 -0.169107 -0.249188 -2.118765 0.172715 0.984943 -0.007477 84.319305 0.246701 -0.035909 0.968426 216.158432 0.000000 0.000000 0.000000 1.000000
0.955605 -0.161806 -0.246248 -1.556311 0.159932 0.986739 -0.027731 84.346664 0.247469 -0.012883 0.968810 216.977982 0.000000 0.000000 0.000000 1.000000
0.954556 -0.164632 -0.248434 -1.154392 0.158248 0.986346 -0.045596 84.238029 0.252549 0.004210 0.967575 217.854736 0.000000 0.000000 0.000000 1.000000
0.951442 -0.171590 -0.255569 -0.895735 0.162679 0.985101 -0.055773 84.047791 0.261332 0.011489 0.965181 218.795975 0.000000 0.000000 0.000000 1.000000
0.948123 -0.179583 -0.262323 -0.716974 0.170311 0.983690 -0.057863 83.805519 0.268435 0.010185 0.963244 219.832397 0.000000 0.000000 0.000000 1.000000
0.946438 -0.188182 -0.262380 -0.555265 0.179742 0.982117 -0.056032 83.523537 0.268232 0.005870 0.963337 221.007538 0.000000 0.000000 0.000000 1.000000
0.946600 -0.195783 -0.256159 -0.459676 0.188449 0.980645 -0.053121 83.138901 0.261601 0.002012 0.965174 222.399414 0.000000 0.000000 0.000000 1.000000
0.947278 -0.199538 -0.250697 -0.574673 0.193433 0.979888 -0.049024 82.645180 0.255437 -0.002054 0.966824 223.982071 0.000000 0.000000 0.000000 1.000000
0.947964 -0.195602 -0.251205 -0.951650 0.191248 0.980648 -0.041880 82.326973 0.254536 -0.008342 0.967027 225.513321 0.000000 0.000000 0.000000 1.000000
0.950105 -0.177349 -0.256607 -1.430090 0.175219 0.984031 -0.031332 82.703461 0.258066 -0.015194 0.966008 226.681122 0.000000 0.000000 0.000000 1.000000
0.954348 -0.137683 -0.265070 -1.823010 0.136814 0.990356 -0.021835 83.994690 0.265520 -0.015427 0.963982 227.289932 0.000000 0.000000 0.000000 1.000000
0.958040 -0.078702 -0.275617 -2.168337 0.076350 0.996895 -0.019269 86.311569 0.276278 -0.002582 0.961074 227.442596 0.000000 0.000000 0.000000 1.000000
0.960139 -0.006445 -0.279448 -2.598151 -0.001555 0.999596 -0.028394 87.975113 0.279518 0.027697 0.959741 227.408585 0.000000 0.000000 0.000000 1.000000
0.961363 0.077267 -0.264217 -3.021471 -0.093950 0.994266 -0.051079 87.654907 0.258755 0.073929 0.963110 227.967514 0.000000 0.000000 0.000000 1.000000
0.961123 0.156188 -0.227700 -3.097620 -0.178043 0.980870 -0.078706 84.679779 0.211051 0.116186 0.970545 230.741241 0.000000 0.000000 0.000000 1.000000
0.962254 0.203510 -0.180693 -3.202561 -0.223199 0.970024 -0.096104 81.593307 0.155719 0.132807 0.978833 235.059265 0.000000 0.000000 0.000000 1.000000
0.965750 0.219979 -0.137610 -3.539529 -0.233966 0.967567 -0.095255 79.970413 0.112193 0.124189 0.985895 239.103958 0.000000 0.000000 0.000000 1.000000
0.967883 0.228561 -0.104705 -3.967160 -0.237336 0.968069 -0.080709 80.020340 0.082915 0.102967 0.991223 241.630981 0.000000 0.000000 0.000000 1.000000
0.967848 0.240075 -0.075065 -4.657154 -0.245035 0.967282 -0.065756 81.658279 0.056823 0.082035 0.995008 242.482330 0.000000 0.000000 0.000000 1.000000
0.969901 0.238610 -0.048541 -5.569872 -0.241225 0.968735 -0.057982 84.146545 0.033188 0.067946 0.997137 242.158722 0.000000 0.000000 0.000000 1.000000
0.977068 0.209065 -0.040377 -6.285873 -0.211063 0.975979 -0.054003 86.796951 0.028117 0.061287 0.997724 241.727264 0.000000 0.000000 0.000000 1.000000
0.986227 0.151865 -0.065528 -6.545982 -0.155005 0.986851 -0.045805 88.706238 0.057710 0.055331 0.996799 241.823761 0.000000 0.000000 0.000000 1.000000
0.989225 0.083088 -0.120540 -6.580498 -0.086723 0.995913 -0.025226 89.217178 0.117952 0.035407 0.992388 242.942627 0.000000 0.000000 0.000000 1.000000
0.983236 0.026737 -0.180365 -6.761580 -0.025039 0.999618 0.011683 88.682922 0.180609 -0.006971 0.983530 245.476990 0.000000 0.000000 0.000000 1.000000
0.976003 -0.006039 -0.217675 -7.032785 0.019212 0.998106 0.058449 87.698074 0.216910 -0.061228 0.974270 248.774918 0.000000 0.000000 0.000000 1.000000
0.974761 -0.025364 -0.221807 -7.181442 0.048409 0.993901 0.099084 86.193657 0.217941 -0.107321 0.970043 251.793091 0.000000 0.000000 0.000000 1.000000
0.977607 -0.047862 -0.204922 -7.214072 0.073854 0.989885 0.121131 84.966667 0.197052 -0.133553 0.971254 253.855728 0.000000 0.000000 0.000000 1.000000
0.979072 -0.071625 -0.190495 -7.140604 0.096597 0.987417 0.125210 84.712433 0.179130 -0.140991 0.973670 255.028046 0.000000 0.000000 0.000000 1.000000
0.977888 -0.083928 -0.191550 -6.972838 0.108306 0.986781 0.120554 85.223160 0.178900 -0.138634 0.974051 255.579712 0.000000 0.000000 0.000000 1.000000
0.975907 -0.080143 -0.202933 -6.760567 0.104799 0.987959 0.113815 85.867317 0.191368 -0.132340 0.972556 255.915466 0.000000 0.000000 0.000000 1.000000
0.975293 -0.068496 -0.210030 -6.560641 0.092112 0.990219 0.104794 86.312653 0.200798 -0.121552 0.972062 256.239166 0.000000 0.000000 0.000000 1.000000
0.976805 -0.060749 -0.205331 -6.415808 0.081404 0.992268 0.093688 86.563866 0.198052 -0.108230 0.974198 256.507385 0.000000 0.000000 0.000000 1.000000
0.978835 -0.063408 -0.194580 -6.328924 0.081575 0.992879 0.086813 86.762398 0.187689 -0.100848 0.977037 256.815582 0.000000 0.000000 0.000000 1.000000
0.978898 -0.073996 -0.190484 -6.272357 0.092369 0.991699 0.089447 86.954155 0.182284 -0.105154 0.977607 257.350189 0.000000 0.000000 0.000000 1.000000
0.976151 -0.083865 -0.200241 -6.232161 0.105359 0.989474 0.099197 87.069458 0.189814 -0.117929 0.974712 258.215332 0.000000 0.000000 0.000000 1.000000
0.971665 -0.085606 -0.220317 -6.201258 0.112053 0.987543 0.110471 87.038620 0.208116 -0.132028 0.969153 259.338379 0.000000 0.000000 0.000000 1.000000
0.967100 -0.081265 -0.241069 -6.150339 0.112850 0.986310 0.120236 86.809616 0.227998 -0.143484 0.963031 260.548737 0.000000 0.000000 0.000000 1.000000
0.963645 -0.081080 -0.254586 -6.060528 0.116006 0.985313 0.125300 86.416389 0.240688 -0.150279 0.958898 261.683472 0.000000 0.000000 0.000000 1.000000
0.961899 -0.090237 -0.258085 -5.951069 0.124671 0.984878 0.120305 85.989967 0.243327 -0.147897 0.958602 262.648132 0.000000 0.000000 0.000000 1.000000
0.962247 -0.102419 -0.252174 -5.831198 0.132102 0.985797 0.103703 85.703995 0.237971 -0.133100 0.962109 263.412811 0.000000 0.000000 0.000000 1.000000
0.964017 -0.110926 -0.241591 -5.698245 0.133924 0.987684 0.080902 85.575539 0.229642 -0.110346 0.967000 263.988281 0.000000 0.000000 0.000000 1.000000
0.965512 -0.116399 -0.232890 -5.581302 0.133736 0.989197 0.060039 85.449051 0.223385 -0.089115 0.970648 264.435608 0.000000 0.000000 0.000000 1.000000
0.965888 -0.121031 -0.228938 -5.522112 0.135453 0.989605 0.048311 85.297302 0.220711 -0.077673 0.972242 264.851593 0.000000 0.000000 0.000000 1.000000
0.965737 -0.124290 -0.227825 -5.549339 0.138783 0.989126 0.048673 85.041512 0.219298 -0.078624 0.972485 265.292053 0.000000 0.000000 0.000000 1.000000
0.965784 -0.126345 -0.226492 -5.647684 0.142597 0.988148 0.056826 84.639603 0.216628 -0.087178 0.972354 265.766479 0.000000 0.000000 0.000000 1.000000
0.965839 -0.128741 -0.224901 -5.790331 0.146640 0.987071 0.064715 84.099442 0.213661 -0.095483 0.972230 266.267212 0.000000 0.000000 0.000000 1.000000
0.965566 -0.131086 -0.224719 -5.964301 0.149759 0.986375 0.068095 83.511391 0.212731 -0.099404 0.972041 266.760010 0.000000 0.000000 0.000000 1.000000
0.964995 -0.131732 -0.226787 -6.162004 0.150623 0.986247 0.068038 82.974457 0.214705 -0.099816 0.971565 267.207123 0.000000 0.000000 0.000000 1.000000
0.964417 -0.129905 -0.230272 -6.367749 0.148652 0.986688 0.065951 82.523010 0.218640 -0.097834 0.970889 267.610718 0.000000 0.000000 0.000000 1.000000
0.964452 -0.125033 -0.232806 -6.570345 0.143075 0.987753 0.062229 82.143456 0.222175 -0.093326 0.970530 268.005859 0.000000 0.000000 0.000000 1.000000
0.965618 -0.116990 -0.232154 -6.757184 0.133957 0.989249 0.058666 81.850197 0.222794 -0.087748 0.970908 268.400513 0.000000 0.000000 0.000000 1.000000
0.968015 -0.106783 -0.227034 -6.897407 0.122515 0.990867 0.056331 81.710754 0.218945 -0.082344 0.972256 268.755157 0.000000 0.000000 0.000000 1.000000
0.971545 -0.095276 -0.216846 -6.978804 0.109068 0.992646 0.052525 81.780006 0.210247 -0.074682 0.974792 269.023865 0.000000 0.000000 0.000000 1.000000
0.975467 -0.083596 -0.203655 -7.045475 0.094758 0.994452 0.045671 81.984573 0.198708 -0.063848 0.977977 269.213074 0.000000 0.000000 0.000000 1.000000
0.978462 -0.074319 -0.192584 -7.160657 0.083451 0.995719 0.039738 82.216400 0.188806 -0.054953 0.980476 269.397980 0.000000 0.000000 0.000000 1.000000
0.979900 -0.070184 -0.186738 -7.333559 0.078728 0.996144 0.038729 82.413986 0.183299 -0.052652 0.981646 269.619324 0.000000 0.000000 0.000000 1.000000</float_array>
        <technique_common>
          <accessor source="#mixamorig_Hips-Matrix-animation-output-transform-array" count="235" stride="16">
            <param type="float4x4"/>
          </accessor>
        </technique_common>
      </source>
      <source id="mixamorig_Hips-Interpolations">
        <Name_array id="mixamorig_Hips-Interpolations-array" count="235">
 LINEAR LINEAR LINEAR LINEAR LINEAR LINEAR LINEAR LINEAR LINEAR LINEAR LINEAR
LINEAR LINEAR LINEAR LINEAR LINEAR LINEAR LINEAR LINEAR LINEAR LINEAR LINEAR LINEAR
LINEAR LINEAR LINEAR LINEAR LINEAR LINEAR LINEAR LINEAR LINEAR LINEAR LINEAR LINEAR
LINEAR LINEAR LINEAR LINEAR LINEAR LINEAR LINEAR LINEAR LINEAR LINEAR LINEAR LINEAR
LINEAR LINEAR LINEAR LINEAR LINEAR LINEAR LINEAR LINEAR LINEAR LINEAR LINEAR LINEAR
LINEAR LINEAR LINEAR LINEAR LINEAR LINEAR LINEAR LINEAR LINEAR LINEAR LINEAR LINEAR
LINEAR LINEAR LINEAR LINEAR LINEAR LINEAR LINEAR LINEAR LINEAR LINEAR LINEAR LINEAR
LINEAR LINEAR LINEAR LINEAR LINEAR LINEAR LINEAR LINEAR LINEAR LINEAR LINEAR LINEAR
LINEAR LINEAR LINEAR LINEAR LINEAR LINEAR LINEAR LINEAR LINEAR LINEAR LINEAR LINEAR
LINEAR LINEAR LINEAR LINEAR LINEAR LINEAR LINEAR LINEAR LINEAR LINEAR LINEAR LINEAR
LINEAR LINEAR LINEAR LINEAR LINEAR LINEAR LINEAR LINEAR LINEAR LINEAR LINEAR LINEAR
