<?xml version="1.0" encoding="utf-8"?>
<COLLADA xmlns="http://www.collada.org/2005/11/COLLADASchema" version="1.4.1">
  <asset>
    <contributor>
      <author>Mixamo</author>
      <authoring_tool>COLLADA Mixamo exporter</authoring_tool>
      <comments/>
    </contributor>
    <created>2025-01-28T07:35:24Z</created>
    <modified>2025-01-28T07:35:24Z</modified>
    <revision/>
    <title/>
    <unit meter="0.010000"/>
    <up_axis>Y_UP</up_axis>
  </asset>
  <library_animations>
    <animation id="mixamorig_Hips-anim" name="mixamorig_Hips">
      <source id="mixamorig_Hips-Matrix-animation-input">
        <float_array id="mixamorig_Hips-Matrix-animation-input-array" count="57">

0.000000 0.033333 0.066667 0.100000 0.133333 0.166667 0.200000 0.233333 0.266667 0.300000 0.333333 0.366667 0.400000 0.433333 0.466667 0.500000
0.533333 0.566667 0.600000 0.633333 0.666667 0.700000 0.733333 0.766667 0.800000 0.833333 0.866667 0.900000 0.933333 0.966667 1.000000 1.033333
1.066667 1.100000 1.133333 1.166667 1.200000 1.233333 1.266667 1.300000 1.333333 1.366667 1.400000 1.433333 1.466667 1.500000 1.533333 1.566667
1.600000 1.633333 1.666667 1.700000 1.733333 1.766667 1.800000 1.833333 1.866667</float_array>
        <technique_common>
          <accessor source="#mixamorig_Hips-Matrix-animation-input-array" count="57">
            <param name="TIME" type="float"/>
          </accessor>
        </technique_common>
      </source>
      <source id="mixamorig_Hips-Matrix-animation-output-transform">
        <float_array id="mixamorig_Hips-Matrix-animation-output-transform-array" count="912">

0.987557 -0.107033 -0.115214 -0.798105 0.100294 0.992974 -0.062796 87.397934 0.121126 0.050460 0.991354 -0.096527 0.000000 0.000000 0.000000 1.000000
0.988674 -0.102419 -0.109700 -0.898109 0.095990 0.993426 -0.062380 87.422028 0.115367 0.051143 0.992005 -0.290794 0.000000 0.000000 0.000000 1.000000
0.990179 -0.096546 -0.101113 -1.096740 0.090547 0.993939 -0.062337 87.488808 0.106518 0.052569 0.992920 -0.600890 0.000000 0.000000 0.000000 1.000000
0.991883 -0.089207 -0.090611 -1.562880 0.083729 0.994522 -0.062567 87.564529 0.095697 0.054472 0.993919 -1.069672 0.000000 0.000000 0.000000 1.000000
0.993594 -0.082371 -0.077370 -2.403876 0.077543 0.994967 -0.063466 87.593819 0.082209 0.057060 0.994980 -1.788873 0.000000 0.000000 0.000000 1.000000
0.995143 -0.080074 -0.057256 -3.743651 0.075993 0.994632 -0.070224 87.411942 0.062572 0.065532 0.995887 -2.918014 0.000000 0.000000 0.000000 1.000000
0.996623 -0.075799 -0.031587 -5.531961 0.072970 0.993898 -0.082718 86.811096 0.037664 0.080134 0.996072 -4.437739 0.000000 0.000000 0.000000 1.000000
0.998145 -0.060571 -0.006162 -7.690043 0.059520 0.992079 -0.110617 85.413727 0.012814 0.110045 0.993844 -6.220512 0.000000 0.000000 0.000000 1.000000
0.999243 -0.037645 0.009775 -10.155873 0.038698 0.987469 -0.152993 83.309792 -0.003894 0.153255 0.988179 -7.897059 0.000000 0.000000 0.000000 1.000000
0.999659 -0.025143 0.007016 -12.776673 0.026030 0.980322 -0.195683 80.963562 -0.001957 0.195799 0.980642 -8.997856 0.000000 0.000000 0.000000 1.000000
0.999435 -0.033598 -0.000219 -14.802703 0.032940 0.981110 -0.190625 78.777786 0.006619 0.190511 0.981663 -9.142920 0.000000 0.000000 0.000000 1.000000
0.998286 -0.057782 0.009261 -16.101484 0.058520 0.985973 -0.156307 76.471657 -0.000100 0.156581 0.987665 -9.439806 0.000000 0.000000 0.000000 1.000000
0.996131 -0.087811 0.003427 -16.784590 0.087467 0.986960 -0.135125 75.330704 0.008483 0.134902 0.990823 -9.365201 0.000000 0.000000 0.000000 1.000000
0.995953 -0.089779 -0.004160 -16.611177 0.088928 0.991099 -0.099068 75.711807 0.013017 0.098297 0.995072 -8.713378 0.000000 0.000000 0.000000 1.000000
0.995692 -0.090444 0.020418 -15.818293 0.091741 0.992915 -0.075526 77.109436 -0.013442 0.077074 0.996935 -7.883049 0.000000 0.000000 0.000000 1.000000
0.994330 -0.095928 0.045889 -14.813307 0.098136 0.993988 -0.048553 79.471985 -0.040955 0.052781 0.997766 -6.891019 0.000000 0.000000 0.000000 1.000000
0.992331 -0.098511 0.074663 -13.755982 0.102323 0.993540 -0.049068 81.768272 -0.069347 0.056331 0.996001 -5.996672 0.000000 0.000000 0.000000 1.000000
0.989426 -0.095962 0.108753 -12.453197 0.104658 0.991501 -0.077283 83.418747 -0.100413 0.087848 0.991060 -5.123517 0.000000 0.000000 0.000000 1.000000
0.987023 -0.091775 0.131769 -11.054381 0.106502 0.988271 -0.109446 84.762482 -0.120179 0.122059 0.985220 -4.122990 0.000000 0.000000 0.000000 1.000000
0.988744 -0.079110 0.126993 -9.946080 0.093836 0.988981 -0.114504 86.000351 -0.116535 0.125131 0.985272 -3.464644 0.000000 0.000000 0.000000 1.000000
0.992156 -0.073893 0.100826 -8.971517 0.080714 0.994594 -0.065337 87.115532 -0.095453 0.072963 0.992756 -2.956158 0.000000 0.000000 0.000000 1.000000
0.995294 -0.057767 0.077806 -8.274957 0.059619 0.997985 -0.021692 88.066483 -0.076396 0.026228 0.996733 -2.306398 0.000000 0.000000 0.000000 1.000000
0.995503 -0.055124 0.077040 -8.094002 0.056667 0.998231 -0.017987 88.224648 -0.075912 0.022272 0.996866 -1.581041 0.000000 0.000000 0.000000 1.000000
0.994032 -0.071645 0.082260 -8.266994 0.072871 0.997269 -0.011997 88.037094 -0.081176 0.017920 0.996539 -1.222550 0.000000 0.000000 0.000000 1.000000
0.995227 -0.065034 0.072752 -8.236015 0.064976 0.997882 0.003162 87.660225 -0.072804 0.001580 0.997345 -1.196548 0.000000 0.000000 0.000000 1.000000
0.996977 -0.040494 0.066309 -8.124946 0.041846 0.998941 -0.019126 87.601868 -0.065465 0.021843 0.997616 -0.982363 0.000000 0.000000 0.000000 1.000000
0.996603 -0.043632 0.069848 -7.751331 0.047010 0.997766 -0.047468 87.765144 -0.067621 0.050590 0.996428 -0.403793 0.000000 0.000000 0.000000 1.000000
0.996148 -0.056639 0.066947 -7.191043 0.060532 0.996502 -0.057618 87.880173 -0.063449 0.061449 0.996092 0.043198 0.000000 0.000000 0.000000 1.000000
0.996141 -0.059486 0.064534 -6.521832 0.063320 0.996242 -0.059099 87.778534 -0.060776 0.062957 0.996164 0.208652 0.000000 0.000000 0.000000 1.000000
0.997017 -0.052871 0.056236 -5.632219 0.055507 0.997379 -0.046409 87.517868 -0.053635 0.049393 0.997338 0.434128 0.000000 0.000000 0.000000 1.000000
0.998469 -0.049432 0.024824 -4.875940 0.049982 0.998506 -0.022086 87.276093 -0.023695 0.023293 0.999448 0.803374 0.000000 0.000000 0.000000 1.000000
0.998386 -0.055493 -0.012087 -4.255413 0.055472 0.998458 -0.001996 87.328613 0.012180 0.001323 0.999925 1.226620 0.000000 0.000000 0.000000 1.000000
0.997131 -0.066595 -0.035982 -3.520625 0.067014 0.997696 0.010569 87.643509 0.035195 -0.012950 0.999297 1.665447 0.000000 0.000000 0.000000 1.000000
0.995600 -0.074363 -0.057022 -2.708081 0.075315 0.997051 0.014729 87.896828 0.055759 -0.018959 0.998264 2.024208 0.000000 0.000000 0.000000 1.000000
0.993801 -0.074946 -0.082117 -2.005571 0.075630 0.997122 0.005252 87.920715 0.081487 -0.011430 0.996609 2.242763 0.000000 0.000000 0.000000 1.000000
0.991287 -0.073949 -0.109003 -1.379875 0.073939 0.997254 -0.004142 87.844566 0.109010 -0.003953 0.994033 2.399325 0.000000 0.000000 0.000000 1.000000
0.988900 -0.067883 -0.132166 -0.811666 0.068565 0.997646 0.000607 87.687820 0.131813 -0.009662 0.991227 2.545285 0.000000 0.000000 0.000000 1.000000
0.986239 -0.059056 -0.154420 -0.358428 0.060895 0.998118 0.007203 87.519836 0.153704 -0.016507 0.987979 2.556951 0.000000 0.000000 0.000000 1.000000
0.982574 -0.055047 -0.177533 -0.009945 0.056837 0.998371 0.005006 87.325668 0.176968 -0.015010 0.984102 2.514244 0.000000 0.000000 0.000000 1.000000
0.979259 -0.053433 -0.195441 0.226253 0.054409 0.998519 -0.000380 87.245102 0.195172 -0.010261 0.980715 2.392441 0.000000 0.000000 0.000000 1.000000
0.976470 -0.047823 -0.210284 0.406002 0.047729 0.998845 -0.005526 87.345757 0.210305 -0.004640 0.977625 2.225596 0.000000 0.000000 0.000000 1.000000
0.973654 -0.038310 -0.224788 0.529676 0.036900 0.999264 -0.010471 87.565819 0.225024 0.001900 0.974351 2.069200 0.000000 0.000000 0.000000 1.000000
0.971292 -0.029330 -0.236075 0.545633 0.025996 0.999514 -0.017222 87.843758 0.236466 0.010591 0.971582 1.903235 0.000000 0.000000 0.000000 1.000000
0.969689 -0.022337 -0.243318 0.499062 0.016971 0.999565 -0.024129 88.209595 0.243751 0.019268 0.969646 1.793580 0.000000 0.000000 0.000000 1.000000
0.969137 -0.016491 -0.245970 0.397211 0.009059 0.999468 -0.031317 88.537857 0.246356 0.028123 0.968771 1.730032 0.000000 0.000000 0.000000 1.000000
0.970032 -0.010874 -0.242733 0.262610 0.001406 0.999233 -0.039144 88.731758 0.242972 0.037630 0.969303 1.684407 0.000000 0.000000 0.000000 1.000000
0.971828 -0.009688 -0.235492 0.167801 -0.001298 0.998920 -0.046452 88.856865 0.235687 0.045449 0.970766 1.683628 0.000000 0.000000 0.000000 1.000000
0.973317 -0.013915 -0.229041 -0.023783 0.001841 0.998601 -0.052847 88.755569 0.229456 0.051016 0.971981 1.670146 0.000000 0.000000 0.000000 1.000000
0.975052 -0.022846 -0.220800 -0.222355 0.010321 0.998280 -0.057716 88.472969 0.221739 0.053997 0.973610 1.553023 0.000000 0.000000 0.000000 1.000000
0.977105 -0.037819 -0.209369 -0.419937 0.026407 0.998023 -0.057040 88.111931 0.211112 0.050206 0.976172 1.357367 0.000000 0.000000 0.000000 1.000000
0.978087 -0.061069 -0.199039 -0.606187 0.052158 0.997401 -0.049716 87.652489 0.201558 0.038245 0.978730 1.138698 0.000000 0.000000 0.000000 1.000000
0.978503 -0.077136 -0.191262 -0.678419 0.070621 0.996674 -0.040660 87.388916 0.193762 0.026279 0.980696 1.012305 0.000000 0.000000 0.000000 1.000000
0.980204 -0.086318 -0.178183 -0.644763 0.080085 0.995907 -0.041898 87.338760 0.181070 0.026799 0.983105 0.865695 0.000000 0.000000 0.000000 1.000000
0.983403 -0.091955 -0.156408 -0.575181 0.084633 0.995009 -0.052860 87.411911 0.160488 0.038745 0.986277 0.656909 0.000000 0.000000 0.000000 1.000000
0.985656 -0.101539 -0.134803 -0.620761 0.093505 0.993517 -0.064663 87.540672 0.140495 0.051130 0.988760 0.395884 0.000000 0.000000 0.000000 1.000000
0.986232 -0.110754 -0.122803 -0.743335 0.102956 0.992349 -0.068146 87.560196 0.129411 0.054564 0.990089 0.106404 0.000000 0.000000 0.000000 1.000000
0.987557 -0.107033 -0.115214 -0.798107 0.100294 0.992974 -0.062796 87.397934 0.121126 0.050459 0.991354 -0.096531 0.000000 0.000000 0.000000 1.000000</float_array>
        <technique_common>
          <accessor source="#mixamorig_Hips-Matrix-animation-output-transform-array" count="57" stride="16">
            <param type="float4x4"/>
          </accessor>
        </technique_common>
      </source>
      <source id="mixamorig_Hips-Interpolations">
        <Name_array id="mixamorig_Hips-Interpolations-array" count="57">
 LINEAR LINEAR LINEAR LINEAR LINEAR LINEAR LINEAR LINEAR LINEAR LINEAR LINEAR
LINEAR LINEAR LINEAR LINEAR LINEAR LINEAR LINEAR LINEAR LINEAR LINEAR LINEAR LINEAR
LINEAR LINEAR LINEAR LINEAR LINEAR LINEAR LINEAR LINEAR LINEAR LINEAR LINEAR LINEAR
LINEAR LINEAR LINEAR LINEAR LINEAR LINEAR LINEAR LINEAR LINEAR LINEAR LINEAR LINEAR
LINEAR LINEAR LINEAR LINEAR LINEAR LINEAR LINEAR LINEAR LINEAR LINEAR</Name_array>
        <technique_common>
          <accessor source="#mixamorig_Hips-Interpolations-array" count="57">
            <param type="name"/>
          </accessor>
        </technique_common>
      </source>
      <sampler id="mixamorig_Hips-Matrix-animation-transform">
        <input semantic="INPUT" source="#mixamorig_Hips-Matrix-animation-input"/>
        <input semantic="OUTPUT" source="#mixamorig_Hips-Matrix-animation-output-transform"/>
        <input semantic="INTERPOLATION" source="#mixamorig_Hips-Interpolations"/>
      </sampler>
      <channel source="#mixamorig_Hips-Matrix-animation-transform" target="mixamorig_Hips/matrix"/>
    </animation>
    <animation id="mixamorig_Spine-anim" name="mixamorig_Spine">
      <source id="mixamorig_Spine-Matrix-animation-input">
        <float_array id="mixamorig_Spine-Matrix-animation-input-array" count="57">

0.000000 0.033333 0.066667 0.100000 0.133333 0.166667 0.200000 0.233333 0.266667 0.300000 0.333333 0.366667 0.400000 0.433333 0.466667 0.500000
0.533333 0.566667 0.600000 0.633333 0.666667 0.700000 0.733333 0.766667 0.800000 0.833333 0.866667 0.900000 0.933333 0.966667 1.000000 1.033333
1.066667 1.100000 1.133333 1.166667 1.200000 1.233333 1.266667 1.300000 1.333333 1.366667 1.400000 1.433333 1.466667 1.500000 1.533333 1.566667
1.600000 1.633333 1.666667 1.700000 1.733333 1.766667 1.800000 1.833333 1.866667</float_array>
        <technique_common>
          <accessor source="#mixamorig_Spine-Matrix-animation-input-array" count="57">
            <param name="TIME" type="float"/>
          </accessor>
        </technique_common>
      </source>
      <source id="mixamorig_Spine-Matrix-animation-output-transform">
        <float_array id="mixamorig_Spine-Matrix-animation-output-transform-array" count="912">

0.987662 0.149083 0.047942 -0.000000 -0.153560 0.982024 0.109761 10.528800 -0.030716 -0.115768 0.992801 -0.610600 0.000000 0.000000 0.000000 1.000000
0.988162 0.146673 0.044974 0.000000 -0.150633 0.983186 0.103226 10.528800 -0.029077 -0.108779 0.993641 -0.610600 0.000000 0.000000 0.000000 1.000000
0.988637 0.144579 0.041163 0.000000 -0.147804 0.984842 0.090780 10.528800 -0.027414 -0.095833 0.995020 -0.610600 0.000000 0.000000 0.000000 1.000000
0.989070 0.142611 0.037451 0.000000 -0.144928 0.987038 0.068939 10.528800 -0.027134 -0.073613 0.996918 -0.610600 0.000000 0.000000 0.000000 1.000000
0.989625 0.139981 0.032373 -0.000000 -0.141114 0.989344 0.035863 10.528800 -0.027008 -0.040060 0.998832 -0.610600 0.000000 0.000000 0.000000 1.000000
0.990094 0.138421 0.023527 0.000000 -0.138234 0.990355 -0.009412 10.528800 -0.024603 0.006066 0.999679 -0.610600 0.000000 0.000000 0.000000 1.000000
0.991531 0.129329 0.011815 0.000000 -0.128289 0.989560 -0.065666 10.528800 -0.020184 0.063594 0.997772 -0.610600 0.000000 0.000000 0.000000 1.000000
0.994379 0.105832 0.003179 0.000000 -0.104837 0.988346 -0.110368 10.528800 -0.014822 0.109415 0.993886 -0.610600 0.000000 0.000000 0.000000 1.000000
0.996939 0.077860 0.007116 0.000000 -0.076288 0.988642 -0.129488 10.528800 -0.017117 0.128549 0.991555 -0.610600 0.000000 0.000000 0.000000 1.000000
0.997225 0.070639 0.023513 -0.000000 -0.067306 0.990387 -0.120843 10.528800 -0.031823 0.118925 0.992393 -0.610600 0.000000 0.000000 0.000000 1.000000
0.996836 0.077805 0.016240 0.000000 -0.075077 0.988803 -0.128967 10.528800 -0.026093 0.127340 0.991516 -0.610600 0.000000 0.000000 0.000000 1.000000
0.995805 0.091374 -0.004901 0.000000 -0.090783 0.979800 -0.178189 10.528800 -0.011480 0.177886 0.983984 -0.610600 0.000000 0.000000 0.000000 1.000000
0.994086 0.105591 0.025351 -0.000000 -0.098224 0.973879 -0.204722 10.528800 -0.046306 0.201021 0.978492 -0.610600 0.000000 0.000000 0.000000 1.000000
0.995355 0.078494 0.055744 -0.000000 -0.066159 0.978318 -0.196255 10.528800 -0.069940 0.191655 0.978967 -0.610600 0.000000 0.000000 0.000000 1.000000
0.997908 0.046735 0.044670 0.000000 -0.039499 0.987743 -0.151007 10.528800 -0.051180 0.148926 0.987523 -0.610600 0.000000 0.000000 0.000000 1.000000
0.998926 0.034828 0.030552 0.000000 -0.030921 0.992274 -0.120154 10.528800 -0.034500 0.119081 0.992285 -0.610600 0.000000 0.000000 0.000000 1.000000
0.998623 0.045487 0.026132 0.000000 -0.043167 0.995584 -0.083357 10.528800 -0.029808 0.082114 0.996177 -0.610600 0.000000 0.000000 0.000000 1.000000
0.998442 0.055773 0.001818 0.000000 -0.055736 0.998309 -0.016527 10.528800 -0.002737 0.016400 0.999862 -0.610600 0.000000 0.000000 0.000000 1.000000
0.997663 0.066168 -0.017045 -0.000000 -0.064864 0.995564 0.068160 10.528800 0.021479 -0.066895 0.997529 -0.610600 0.000000 0.000000 0.000000 1.000000
0.997860 0.064279 -0.011957 -0.000000 -0.062403 0.990910 0.119175 10.528800 0.019509 -0.118174 0.992801 -0.610600 0.000000 0.000000 0.000000 1.000000
0.997915 0.064538 -0.000459 0.000000 -0.064185 0.993139 0.097748 10.528800 0.006765 -0.097515 0.995211 -0.610600 0.000000 0.000000 0.000000 1.000000
0.999388 0.034595 0.005080 0.000000 -0.034938 0.993809 0.105466 10.528800 -0.001400 -0.105579 0.994410 -0.610600 0.000000 0.000000 0.000000 1.000000
0.999098 0.042347 0.003091 -0.000000 -0.042280 0.985520 0.164202 10.528800 0.003907 -0.164184 0.986422 -0.610600 0.000000 0.000000 0.000000 1.000000
0.997504 0.070190 0.007715 -0.000000 -0.070486 0.983216 0.168278 10.528800 0.004225 -0.168402 0.985709 -0.610600 0.000000 0.000000 0.000000 1.000000
0.998058 0.061224 0.011470 0.000000 -0.062191 0.989776 0.128359 10.528800 -0.003494 -0.128823 0.991661 -0.610600 0.000000 0.000000 0.000000 1.000000
0.998896 0.043961 0.016565 0.000000 -0.045865 0.988900 0.141324 10.528800 -0.010169 -0.141927 0.989825 -0.610600 0.000000 0.000000 0.000000 1.000000
0.998255 0.056400 0.017480 0.000000 -0.058635 0.981742 0.180957 10.528800 -0.006955 -0.181666 0.983336 -0.610600 0.000000 0.000000 0.000000 1.000000
0.997245 0.070426 0.023284 -0.000000 -0.073689 0.976511 0.202475 10.528800 -0.008478 -0.203633 0.979011 -0.610600 0.000000 0.000000 0.000000 1.000000
0.997207 0.071439 0.021778 0.000000 -0.074399 0.975720 0.205998 10.528800 -0.006533 -0.207043 0.978310 -0.610600 0.000000 0.000000 0.000000 1.000000
0.997920 0.060553 0.022130 0.000000 -0.063704 0.978916 0.194074 10.528800 -0.009911 -0.195080 0.980737 -0.610600 0.000000 0.000000 0.000000 1.000000
0.997819 0.051679 0.041063 0.000000 -0.057983 0.983530 0.171189 10.528800 -0.031540 -0.173197 0.984382 -0.610600 0.000000 0.000000 0.000000 1.000000
0.996455 0.058882 0.060093 -0.000000 -0.067561 0.985685 0.154471 10.528800 -0.050137 -0.157984 0.986168 -0.610600 0.000000 0.000000 0.000000 1.000000
0.995220 0.075127 0.062399 0.000000 -0.083362 0.986345 0.142035 10.528800 -0.050876 -0.146558 0.987893 -0.610600 0.000000 0.000000 0.000000 1.000000
0.994308 0.083467 0.066210 0.000000 -0.091589 0.987142 0.131005 10.528800 -0.054424 -0.136324 0.989168 -0.610600 0.000000 0.000000 0.000000 1.000000
0.993395 0.086043 0.075920 -0.000000 -0.095179 0.987412 0.126328 10.528800 -0.064094 -0.132720 0.989079 -0.610600 0.000000 0.000000 0.000000 1.000000
0.992066 0.089604 0.088180 0.000000 -0.099990 0.987550 0.121438 10.528800 -0.076201 -0.129292 0.988674 -0.610600 0.000000 0.000000 0.000000 1.000000
0.991442 0.092590 0.092035 0.000000 -0.101956 0.989453 0.102896 10.528800 -0.081537 -0.111399 0.990425 -0.610600 0.000000 0.000000 0.000000 1.000000
0.990888 0.097234 0.093198 0.000000 -0.104685 0.991387 0.078701 10.528800 -0.084743 -0.087740 0.992532 -0.610600 0.000000 0.000000 0.000000 1.000000
0.989177 0.110482 0.096552 0.000000 -0.116820 0.991175 0.062652 10.528800 -0.088778 -0.073254 0.993354 -0.610600 0.000000 0.000000 0.000000 1.000000
0.986268 0.132406 0.098712 0.000000 -0.137611 0.989328 0.047892 10.528800 -0.091318 -0.060818 0.993963 -0.610600 0.000000 0.000000 0.000000 1.000000
0.983509 0.147345 0.104876 0.000000 -0.151651 0.987839 0.034299 10.528800 -0.098546 -0.049637 0.993894 -0.610600 0.000000 0.000000 0.000000 1.000000
0.981720 0.154088 0.111730 0.000000 -0.157814 0.987146 0.025260 10.528800 -0.106401 -0.042431 0.993418 -0.610600 0.000000 0.000000 0.000000 1.000000
0.980232 0.159821 0.116627 0.000000 -0.163264 0.986369 0.020526 10.528800 -0.111757 -0.039161 0.992964 -0.610600 0.000000 0.000000 0.000000 1.000000
0.978294 0.168048 0.121246 0.000000 -0.171762 0.984919 0.020782 10.528800 -0.115926 -0.041156 0.992405 -0.610600 0.000000 0.000000 0.000000 1.000000
0.977173 0.175466 0.119768 0.000000 -0.179904 0.983308 0.027217 10.528800 -0.112993 -0.048143 0.992429 -0.610600 0.000000 0.000000 0.000000 1.000000
0.977327 0.178159 0.114419 0.000000 -0.183365 0.982363 0.036623 10.528800 -0.105877 -0.056774 0.992757 -0.610600 0.000000 0.000000 0.000000 1.000000
0.977459 0.180123 0.110139 0.000000 -0.186130 0.981407 0.046858 10.528800 -0.099651 -0.066302 0.992811 -0.610600 0.000000 0.000000 0.000000 1.000000
0.976603 0.185578 0.108660 -0.000000 -0.192618 0.979543 0.058254 10.528800 -0.095627 -0.077821 0.992371 -0.610600 0.000000 0.000000 0.000000 1.000000
0.975710 0.191711 0.106002 0.000000 -0.199207 0.977782 0.065253 10.528800 -0.091138 -0.084784 0.992223 -0.610600 0.000000 0.000000 0.000000 1.000000
0.973976 0.202471 0.101866 0.000000 -0.209396 0.975830 0.062525 10.528800 -0.086744 -0.082228 0.992831 -0.610600 0.000000 0.000000 0.000000 1.000000
0.970661 0.218117 0.101208 0.000000 -0.224034 0.973236 0.051193 10.528800 -0.087333 -0.072365 0.993547 -0.610600 0.000000 0.000000 0.000000 1.000000
0.971157 0.214907 0.103293 0.000000 -0.220407 0.974368 0.045029 10.528800 -0.090968 -0.066497 0.993631 -0.610600 0.000000 0.000000 0.000000 1.000000
0.975456 0.197515 0.097334 0.000000 -0.203362 0.977599 0.054252 10.528800 -0.084438 -0.072715 0.993772 -0.610600 0.000000 0.000000 0.000000 1.000000
0.980838 0.177400 0.080532 -0.000000 -0.183445 0.980154 0.075135 10.528800 -0.065605 -0.088468 0.993916 -0.610600 0.000000 0.000000 0.000000 1.000000
0.983328 0.169522 0.065791 0.000000 -0.175323 0.979852 0.095666 10.528800 -0.048248 -0.105606 0.993237 -0.610600 0.000000 0.000000 0.000000 1.000000
0.984275 0.166845 0.058008 -0.000000 -0.172232 0.979398 0.105434 10.528800 -0.039222 -0.113767 0.992733 -0.610600 0.000000 0.000000 0.000000 1.000000
0.987662 0.149083 0.047942 0.000000 -0.153560 0.982024 0.109762 10.528800 -0.030716 -0.115769 0.992801 -0.610600 0.000000 0.000000 0.000000 1.000000</float_array>
        <technique_common>
          <accessor source="#mixamorig_Spine-Matrix-animation-output-transform-array" count="57" stride="16">
            <param type="float4x4"/>
          </accessor>
        </technique_common>
      </source>
      <source id="mixamorig_Spine-Interpolations">
        <Name_array id="mixamorig_Spine-Interpolations-array" count="57">
 LINEAR LINEAR LINEAR LINEAR LINEAR LINEAR LINEAR LINEAR LINEAR LINEAR LINEAR
LINEAR LINEAR LINEAR LINEAR LINEAR LINEAR LINEAR LINEAR LINEAR LINEAR LINEAR LINEAR
LINEAR LINEAR LINEAR LINEAR LINEAR LINEAR LINEAR LINEAR LINEAR LINEAR LINEAR LINEAR
LINEAR LINEAR LINEAR LINEAR LINEAR LINEAR LINEAR LINEAR LINEAR LINEAR LINEAR LINEAR
LINEAR LINEAR LINEAR LINEAR LINEAR LINEAR LINEAR LINEAR LINEAR LINEAR</Name_array>
        <technique_common>
          <accessor source="#mixamorig_Spine-Interpolations-array" count="57">
            <param type="name"/>
          </accessor>
        </technique_common>
      </source>
      <sampler id="mixamorig_Spine-Matrix-animation-transform">
        <input semantic="INPUT" source="#mixamorig_Spine-Matrix-animation-input"/>
        <input semantic="OUTPUT" source="#mixamorig_Spine-Matrix-animation-output-transform"/>
        <input semantic="INTERPOLATION" source="#mixamorig_Spine-Interpolations"/>
      </sampler>
      <channel source="#mixamorig_Spine-Matrix-animation-transform" target="mixamorig_Spine/matrix"/>
    </animation>
    <animation id="mixamorig_Spine1-anim" name="mixamorig_Spine1">
      <source id="mixamorig_Spine1-Matrix-animation-input">
        <float_array id="mixamorig_Spine1-Matrix-animation-input-array" count="57">

0.000000 0.033333 0.066667 0.100000 0.133333 0.166667 0.200000 0.233333 0.266667 0.300000 0.333333 0.366667 0.400000 0.433333 0.466667 0.500000
0.533333 0.566667 0.600000 0.633333 0.666667 0.700000 0.733333 0.766667 0.800000 0.833333 0.866667 0.900000 0.933333 0.966667 1.000000 1.033333
1.066667 1.100000 1.133333 1.166667 1.200000 1.233333 1.266667 1.300000 1.333333 1.366667 1.400000 1.433333 1.466667 1.500000 1.533333 1.566667
1.600000 1.633333 1.666667 1.700000 1.733333 1.766667 1.800000 1.833333 1.866667</float_array>
        <technique_common>
          <accessor source="#mixamorig_Spine1-Matrix-animation-input-array" count="57">
            <param name="TIME" type="float"/>
          </accessor>
        </technique_common>
      </source>
      <source id="mixamorig_Spine1-Matrix-animation-output-transform">
        <float_array id="mixamorig_Spine1-Matrix-animation-output-transform-array" count="912">

0.999709 -0.023924 0.003084 -0.000000 0.023203 0.988683 0.148211 11.377000 -0.006595 -0.148097 0.988951 0.000000 0.000000 0.000000 0.000000 1.000000
0.999701 -0.024350 0.002398 0.000000 0.023726 0.988684 0.148126 11.377000 -0.005978 -0.148025 0.988966 0.000000 0.000000 0.000000 0.000000 1.000000
0.999687 -0.024969 0.001543 -0.000000 0.024466 0.988689 0.147974 11.377000 -0.005221 -0.147890 0.988990 0.000000 0.000000 0.000000 0.000000 1.000000
0.999657 -0.026183 0.000715 -0.000000 0.025790 0.988708 0.147618 11.377000 -0.004572 -0.147549 0.989044 0.000000 0.000000 0.000000 0.000000 1.000000
0.999635 -0.027003 -0.000252 0.000000 0.026749 0.988885 0.146257 11.377000 -0.003700 -0.146210 0.989247 0.000000 0.000000 0.000000 0.000000 1.000000
0.999646 -0.026556 -0.001793 0.000000 0.026538 0.989233 0.143923 11.377000 -0.002049 -0.143919 0.989587 0.000000 0.000000 0.000000 0.000000 1.000000
0.999635 -0.026721 -0.004073 0.000000 0.027028 0.989768 0.140102 11.377000 0.000288 -0.140161 0.990129 0.000000 0.000000 0.000000 0.000000 1.000000
0.999548 -0.029346 -0.006512 -0.000000 0.029959 0.990281 0.135815 11.377000 0.002463 -0.135948 0.990713 -0.000000 0.000000 0.000000 0.000000 1.000000
0.999329 -0.035882 -0.007374 0.000000 0.036540 0.990632 0.131577 11.377000 0.002584 -0.131759 0.991278 0.000000 0.000000 0.000000 0.000000 1.000000
0.999045 -0.043344 -0.005457 0.000000 0.043686 0.990718 0.128725 11.377000 -0.000173 -0.128841 0.991665 0.000000 0.000000 0.000000 0.000000 1.000000
0.999068 -0.042516 -0.007518 0.000000 0.043118 0.991452 0.123139 11.377000 0.002218 -0.123349 0.992361 -0.000000 0.000000 0.000000 0.000000 1.000000
0.999412 -0.032879 -0.009725 -0.000000 0.033783 0.992736 0.115470 11.377000 0.005858 -0.115731 0.993263 0.000000 0.000000 0.000000 0.000000 1.000000
0.999453 -0.033080 -0.000450 -0.000000 0.032920 0.993111 0.112459 11.377000 -0.003273 -0.112412 0.993656 0.000000 0.000000 0.000000 0.000000 1.000000
0.999214 -0.039106 0.006479 0.000000 0.038099 0.992597 0.115328 11.377000 -0.010941 -0.114990 0.993306 0.000000 0.000000 0.000000 0.000000 1.000000
0.999168 -0.040684 0.002876 -0.000000 0.039972 0.990816 0.129175 11.377000 -0.008104 -0.128953 0.991618 -0.000000 0.000000 0.000000 0.000000 1.000000
0.999252 -0.038676 -0.000698 0.000000 0.038374 0.988834 0.143996 11.377000 -0.004879 -0.143915 0.989578 0.000000 0.000000 0.000000 0.000000 1.000000
0.999290 -0.037636 -0.001932 0.000000 0.037452 0.986091 0.161934 11.377000 -0.004190 -0.161891 0.986800 0.000000 0.000000 0.000000 0.000000 1.000000
0.999418 -0.033259 -0.007523 0.000000 0.034064 0.983756 0.176251 11.377000 0.001539 -0.176405 0.984316 0.000000 0.000000 0.000000 0.000000 1.000000
0.999488 -0.029570 -0.012201 -0.000000 0.031260 0.983819 0.176415 11.377000 0.006787 -0.176707 0.984240 0.000000 0.000000 0.000000 0.000000 1.000000
0.999516 -0.029100 -0.010993 0.000000 0.030538 0.985208 0.168620 11.377000 0.005924 -0.168874 0.985620 0.000000 0.000000 0.000000 0.000000 1.000000
0.999434 -0.032529 -0.008572 -0.000000 0.033499 0.985697 0.165166 11.377000 0.003076 -0.165360 0.986229 0.000000 0.000000 0.000000 0.000000 1.000000
0.999348 -0.035445 -0.006890 0.000000 0.036096 0.985615 0.165104 11.377000 0.000939 -0.165245 0.986252 0.000000 0.000000 0.000000 0.000000 1.000000
0.999396 -0.033939 -0.007443 0.000000 0.034712 0.984712 0.170699 11.377000 0.001536 -0.170854 0.985295 0.000000 0.000000 0.000000 0.000000 1.000000
0.999352 -0.035218 -0.007383 0.000000 0.035962 0.984673 0.170662 11.377000 0.001259 -0.170817 0.985302 0.000000 0.000000 0.000000 0.000000 1.000000
0.999435 -0.033155 -0.005436 0.000000 0.033596 0.985118 0.168562 11.377000 -0.000234 -0.168649 0.985676 0.000000 0.000000 0.000000 0.000000 1.000000
0.999352 -0.035759 -0.004038 0.000000 0.035913 0.983900 0.175075 11.377000 -0.002287 -0.175106 0.984547 0.000000 0.000000 0.000000 0.000000 1.000000
0.999351 -0.035789 -0.004195 0.000000 0.035956 0.982755 0.181382 11.377000 -0.002369 -0.181415 0.983404 0.000000 0.000000 0.000000 0.000000 1.000000
0.999469 -0.032487 -0.002532 0.000000 0.032406 0.982783 0.181901 11.377000 -0.003421 -0.181886 0.983314 0.000000 0.000000 0.000000 0.000000 1.000000
0.999519 -0.030870 -0.002823 0.000000 0.030874 0.983185 0.179983 11.377000 -0.002781 -0.179983 0.983666 0.000000 0.000000 0.000000 0.000000 1.000000
0.999493 -0.031735 -0.002505 -0.000000 0.031679 0.983790 0.176505 11.377000 -0.003137 -0.176494 0.984297 -0.000000 0.000000 0.000000 0.000000 1.000000
0.999317 -0.036893 0.002254 0.000000 0.035932 0.983941 0.174839 11.377000 -0.008668 -0.174638 0.984594 0.000000 0.000000 0.000000 0.000000 1.000000
0.999167 -0.040247 0.006753 0.000000 0.038451 0.983887 0.174607 11.377000 -0.013671 -0.174202 0.984615 -0.000000 0.000000 0.000000 0.000000 1.000000
0.999162 -0.040351 0.006808 -0.000000 0.038583 0.984369 0.171839 11.377000 -0.013636 -0.171433 0.985101 0.000000 0.000000 0.000000 0.000000 1.000000
0.999190 -0.039520 0.007617 0.000000 0.037705 0.985350 0.166324 11.377000 -0.014079 -0.165902 0.986042 0.000000 0.000000 0.000000 0.000000 1.000000
0.999171 -0.039442 0.010099 0.000000 0.037300 0.986205 0.161272 11.377000 -0.016321 -0.160762 0.986858 0.000000 0.000000 0.000000 0.000000 1.000000
0.999138 -0.039308 0.013342 -0.000000 0.036718 0.986816 0.157626 11.377000 -0.019362 -0.157000 0.987409 0.000000 0.000000 0.000000 0.000000 1.000000
0.999160 -0.038341 0.014485 0.000000 0.035693 0.987691 0.152294 11.377000 -0.020146 -0.151649 0.988229 -0.000000 0.000000 0.000000 0.000000 1.000000
0.999192 -0.037339 0.014897 0.000000 0.034754 0.988561 0.146760 11.377000 -0.020206 -0.146124 0.989060 0.000000 0.000000 0.000000 0.000000 1.000000
0.999255 -0.035183 0.015863 -0.000000 0.032562 0.989216 0.142800 11.377000 -0.020716 -0.142177 0.989624 0.000000 0.000000 0.000000 0.000000 1.000000
0.999353 -0.031883 0.016621 0.000000 0.029243 0.989688 0.140220 11.377000 -0.020921 -0.139643 0.989981 -0.000000 0.000000 0.000000 0.000000 1.000000
0.999363 -0.030593 0.018379 -0.000000 0.027768 0.990033 0.138071 11.377000 -0.022420 -0.137472 0.990252 0.000000 0.000000 0.000000 0.000000 1.000000
0.999341 -0.029981 0.020479 0.000000 0.026897 0.990194 0.137086 11.377000 -0.024388 -0.136445 0.990347 0.000000 0.000000 0.000000 0.000000 1.000000
0.999315 -0.029853 0.021874 0.000000 0.026590 0.990255 0.136704 11.377000 -0.025742 -0.136028 0.990370 0.000000 0.000000 0.000000 0.000000 1.000000
0.999307 -0.029153 0.023149 0.000000 0.025721 0.990270 0.136762 11.377000 -0.026911 -0.136071 0.990333 0.000000 0.000000 0.000000 0.000000 1.000000
0.999351 -0.027927 0.022736 0.000000 0.024535 0.990157 0.137795 11.377000 -0.026360 -0.137148 0.990200 0.000000 0.000000 0.000000 0.000000 1.000000
0.999410 -0.027000 0.021249 0.000000 0.023783 0.989965 0.139299 11.377000 -0.024797 -0.138711 0.990022 -0.000000 0.000000 0.000000 0.000000 1.000000
0.999457 -0.026216 0.019974 -0.000000 0.023158 0.989828 0.140369 11.377000 -0.023451 -0.139830 0.989898 0.000000 0.000000 0.000000 0.000000 1.000000
0.999484 -0.025742 0.019237 -0.000000 0.022771 0.989712 0.141252 11.377000 -0.022676 -0.140741 0.989787 0.000000 0.000000 0.000000 0.000000 1.000000
0.999515 -0.025204 0.018275 0.000000 0.022362 0.989635 0.141857 11.377000 -0.021661 -0.141379 0.989719 -0.000000 0.000000 0.000000 0.000000 1.000000
0.999568 -0.023969 0.016991 0.000000 0.021346 0.989838 0.140592 11.377000 -0.020188 -0.140168 0.989922 0.000000 0.000000 0.000000 0.000000 1.000000
0.999629 -0.021295 0.016959 -0.000000 0.018760 0.990298 0.137687 11.377000 -0.019727 -0.137318 0.990331 0.000000 0.000000 0.000000 0.000000 1.000000
0.999650 -0.019404 0.017981 -0.000000 0.016804 0.990718 0.134888 11.377000 -0.020431 -0.134539 0.990698 0.000000 0.000000 0.000000 0.000000 1.000000
0.999669 -0.019600 0.016636 -0.000000 0.017165 0.990606 0.135665 11.377000 -0.019139 -0.135335 0.990615 0.000000 0.000000 0.000000 0.000000 1.000000
0.999699 -0.021339 0.012066 0.000000 0.019435 0.989905 0.140393 11.377000 -0.014940 -0.140116 0.990022 0.000000 0.000000 0.000000 0.000000 1.000000
0.999722 -0.022217 0.007903 0.000000 0.020834 0.989165 0.145323 11.377000 -0.011046 -0.145117 0.989353 0.000000 0.000000 0.000000 0.000000 1.000000
0.999733 -0.022389 0.005789 0.000000 0.021286 0.988746 0.148083 11.377000 -0.009039 -0.147920 0.988958 0.000000 0.000000 0.000000 0.000000 1.000000
0.999709 -0.023924 0.003084 -0.000000 0.023203 0.988674 0.148272 11.377000 -0.006597 -0.148157 0.988942 0.000000 0.000000 0.000000 0.000000 1.000000</float_array>
        <technique_common>
          <accessor source="#mixamorig_Spine1-Matrix-animation-output-transform-array" count="57" stride="16">
            <param type="float4x4"/>
          </accessor>
        </technique_common>
      </source>
      <source id="mixamorig_Spine1-Interpolations">
        <Name_array id="mixamorig_Spine1-Interpolations-array" count="57">
 LINEAR LINEAR LINEAR LINEAR LINEAR LINEAR LINEAR LINEAR LINEAR LINEAR LINEAR
LINEAR LINEAR LINEAR LINEAR LINEAR LINEAR LINEAR LINEAR LINEAR LINEAR LINEAR LINEAR
LINEAR LINEAR LINEAR LINEAR LINEAR LINEAR LINEAR LINEAR LINEAR LINEAR LINEAR LINEAR
LINEAR LINEAR LINEAR LINEAR LINEAR LINEAR LINEAR LINEAR LINEAR LINEAR LINEAR LINEAR
LINEAR LINEAR LINEAR LINEAR LINEAR LINEAR LINEAR LINEAR LINEAR LINEAR</Name_array>
        <technique_common>
          <accessor source="#mixamorig_Spine1-Interpolations-array" count="57">
            <param type="name"/>
          </accessor>
        </technique_common>
      </source>
      <sampler id="mixamorig_Spine1-Matrix-animation-transform">
        <input semantic="INPUT" source="#mixamorig_Spine1-Matrix-animation-input"/>
        <input semantic="OUTPUT" source="#mixamorig_Spine1-Matrix-animation-output-transform"/>
        <input semantic="INTERPOLATION" source="#mixamorig_Spine1-Interpolations"/>
      </sampler>
      <channel source="#mixamorig_Spine1-Matrix-animation-transform" target="mixamorig_Spine1/matrix"/>
    </animation>
    <animation id="mixamorig_Spine2-anim" name="mixamorig_Spine2">
      <source id="mixamorig_Spine2-Matrix-animation-input">
        <float_array id="mixamorig_Spine2-Matrix-animation-input-array" count="57">

0.000000 0.033333 0.066667 0.100000 0.133333 0.166667 0.200000 0.233333 0.266667 0.300000 0.333333 0.366667 0.400000 0.433333 0.466667 0.500000
0.533333 0.566667 0.600000 0.633333 0.666667 0.700000 0.733333 0.766667 0.800000 0.833333 0.866667 0.900000 0.933333 0.966667 1.000000 1.033333
1.066667 1.100000 1.133333 1.166667 1.200000 1.233333 1.266667 1.300000 1.333333 1.366667 1.400000 1.433333 1.466667 1.500000 1.533333 1.566667
1.600000 1.633333 1.666667 1.700000 1.733333 1.766667 1.800000 1.833333 1.866667</float_array>
        <technique_common>
          <accessor source="#mixamorig_Spine2-Matrix-animation-input-array" count="57">
            <param name="TIME" type="float"/>
          </accessor>
        </technique_common>
      </source>
      <source id="mixamorig_Spine2-Matrix-animation-output-transform">
        <float_array id="mixamorig_Spine2-Matrix-animation-output-transform-array" count="912">

0.999561 0.028530 0.008007 0.000000 -0.029382 0.989280 0.143047 14.062000 -0.003840 -0.143220 0.989683 0.000000 0.000000 0.000000 0.000000 1.000000
0.999578 0.028131 0.007298 0.000000 -0.028886 0.989301 0.143001 14.062000 -0.003197 -0.143152 0.989696 0.000000 0.000000 0.000000 0.000000 1.000000
0.999600 0.027546 0.006404 0.000000 -0.028179 0.989336 0.142897 14.062000 -0.002400 -0.143020 0.989717 0.000000 0.000000 0.000000 0.000000 1.000000
0.999637 0.026373 0.005482 0.000000 -0.026885 0.989423 0.142544 14.062000 -0.001665 -0.142639 0.989773 0.000000 0.000000 0.000000 0.000000 1.000000
0.999663 0.025590 0.004460 0.000000 -0.025963 0.989643 0.141183 14.062000 -0.000801 -0.141251 0.989974 0.000000 0.000000 0.000000 0.000000 1.000000
0.999656 0.026074 0.002986 0.000000 -0.026236 0.989968 0.138838 14.062000 0.000664 -0.138868 0.990311 0.000000 0.000000 0.000000 0.000000 1.000000
0.999663 0.025966 0.000733 -0.000000 -0.025827 0.990508 0.135009 14.062000 0.002779 -0.134982 0.990844 0.000000 0.000000 0.000000 0.000000 1.000000
0.999724 0.023420 -0.001885 0.000000 -0.022973 0.991151 0.130738 14.062000 0.004930 -0.130659 0.991415 0.000000 0.000000 0.000000 0.000000 1.000000
0.999850 0.016975 -0.003367 0.000000 -0.016412 0.991823 0.126558 14.062000 0.005488 -0.126484 0.991954 0.000000 0.000000 0.000000 0.000000 1.000000
0.999951 0.009576 -0.002309 0.000000 -0.009217 0.992272 0.123741 14.062000 0.003476 -0.123714 0.992312 0.000000 0.000000 0.000000 0.000000 1.000000
0.999936 0.010445 -0.004410 0.000000 -0.009851 0.992946 0.118161 14.062000 0.005613 -0.118110 0.992985 -0.000000 0.000000 0.000000 0.000000 1.000000
0.999786 0.019926 -0.005592 0.000000 -0.019187 0.993699 0.110428 14.062000 0.007757 -0.110297 0.993868 0.000000 0.000000 0.000000 0.000000 1.000000
0.999802 0.019570 0.003716 -0.000000 -0.019856 0.994018 0.107394 14.062000 -0.001592 -0.107447 0.994210 0.000000 0.000000 0.000000 0.000000 1.000000
0.999855 0.013464 0.010380 0.000000 -0.014527 0.993798 0.110249 14.062000 -0.008832 -0.110384 0.993850 0.000000 0.000000 0.000000 0.000000 1.000000
0.999905 0.011881 0.006919 -0.000000 -0.012648 0.992186 0.124126 14.062000 -0.005391 -0.124202 0.992242 0.000000 0.000000 0.000000 0.000000 1.000000
0.999896 0.013936 0.003627 0.000000 -0.014305 0.990192 0.138976 14.062000 -0.001654 -0.139014 0.990289 0.000000 0.000000 0.000000 0.000000 1.000000
0.999884 0.015039 0.002387 -0.000000 -0.015227 0.987492 0.156930 14.062000 0.000003 -0.156948 0.987607 -0.000000 0.000000 0.000000 0.000000 1.000000
0.999802 0.019723 -0.002804 0.000000 -0.018952 0.985045 0.171249 14.062000 0.006140 -0.171162 0.985224 -0.000000 0.000000 0.000000 0.000000 1.000000
0.999694 0.023679 -0.007187 -0.000000 -0.022098 0.984958 0.171373 14.062000 0.011136 -0.171162 0.985180 0.000000 0.000000 0.000000 0.000000 1.000000
0.999693 0.024033 -0.006007 -0.000000 -0.022728 0.986273 0.163551 14.062000 0.009855 -0.163364 0.986517 0.000000 0.000000 0.000000 0.000000 1.000000
0.999783 0.020479 -0.003917 0.000000 -0.019588 0.986902 0.160127 14.062000 0.007145 -0.160015 0.987089 0.000000 0.000000 0.000000 0.000000 1.000000
0.999844 0.017472 -0.002388 -0.000000 -0.016865 0.986959 0.160087 14.062000 0.005154 -0.160022 0.987100 0.000000 0.000000 0.000000 0.000000 1.000000
0.999815 0.019034 -0.002868 -0.000000 -0.018296 0.986012 0.165670 14.062000 0.005981 -0.165587 0.986177 -0.000000 0.000000 0.000000 0.000000 1.000000
0.999837 0.017781 -0.002987 0.000000 -0.017040 0.986038 0.165644 14.062000 0.005891 -0.165567 0.986181 0.000000 0.000000 0.000000 0.000000 1.000000
0.999805 0.019705 -0.000843 -0.000000 -0.019302 0.986350 0.163527 14.062000 0.004054 -0.163479 0.986539 0.000000 0.000000 0.000000 0.000000 1.000000
0.999855 0.017053 0.000358 0.000000 -0.016866 0.985288 0.170066 14.062000 0.002547 -0.170047 0.985433 -0.000000 0.000000 0.000000 0.000000 1.000000
0.999855 0.017057 0.000169 0.000000 -0.016819 0.984179 0.176378 14.062000 0.002842 -0.176355 0.984322 0.000000 0.000000 0.000000 0.000000 1.000000
0.999793 0.020245 0.002065 0.000000 -0.020291 0.984023 0.176879 14.062000 0.001549 -0.176884 0.984230 0.000000 0.000000 0.000000 0.000000 1.000000
0.999759 0.021876 0.001874 0.000000 -0.021867 0.984335 0.174946 14.062000 0.001983 -0.174945 0.984576 0.000000 0.000000 0.000000 0.000000 1.000000
0.999777 0.020988 0.002127 0.000000 -0.021042 0.984964 0.171472 14.062000 0.001504 -0.171479 0.985187 0.000000 0.000000 0.000000 0.000000 1.000000
0.999858 0.015561 0.006531 0.000000 -0.016444 0.985333 0.169850 14.062000 -0.003792 -0.169933 0.985448 -0.000000 0.000000 0.000000 0.000000 1.000000
0.999870 0.011958 0.010782 0.000000 -0.013614 0.985414 0.169630 14.062000 -0.008597 -0.169755 0.985449 -0.000000 0.000000 0.000000 0.000000 1.000000
0.999871 0.011877 0.010799 0.000000 -0.013513 0.985889 0.166856 14.062000 -0.008665 -0.166981 0.985922 0.000000 0.000000 0.000000 0.000000 1.000000
0.999852 0.012700 0.011632 -0.000000 -0.014411 0.986794 0.161337 14.062000 -0.009430 -0.161481 0.986831 0.000000 0.000000 0.000000 0.000000 1.000000
