<?xml version="1.0" encoding="utf-8"?>
<COLLADA xmlns="http://www.collada.org/2005/11/COLLADASchema" version="1.4.1">
  <asset>
    <contributor>
      <author>Mixamo</author>
      <authoring_tool>COLLADA Mixamo exporter</authoring_tool>
      <comments/>
    </contributor>
    <created>2024-11-10T13:33:31Z</created>
    <modified>2024-11-10T13:33:31Z</modified>
    <revision/>
    <title/>
    <unit meter="0.010000"/>
    <up_axis>Y_UP</up_axis>
  </asset>
  <library_animations>
    <animation id="mixamorig_Hips-anim" name="mixamorig_Hips">
      <source id="mixamorig_Hips-Matrix-animation-input">
        <float_array id="mixamorig_Hips-Matrix-animation-input-array" count="42">

0.000000 0.033333 0.066667 0.100000 0.133333 0.166667 0.200000 0.233333 0.266667 0.300000 0.333333 0.366667 0.400000 0.433333 0.466667 0.500000
0.533333 0.566667 0.600000 0.633333 0.666667 0.700000 0.733333 0.766667 0.800000 0.833333 0.866667 0.900000 0.933333 0.966667 1.000000 1.033333
1.066667 1.100000 1.133333 1.166667 1.200000 1.233333 1.266667 1.300000 1.333333 1.366667</float_array>
        <technique_common>
          <accessor source="#mixamorig_Hips-Matrix-animation-input-array" count="42">
            <param name="TIME" type="float"/>
          </accessor>
        </technique_common>
      </source>
      <source id="mixamorig_Hips-Matrix-animation-output-transform">
        <float_array id="mixamorig_Hips-Matrix-animation-output-transform-array" count="672">

0.614320 -0.224413 -0.756472 -2.593319 0.038501 0.966087 -0.255332 88.224380 0.788117 0.127731 0.602127 4.149179 0.000000 0.000000 0.000000 1.000000
0.626221 -0.219252 -0.748182 -2.383447 0.030279 0.965759 -0.257669 88.198288 0.779057 0.138704 0.611417 4.849306 0.000000 0.000000 0.000000 1.000000
0.640093 -0.213889 -0.737924 -2.095741 0.026691 0.966078 -0.256867 87.758430 0.767833 0.144723 0.624089 5.459831 0.000000 0.000000 0.000000 1.000000
0.656683 -0.204643 -0.725871 -1.765174 0.024052 0.967674 -0.251054 87.005997 0.753783 0.147404 0.640377 5.991491 0.000000 0.000000 0.000000 1.000000
0.671864 -0.197704 -0.713801 -1.198413 0.017534 0.967693 -0.251521 85.944016 0.740467 0.156472 0.653625 6.515230 0.000000 0.000000 0.000000 1.000000
0.687230 -0.186015 -0.702220 -0.488972 0.004501 0.967732 -0.251943 84.673096 0.726426 0.169982 0.665892 7.005742 0.000000 0.000000 0.000000 1.000000
0.705228 -0.175394 -0.686942 0.141380 -0.004723 0.967732 -0.251936 83.748047 0.708965 0.180916 0.681644 7.523398 0.000000 0.000000 0.000000 1.000000
0.729898 -0.162710 -0.663909 0.708573 -0.000911 0.971024 -0.238979 83.671494 0.683556 0.175035 0.708600 8.435191 0.000000 0.000000 0.000000 1.000000
0.753992 -0.150615 -0.639383 1.404462 0.009769 0.975822 -0.218347 83.394104 0.656811 0.158385 0.737234 8.832754 0.000000 0.000000 0.000000 1.000000
0.770113 -0.142447 -0.621799 2.186609 0.017383 0.979073 -0.202766 82.389343 0.637670 0.145344 0.756473 8.468603 0.000000 0.000000 0.000000 1.000000
0.780273 -0.141132 -0.609308 2.846906 0.027798 0.981071 -0.191645 81.372452 0.624821 0.132598 0.769426 8.252810 0.000000 0.000000 0.000000 1.000000
0.782437 -0.153833 -0.603430 3.374372 0.046933 0.980819 -0.189185 81.192711 0.620959 0.119704 0.774649 8.407568 0.000000 0.000000 0.000000 1.000000
0.782367 -0.164437 -0.600718 3.350782 0.058568 0.979667 -0.191889 81.548813 0.620058 0.114945 0.776090 8.998091 0.000000 0.000000 0.000000 1.000000
0.781058 -0.171197 -0.600532 4.042187 0.063142 0.978409 -0.196798 82.509544 0.621257 0.115792 0.775004 9.573426 0.000000 0.000000 0.000000 1.000000
0.768674 -0.170818 -0.616410 4.462880 0.051780 0.977137 -0.206211 84.104034 0.637542 0.126591 0.759944 9.953381 0.000000 0.000000 0.000000 1.000000
0.743079 -0.164621 -0.648640 4.839540 0.026433 0.975735 -0.217354 85.882462 0.668681 0.144366 0.729400 10.304823 0.000000 0.000000 0.000000 1.000000
0.723374 -0.172483 -0.668566 5.146620 0.008399 0.970421 -0.241272 87.539215 0.690406 0.168915 0.703426 10.636866 0.000000 0.000000 0.000000 1.000000
0.705295 -0.168786 -0.688528 5.323245 -0.015707 0.967284 -0.253210 89.123093 0.708740 0.189402 0.679569 10.835787 0.000000 0.000000 0.000000 1.000000
0.683741 -0.159437 -0.712094 5.218550 -0.042644 0.965441 -0.257107 90.472122 0.728478 0.206162 0.653313 11.013984 0.000000 0.000000 0.000000 1.000000
0.656743 -0.152923 -0.738446 4.975032 -0.064442 0.964261 -0.256998 91.313225 0.751356 0.216368 0.623417 11.197906 0.000000 0.000000 0.000000 1.000000
0.626556 -0.149400 -0.764923 4.688273 -0.077775 0.964571 -0.252100 91.689209 0.775486 0.217447 0.592738 11.345909 0.000000 0.000000 0.000000 1.000000
0.601595 -0.146126 -0.785322 4.392959 -0.083843 0.966144 -0.244000 91.605515 0.794389 0.212633 0.568975 11.502810 0.000000 0.000000 0.000000 1.000000
0.582683 -0.148172 -0.799078 4.178654 -0.083088 0.967226 -0.239939 91.233421 0.808441 0.206202 0.551274 11.694753 0.000000 0.000000 0.000000 1.000000
0.567490 -0.148822 -0.809819 4.032862 -0.078324 0.969313 -0.233019 90.679672 0.819647 0.195664 0.538419 11.898409 0.000000 0.000000 0.000000 1.000000
0.551317 -0.149127 -0.820859 3.981597 -0.073474 0.971394 -0.225822 89.879433 0.831054 0.184811 0.524590 12.144264 0.000000 0.000000 0.000000 1.000000
0.530203 -0.150500 -0.834407 4.023879 -0.066635 0.973680 -0.217962 88.804520 0.845248 0.171165 0.506219 12.377267 0.000000 0.000000 0.000000 1.000000
0.504552 -0.153418 -0.849641 4.059329 -0.055503 0.976287 -0.209246 87.391350 0.861595 0.152733 0.484073 12.609673 0.000000 0.000000 0.000000 1.000000
0.474549 -0.157509 -0.866022 4.020918 -0.042358 0.978634 -0.201201 85.793091 0.879209 0.132163 0.457738 12.572439 0.000000 0.000000 0.000000 1.000000
0.437186 -0.171569 -0.882855 3.824373 -0.027451 0.978633 -0.203775 84.120758 0.898952 0.113323 0.423135 11.990494 0.000000 0.000000 0.000000 1.000000
0.403500 -0.191386 -0.894740 3.424960 -0.009547 0.976945 -0.213275 82.585861 0.914930 0.094599 0.392370 11.000598 0.000000 0.000000 0.000000 1.000000
0.390145 -0.211690 -0.896088 2.800657 0.010703 0.974189 -0.225480 81.355736 0.920691 0.078379 0.382341 9.546223 0.000000 0.000000 0.000000 1.000000
0.387990 -0.235009 -0.891198 2.205539 0.019903 0.968856 -0.246823 80.899101 0.921449 0.078027 0.380584 7.535104 0.000000 0.000000 0.000000 1.000000
0.402147 -0.255239 -0.879279 1.580575 0.021296 0.962705 -0.269715 81.349770 0.915328 0.089740 0.392584 6.661550 0.000000 0.000000 0.000000 1.000000
0.459822 -0.245776 -0.853322 1.142223 0.030891 0.964781 -0.261233 82.564682 0.887474 0.093761 0.451220 6.246297 0.000000 0.000000 0.000000 1.000000
0.503349 -0.256582 -0.825109 0.510048 0.038368 0.960591 -0.275306 83.859543 0.863231 0.106917 0.493357 5.777232 0.000000 0.000000 0.000000 1.000000
0.522187 -0.267140 -0.809912 -0.206383 0.038675 0.956115 -0.290428 85.183334 0.851954 0.120335 0.509602 5.012689 0.000000 0.000000 0.000000 1.000000
0.537381 -0.263650 -0.801068 -1.010462 0.048538 0.957971 -0.282729 86.595306 0.841942 0.113051 0.527592 4.292308 0.000000 0.000000 0.000000 1.000000
0.546228 -0.264204 -0.794878 -1.717188 0.057171 0.958500 -0.279302 87.764496 0.835683 0.107118 0.538664 3.680490 0.000000 0.000000 0.000000 1.000000
0.560675 -0.260156 -0.786106 -2.237499 0.053235 0.958723 -0.279313 88.322502 0.826323 0.114755 0.551382 3.490351 0.000000 0.000000 0.000000 1.000000
0.578957 -0.252238 -0.775361 -2.496136 0.050258 0.960177 -0.274835 88.476425 0.813808 0.120150 0.568578 3.540304 0.000000 0.000000 0.000000 1.000000
0.596531 -0.242681 -0.765020 -2.647630 0.050196 0.962605 -0.266218 88.501488 0.801019 0.120406 0.586406 3.593065 0.000000 0.000000 0.000000 1.000000
0.614320 -0.224413 -0.756472 -2.593328 0.038500 0.966087 -0.255332 88.224388 0.788117 0.127731 0.602127 4.149185 0.000000 0.000000 0.000000 1.000000</float_array>
        <technique_common>
          <accessor source="#mixamorig_Hips-Matrix-animation-output-transform-array" count="42" stride="16">
            <param type="float4x4"/>
          </accessor>
        </technique_common>
      </source>
      <source id="mixamorig_Hips-Interpolations">
        <Name_array id="mixamorig_Hips-Interpolations-array" count="42">
 LINEAR LINEAR LINEAR LINEAR LINEAR LINEAR LINEAR LINEAR LINEAR LINEAR LINEAR
LINEAR LINEAR LINEAR LINEAR LINEAR LINEAR LINEAR LINEAR LINEAR LINEAR LINEAR LINEAR
LINEAR LINEAR LINEAR LINEAR LINEAR LINEAR LINEAR LINEAR LINEAR LINEAR LINEAR LINEAR
LINEAR LINEAR LINEAR LINEAR LINEAR LINEAR LINEAR</Name_array>
        <technique_common>
          <accessor source="#mixamorig_Hips-Interpolations-array" count="42">
            <param type="name"/>
          </accessor>
        </technique_common>
      </source>
      <sampler id="mixamorig_Hips-Matrix-animation-transform">
        <input semantic="INPUT" source="#mixamorig_Hips-Matrix-animation-input"/>
        <input semantic="OUTPUT" source="#mixamorig_Hips-Matrix-animation-output-transform"/>
        <input semantic="INTERPOLATION" source="#mixamorig_Hips-Interpolations"/>
      </sampler>
      <channel source="#mixamorig_Hips-Matrix-animation-transform" target="mixamorig_Hips/matrix"/>
    </animation>
    <animation id="mixamorig_Spine-anim" name="mixamorig_Spine">
      <source id="mixamorig_Spine-Matrix-animation-input">
        <float_array id="mixamorig_Spine-Matrix-animation-input-array" count="42">

0.000000 0.033333 0.066667 0.100000 0.133333 0.166667 0.200000 0.233333 0.266667 0.300000 0.333333 0.366667 0.400000 0.433333 0.466667 0.500000
0.533333 0.566667 0.600000 0.633333 0.666667 0.700000 0.733333 0.766667 0.800000 0.833333 0.866667 0.900000 0.933333 0.966667 1.000000 1.033333
1.066667 1.100000 1.133333 1.166667 1.200000 1.233333 1.266667 1.300000 1.333333 1.366667</float_array>
        <technique_common>
          <accessor source="#mixamorig_Spine-Matrix-animation-input-array" count="42">
            <param name="TIME" type="float"/>
          </accessor>
        </technique_common>
      </source>
      <source id="mixamorig_Spine-Matrix-animation-output-transform">
        <float_array id="mixamorig_Spine-Matrix-animation-output-transform-array" count="672">

0.999617 0.019413 -0.019741 0.000000 -0.020870 0.996853 -0.076480 10.528800 0.018194 0.076863 0.996876 -0.610600 0.000000 0.000000 0.000000 1.000000
0.999580 0.018220 -0.022535 0.000000 -0.019972 0.996584 -0.080128 10.528800 0.020998 0.080544 0.996530 -0.610600 0.000000 0.000000 0.000000 1.000000
0.999562 0.014799 -0.025616 0.000000 -0.016806 0.996654 -0.079995 10.528800 0.024347 0.080391 0.996466 -0.610600 0.000000 0.000000 0.000000 1.000000
0.999480 0.013728 -0.029166 -0.000000 -0.016134 0.996343 -0.083904 10.528800 0.027907 0.084331 0.996047 -0.610600 0.000000 0.000000 0.000000 1.000000
0.999476 0.005780 -0.031855 0.000000 -0.008423 0.996473 -0.083488 10.528800 0.031260 0.083712 0.996000 -0.610600 0.000000 0.000000 0.000000 1.000000
0.999404 -0.006738 -0.033853 0.000000 0.003823 0.996334 -0.085465 10.528800 0.034304 0.085285 0.995766 -0.610600 0.000000 0.000000 0.000000 1.000000
0.999227 -0.013110 -0.037070 0.000000 0.010077 0.996676 -0.080843 10.528800 0.038006 0.080407 0.996037 -0.610600 0.000000 0.000000 0.000000 1.000000
0.998872 -0.018275 -0.043832 -0.000000 0.014727 0.996691 -0.079936 10.528800 0.045148 0.079201 0.995836 -0.610600 0.000000 0.000000 0.000000 1.000000
0.998685 -0.009682 -0.050348 0.000000 0.004919 0.995573 -0.093868 10.528800 0.051034 0.093497 0.994311 -0.610600 0.000000 0.000000 0.000000 1.000000
0.998552 -0.002381 -0.053744 0.000000 -0.003252 0.994522 -0.104480 10.528800 0.053699 0.104503 0.993074 -0.610600 0.000000 0.000000 0.000000 1.000000
0.998365 -0.004604 -0.056972 0.000000 -0.001404 0.994476 -0.104958 10.528800 0.057141 0.104866 0.992843 -0.610600 0.000000 0.000000 0.000000 1.000000
0.998286 0.004447 -0.058352 0.000000 -0.010563 0.994424 -0.104929 10.528800 0.057560 0.105366 0.992766 -0.610600 0.000000 0.000000 0.000000 1.000000
0.998033 0.019637 -0.059534 0.000000 -0.025296 0.995075 -0.095838 10.528800 0.057359 0.097155 0.993615 -0.610600 0.000000 0.000000 0.000000 1.000000
0.998023 0.013743 -0.061331 0.000000 -0.020316 0.993957 -0.107874 10.528800 0.059478 0.108907 0.992271 -0.610600 0.000000 0.000000 0.000000 1.000000
0.998104 0.016426 -0.059323 0.000000 -0.022832 0.993783 -0.108971 10.528800 0.057164 0.110119 0.992273 -0.610600 0.000000 0.000000 0.000000 1.000000
0.998415 0.011834 -0.055031 0.000000 -0.018060 0.993310 -0.114058 10.528800 0.053313 0.114871 0.991949 -0.610600 0.000000 0.000000 0.000000 1.000000
0.998409 0.018529 -0.053254 0.000000 -0.023707 0.994875 -0.098296 10.528800 0.051160 0.099402 0.993731 -0.610600 0.000000 0.000000 0.000000 1.000000
0.998508 0.019145 -0.051134 -0.000000 -0.024037 0.995011 -0.096828 10.528800 0.049025 0.097912 0.993987 -0.610600 0.000000 0.000000 0.000000 1.000000
0.998686 0.018572 -0.047769 0.000000 -0.023075 0.995160 -0.095523 10.528800 0.045764 0.096500 0.994280 -0.610600 0.000000 0.000000 0.000000 1.000000
0.998841 0.020641 -0.043478 0.000000 -0.024494 0.995636 -0.090051 10.528800 0.041429 0.091012 0.994988 -0.610600 0.000000 0.000000 0.000000 1.000000
0.998901 0.026010 -0.038994 0.000000 -0.029350 0.995717 -0.087674 10.528800 0.036547 0.088722 0.995386 -0.610600 0.000000 0.000000 0.000000 1.000000
0.998914 0.029867 -0.035747 -0.000000 -0.032905 0.995605 -0.087679 10.528800 0.032971 0.088760 0.995507 -0.610600 0.000000 0.000000 0.000000 1.000000
0.998914 0.032666 -0.033225 0.000000 -0.035304 0.995990 -0.082204 10.528800 0.030407 0.083287 0.996062 -0.610600 0.000000 0.000000 0.000000 1.000000
0.998882 0.035860 -0.030793 0.000000 -0.038281 0.995896 -0.082016 10.528800 0.027726 0.083103 0.996155 -0.610600 0.000000 0.000000 0.000000 1.000000
0.998989 0.035353 -0.027780 0.000000 -0.037518 0.995948 -0.081728 10.528800 0.024778 0.082687 0.996267 -0.610600 0.000000 0.000000 0.000000 1.000000
0.999079 0.035520 -0.024087 0.000000 -0.037386 0.995929 -0.082028 10.528800 0.021075 0.082853 0.996339 -0.610600 0.000000 0.000000 0.000000 1.000000
0.999171 0.035271 -0.020320 0.000000 -0.036806 0.996042 -0.080908 10.528800 0.017386 0.081589 0.996514 -0.610600 0.000000 0.000000 0.000000 1.000000
0.999252 0.034806 -0.016855 0.000000 -0.036116 0.995733 -0.084914 10.528800 0.013827 0.085459 0.996246 -0.610600 0.000000 0.000000 0.000000 1.000000
0.998951 0.044209 -0.011975 0.000000 -0.045056 0.995495 -0.083428 10.528800 0.008233 0.083880 0.996442 -0.610600 0.000000 0.000000 0.000000 1.000000
0.998720 0.050053 -0.007237 0.000000 -0.050471 0.995561 -0.079436 10.528800 0.003229 0.079700 0.996814 -0.610600 0.000000 0.000000 0.000000 1.000000
0.997930 0.064033 -0.005984 0.000000 -0.064308 0.994583 -0.081667 10.528800 0.000722 0.081883 0.996642 -0.610600 0.000000 0.000000 0.000000 1.000000
0.995938 0.089916 -0.004739 0.000000 -0.089998 0.992465 -0.083147 10.528800 -0.002773 0.083236 0.996526 -0.610600 0.000000 0.000000 0.000000 1.000000
0.997575 0.069465 -0.004313 0.000000 -0.069598 0.995537 -0.063734 10.528800 -0.000134 0.063880 0.997958 -0.610600 0.000000 0.000000 0.000000 1.000000
0.998072 0.059761 -0.016783 -0.000000 -0.061141 0.993146 -0.099615 10.528800 0.010714 0.100449 0.994884 -0.610600 0.000000 0.000000 0.000000 1.000000
0.997987 0.059434 -0.022128 0.000000 -0.061179 0.994152 -0.088993 10.528800 0.016710 0.090168 0.995786 -0.610600 0.000000 0.000000 0.000000 1.000000
0.998338 0.053422 -0.021640 0.000000 -0.054876 0.995796 -0.073335 10.528800 0.017631 0.074401 0.997073 -0.610600 0.000000 0.000000 0.000000 1.000000
0.997803 0.062228 -0.022717 0.000000 -0.064017 0.993963 -0.089099 10.528800 0.017035 0.090358 0.995764 -0.610600 0.000000 0.000000 0.000000 1.000000
0.997495 0.067240 -0.021951 -0.000000 -0.069006 0.993246 -0.093277 10.528800 0.015531 0.094558 0.995398 -0.610600 0.000000 0.000000 0.000000 1.000000
0.998453 0.051857 -0.020080 0.000000 -0.053381 0.994968 -0.084787 10.528800 0.015582 0.085728 0.996197 -0.610600 0.000000 0.000000 0.000000 1.000000
0.998876 0.043229 -0.019444 0.000000 -0.044714 0.995476 -0.083831 10.528800 0.015732 0.084607 0.996290 -0.610600 0.000000 0.000000 0.000000 1.000000
0.998868 0.043450 -0.019379 0.000000 -0.044934 0.995434 -0.084214 10.528800 0.015632 0.084989 0.996259 -0.610600 0.000000 0.000000 0.000000 1.000000
0.999617 0.019412 -0.019741 0.000000 -0.020868 0.996853 -0.076481 10.528800 0.018195 0.076864 0.996876 -0.610600 0.000000 0.000000 0.000000 1.000000</float_array>
        <technique_common>
          <accessor source="#mixamorig_Spine-Matrix-animation-output-transform-array" count="42" stride="16">
            <param type="float4x4"/>
          </accessor>
        </technique_common>
      </source>
      <source id="mixamorig_Spine-Interpolations">
        <Name_array id="mixamorig_Spine-Interpolations-array" count="42">
 LINEAR LINEAR LINEAR LINEAR LINEAR LINEAR LINEAR LINEAR LINEAR LINEAR LINEAR
LINEAR LINEAR LINEAR LINEAR LINEAR LINEAR LINEAR LINEAR LINEAR LINEAR LINEAR LINEAR
LINEAR LINEAR LINEAR LINEAR LINEAR LINEAR LINEAR LINEAR LINEAR LINEAR LINEAR LINEAR
LINEAR LINEAR LINEAR LINEAR LINEAR LINEAR LINEAR</Name_array>
        <technique_common>
          <accessor source="#mixamorig_Spine-Interpolations-array" count="42">
            <param type="name"/>
          </accessor>
        </technique_common>
      </source>
      <sampler id="mixamorig_Spine-Matrix-animation-transform">
        <input semantic="INPUT" source="#mixamorig_Spine-Matrix-animation-input"/>
        <input semantic="OUTPUT" source="#mixamorig_Spine-Matrix-animation-output-transform"/>
        <input semantic="INTERPOLATION" source="#mixamorig_Spine-Interpolations"/>
      </sampler>
      <channel source="#mixamorig_Spine-Matrix-animation-transform" target="mixamorig_Spine/matrix"/>
    </animation>
    <animation id="mixamorig_Spine1-anim" name="mixamorig_Spine1">
      <source id="mixamorig_Spine1-Matrix-animation-input">
        <float_array id="mixamorig_Spine1-Matrix-animation-input-array" count="42">

0.000000 0.033333 0.066667 0.100000 0.133333 0.166667 0.200000 0.233333 0.266667 0.300000 0.333333 0.366667 0.400000 0.433333 0.466667 0.500000
0.533333 0.566667 0.600000 0.633333 0.666667 0.700000 0.733333 0.766667 0.800000 0.833333 0.866667 0.900000 0.933333 0.966667 1.000000 1.033333
1.066667 1.100000 1.133333 1.166667 1.200000 1.233333 1.266667 1.300000 1.333333 1.366667</float_array>
        <technique_common>
          <accessor source="#mixamorig_Spine1-Matrix-animation-input-array" count="42">
            <param name="TIME" type="float"/>
          </accessor>
        </technique_common>
      </source>
      <source id="mixamorig_Spine1-Matrix-animation-output-transform">
        <float_array id="mixamorig_Spine1-Matrix-animation-output-transform-array" count="672">

0.995666 0.077136 -0.051963 0.000000 -0.079314 0.995996 -0.041238 11.377000 0.048574 0.045180 0.997797 0.000000 0.000000 0.000000 0.000000 1.000000
0.995881 0.069952 -0.057687 0.000000 -0.072213 0.996662 -0.038086 11.377000 0.054830 0.042095 0.997608 0.000000 0.000000 0.000000 0.000000 1.000000
0.995902 0.063692 -0.064208 -0.000000 -0.066122 0.997145 -0.036459 11.377000 0.061702 0.040555 0.997270 0.000000 0.000000 0.000000 0.000000 1.000000
0.996012 0.054050 -0.070991 -0.000000 -0.056671 0.997764 -0.035440 11.377000 0.068916 0.039322 0.996847 0.000000 0.000000 0.000000 0.000000 1.000000
0.996122 0.044024 -0.076178 0.000000 -0.046814 0.998282 -0.035232 11.377000 0.074496 0.038662 0.996472 -0.000000 0.000000 0.000000 0.000000 1.000000
0.996365 0.029938 -0.079748 0.000000 -0.032886 0.998813 -0.035918 11.377000 0.078578 0.038410 0.996168 0.000000 0.000000 0.000000 0.000000 1.000000
0.996439 0.013038 -0.083302 -0.000000 -0.016394 0.999076 -0.039733 11.377000 0.082707 0.040958 0.995732 0.000000 0.000000 0.000000 0.000000 1.000000
0.995937 0.000832 -0.090045 -0.000000 -0.004880 0.998986 -0.044749 11.377000 0.089916 0.045007 0.994932 0.000000 0.000000 0.000000 0.000000 1.000000
0.995174 -0.009463 -0.097667 0.000000 0.005031 0.998950 -0.045528 11.377000 0.097995 0.044817 0.994177 0.000000 0.000000 0.000000 0.000000 1.000000
0.994594 -0.013616 -0.102945 0.000000 0.008953 0.998918 -0.045627 11.377000 0.103454 0.044459 0.993640 -0.000000 0.000000 0.000000 0.000000 1.000000
0.994180 -0.006169 -0.107551 0.000000 0.000730 0.998722 -0.050543 11.377000 0.107725 0.050170 0.992914 0.000000 0.000000 0.000000 0.000000 1.000000
0.993829 0.004312 -0.110840 0.000000 -0.010378 0.998476 -0.054208 11.377000 0.110437 0.055023 0.992359 0.000000 0.000000 0.000000 0.000000 1.000000
0.993629 0.008961 -0.112348 -0.000000 -0.016179 0.997851 -0.063501 11.377000 0.111537 0.064914 0.991638 -0.000000 0.000000 0.000000 0.000000 1.000000
0.993314 0.018143 -0.114009 0.000000 -0.025422 0.997707 -0.062726 11.377000 0.112610 0.065205 0.991498 0.000000 0.000000 0.000000 0.000000 1.000000
0.993831 0.018455 -0.109358 0.000000 -0.025772 0.997495 -0.065876 11.377000 0.107868 0.068288 0.991817 0.000000 0.000000 0.000000 0.000000 1.000000
0.995023 0.019367 -0.097741 0.000000 -0.025707 0.997617 -0.064029 11.377000 0.096268 0.066223 0.993150 0.000000 0.000000 0.000000 0.000000 1.000000
0.995516 0.016640 -0.093118 0.000000 -0.022484 0.997819 -0.062067 11.377000 0.091882 0.063883 0.993719 0.000000 0.000000 0.000000 0.000000 1.000000
0.995920 0.013511 -0.089219 0.000000 -0.018624 0.998216 -0.056729 11.377000 0.088293 0.058159 0.994395 -0.000000 0.000000 0.000000 0.000000 1.000000
0.996509 0.010053 -0.082882 0.000000 -0.014418 0.998531 -0.052232 11.377000 0.082235 0.053245 0.995190 0.000000 0.000000 0.000000 0.000000 1.000000
0.997203 0.008185 -0.074297 0.000000 -0.011860 0.998720 -0.049165 11.377000 0.073799 0.049909 0.996023 0.000000 0.000000 0.000000 0.000000 1.000000
0.997848 0.008118 -0.065061 0.000000 -0.011093 0.998902 -0.045508 11.377000 0.064620 0.046132 0.996843 0.000000 0.000000 0.000000 0.000000 1.000000
0.998244 0.009524 -0.058473 0.000000 -0.012010 0.999033 -0.042298 11.377000 0.058014 0.042926 0.997392 -0.000000 0.000000 0.000000 0.000000 1.000000
0.998450 0.012701 -0.054185 0.000000 -0.014912 0.999064 -0.040604 11.377000 0.053618 0.041349 0.997705 0.000000 0.000000 0.000000 0.000000 1.000000
0.998586 0.016287 -0.050607 0.000000 -0.018272 0.999072 -0.039005 11.377000 0.049925 0.039875 0.997957 0.000000 0.000000 0.000000 0.000000 1.000000
0.998729 0.020660 -0.045963 -0.000000 -0.022434 0.999010 -0.038414 11.377000 0.045124 0.039396 0.998204 0.000000 0.000000 0.000000 0.000000 1.000000
0.998889 0.024930 -0.039992 0.000000 -0.026477 0.998902 -0.038645 11.377000 0.038985 0.039661 0.998452 0.000000 0.000000 0.000000 0.000000 1.000000
0.998954 0.030731 -0.033865 0.000000 -0.032116 0.998637 -0.041135 11.377000 0.032555 0.042180 0.998580 0.000000 0.000000 0.000000 0.000000 1.000000
0.998902 0.038235 -0.027054 0.000000 -0.039364 0.998321 -0.042496 11.377000 0.025384 0.043515 0.998730 0.000000 0.000000 0.000000 0.000000 1.000000
0.998862 0.044358 -0.017536 0.000000 -0.045074 0.998067 -0.042782 11.377000 0.015604 0.043524 0.998931 0.000000 0.000000 0.000000 0.000000 1.000000
0.998448 0.054883 -0.009477 0.000000 -0.055249 0.997501 -0.044034 11.377000 0.007037 0.044489 0.998985 0.000000 0.000000 0.000000 0.000000 1.000000
0.998183 0.059727 -0.007966 -0.000000 -0.060024 0.997206 -0.044457 11.377000 0.005288 0.044855 0.998980 0.000000 0.000000 0.000000 0.000000 1.000000
0.998590 0.052669 -0.006662 0.000000 -0.052902 0.997731 -0.041635 11.377000 0.004454 0.041928 0.999111 0.000000 0.000000 0.000000 0.000000 1.000000
0.997902 0.064154 -0.008677 -0.000000 -0.064487 0.996853 -0.046110 11.377000 0.005691 0.046573 0.998899 0.000000 0.000000 0.000000 0.000000 1.000000
0.997449 0.066286 -0.026486 -0.000000 -0.067271 0.997002 -0.038235 11.377000 0.023873 0.039919 0.998918 0.000000 0.000000 0.000000 0.000000 1.000000
0.996966 0.067218 -0.039247 0.000000 -0.068783 0.996830 -0.039974 11.377000 0.036436 0.042553 0.998430 0.000000 0.000000 0.000000 0.000000 1.000000
0.996580 0.071868 -0.040790 0.000000 -0.073613 0.996359 -0.043017 11.377000 0.037550 0.045873 0.998241 -0.000000 0.000000 0.000000 0.000000 1.000000
0.996539 0.071687 -0.042073 0.000000 -0.073462 0.996401 -0.042285 11.377000 0.038890 0.045229 0.998219 -0.000000 0.000000 0.000000 0.000000 1.000000
0.996517 0.072355 -0.041467 0.000000 -0.074053 0.996412 -0.040985 11.377000 0.038353 0.043913 0.998299 0.000000 0.000000 0.000000 0.000000 1.000000
0.996278 0.075263 -0.042025 0.000000 -0.076963 0.996215 -0.040392 11.377000 0.038826 0.043476 0.998300 -0.000000 0.000000 0.000000 0.000000 1.000000
0.996172 0.074897 -0.045078 -0.000000 -0.076602 0.996361 -0.037378 11.377000 0.042115 0.040688 0.998284 -0.000000 0.000000 0.000000 0.000000 1.000000
0.996223 0.071959 -0.048602 0.000000 -0.073751 0.996622 -0.036140 11.377000 0.045837 0.039588 0.998164 -0.000000 0.000000 0.000000 0.000000 1.000000
0.995666 0.077136 -0.051963 0.000000 -0.079314 0.995996 -0.041237 11.377000 0.048574 0.045180 0.997797 0.000000 0.000000 0.000000 0.000000 1.000000</float_array>
        <technique_common>
          <accessor source="#mixamorig_Spine1-Matrix-animation-output-transform-array" count="42" stride="16">
            <param type="float4x4"/>
          </accessor>
        </technique_common>
      </source>
      <source id="mixamorig_Spine1-Interpolations">
        <Name_array id="mixamorig_Spine1-Interpolations-array" count="42">
 LINEAR LINEAR LINEAR LINEAR LINEAR LINEAR LINEAR LINEAR LINEAR LINEAR LINEAR
LINEAR LINEAR LINEAR LINEAR LINEAR LINEAR LINEAR LINEAR LINEAR LINEAR LINEAR LINEAR
LINEAR LINEAR LINEAR LINEAR LINEAR LINEAR LINEAR LINEAR LINEAR LINEAR LINEAR LINEAR
LINEAR LINEAR LINEAR LINEAR LINEAR LINEAR LINEAR</Name_array>
        <technique_common>
          <accessor source="#mixamorig_Spine1-Interpolations-array" count="42">
            <param type="name"/>
          </accessor>
        </technique_common>
      </source>
      <sampler id="mixamorig_Spine1-Matrix-animation-transform">
        <input semantic="INPUT" source="#mixamorig_Spine1-Matrix-animation-input"/>
        <input semantic="OUTPUT" source="#mixamorig_Spine1-Matrix-animation-output-transform"/>
        <input semantic="INTERPOLATION" source="#mixamorig_Spine1-Interpolations"/>
      </sampler>
      <channel source="#mixamorig_Spine1-Matrix-animation-transform" target="mixamorig_Spine1/matrix"/>
    </animation>
    <animation id="mixamorig_Spine2-anim" name="mixamorig_Spine2">
      <source id="mixamorig_Spine2-Matrix-animation-input">
        <float_array id="mixamorig_Spine2-Matrix-animation-input-array" count="42">

0.000000 0.033333 0.066667 0.100000 0.133333 0.166667 0.200000 0.233333 0.266667 0.300000 0.333333 0.366667 0.400000 0.433333 0.466667 0.500000
0.533333 0.566667 0.600000 0.633333 0.666667 0.700000 0.733333 0.766667 0.800000 0.833333 0.866667 0.900000 0.933333 0.966667 1.000000 1.033333
1.066667 1.100000 1.133333 1.166667 1.200000 1.233333 1.266667 1.300000 1.333333 1.366667</float_array>
        <technique_common>
          <accessor source="#mixamorig_Spine2-Matrix-animation-input-array" count="42">
            <param name="TIME" type="float"/>
          </accessor>
        </technique_common>
      </source>
      <source id="mixamorig_Spine2-Matrix-animation-output-transform">
        <float_array id="mixamorig_Spine2-Matrix-animation-output-transform-array" count="672">

0.995666 0.088601 -0.028285 0.000000 -0.083042 0.983840 0.158628 14.062000 0.041882 -0.155592 0.986933 0.000000 0.000000 0.000000 0.000000 1.000000
0.995888 0.083253 -0.035724 0.000000 -0.076441 0.983849 0.161856 14.062000 0.048622 -0.158460 0.986167 0.000000 0.000000 0.000000 0.000000 1.000000
0.995917 0.078998 -0.043680 0.000000 -0.070879 0.983988 0.163536 14.062000 0.055899 -0.159772 0.985570 -0.000000 0.000000 0.000000 0.000000 1.000000
0.996052 0.071504 -0.052612 0.000000 -0.061979 0.984424 0.164526 14.062000 0.063556 -0.160615 0.984969 0.000000 0.000000 0.000000 0.000000 1.000000
0.996170 0.063129 -0.060494 -0.000000 -0.052406 0.984926 0.164847 14.062000 0.069989 -0.161045 0.984462 0.000000 0.000000 0.000000 0.000000 1.000000
0.996381 0.050761 -0.068179 -0.000000 -0.038945 0.985583 0.164649 14.062000 0.075554 -0.161398 0.983993 -0.000000 0.000000 0.000000 0.000000 1.000000
0.996433 0.035808 -0.076414 0.000000 -0.023092 0.986646 0.161234 14.062000 0.081167 -0.158894 0.983953 0.000000 0.000000 0.000000 0.000000 1.000000
0.995901 0.025972 -0.086637 0.000000 -0.012131 0.987586 0.156610 14.062000 0.089629 -0.154917 0.983853 -0.000000 0.000000 0.000000 0.000000 1.000000
0.995181 0.017612 -0.096457 -0.000000 -0.002405 0.987825 0.155552 14.062000 0.098022 -0.154570 0.983107 0.000000 0.000000 0.000000 0.000000 1.000000
0.994667 0.014499 -0.102114 0.000000 0.001508 0.987919 0.154961 14.062000 0.103127 -0.154288 0.982629 0.000000 0.000000 0.000000 0.000000 1.000000
0.994249 0.023184 -0.104555 0.000000 -0.007257 0.988628 0.150204 14.062000 0.106849 -0.148581 0.983111 0.000000 0.000000 0.000000 0.000000 1.000000
0.993949 0.033998 -0.104450 -0.000000 -0.018469 0.989084 0.146192 14.062000 0.108280 -0.143378 0.983727 -0.000000 0.000000 0.000000 0.000000 1.000000
0.993824 0.039343 -0.103758 0.000000 -0.024952 0.990323 0.136520 14.062000 0.108125 -0.133088 0.985189 0.000000 0.000000 0.000000 0.000000 1.000000
0.993417 0.048080 -0.103976 -0.000000 -0.033485 0.989892 0.137817 14.062000 0.109551 -0.133428 0.984985 -0.000000 0.000000 0.000000 0.000000 1.000000
0.993919 0.047219 -0.099476 -0.000000 -0.033558 0.990308 0.134775 14.062000 0.104876 -0.130617 0.985870 0.000000 0.000000 0.000000 0.000000 1.000000
0.995049 0.045035 -0.088599 0.000000 -0.032615 0.990041 0.136946 14.062000 0.093885 -0.133378 0.986608 -0.000000 0.000000 0.000000 0.000000 1.000000
0.995554 0.041683 -0.084468 -0.000000 -0.029667 0.989873 0.138822 14.062000 0.089399 -0.135699 0.986708 -0.000000 0.000000 0.000000 0.000000 1.000000
0.995958 0.037596 -0.081571 -0.000000 -0.025539 0.989232 0.144113 14.062000 0.086111 -0.141448 0.986193 0.000000 0.000000 0.000000 0.000000 1.000000
0.996543 0.032528 -0.076443 0.000000 -0.020875 0.988682 0.148570 14.062000 0.080411 -0.146460 0.985943 -0.000000 0.000000 0.000000 0.000000 1.000000
0.997234 0.028407 -0.068678 -0.000000 -0.017713 0.988285 0.151587 14.062000 0.072179 -0.149951 0.986055 0.000000 0.000000 0.000000 0.000000 1.000000
0.997881 0.025848 -0.059713 -0.000000 -0.016302 0.987757 0.155149 14.062000 0.062992 -0.153847 0.986085 0.000000 0.000000 0.000000 0.000000 1.000000
0.998278 0.025331 -0.052914 0.000000 -0.016663 0.987256 0.158267 14.062000 0.056248 -0.157112 0.985978 0.000000 0.000000 0.000000 0.000000 1.000000
0.998484 0.027257 -0.047819 -0.000000 -0.019284 0.986943 0.159909 14.062000 0.051553 -0.158745 0.985973 0.000000 0.000000 0.000000 0.000000 1.000000
0.998622 0.029587 -0.043340 0.000000 -0.022226 0.986634 0.161426 14.062000 0.047537 -0.160241 0.985933 0.000000 0.000000 0.000000 0.000000 1.000000
0.998760 0.032443 -0.037751 -0.000000 -0.025920 0.986449 0.162010 14.062000 0.042495 -0.160830 0.986067 0.000000 0.000000 0.000000 0.000000 1.000000
0.998916 0.034899 -0.030809 0.000000 -0.029472 0.986389 0.161767 14.062000 0.036036 -0.160683 0.986348 0.000000 0.000000 0.000000 0.000000 1.000000
0.998970 0.038873 -0.023385 -0.000000 -0.034663 0.986617 0.159325 14.062000 0.029265 -0.158350 0.986949 0.000000 0.000000 0.000000 0.000000 1.000000
0.998910 0.044217 -0.014962 0.000000 -0.041304 0.986579 0.157973 14.062000 0.021747 -0.157183 0.987330 0.000000 0.000000 0.000000 0.000000 1.000000
0.998868 0.047417 -0.003806 0.000000 -0.046225 0.986418 0.157616 14.062000 0.011228 -0.157262 0.987493 0.000000 0.000000 0.000000 0.000000 1.000000
0.998444 0.055310 0.007059 0.000000 -0.055733 0.986136 0.156298 14.062000 0.001684 -0.156448 0.987685 -0.000000 0.000000 0.000000 0.000000 1.000000
0.998182 0.059342 0.010585 -0.000000 -0.060267 0.985954 0.155767 14.062000 -0.001193 -0.156122 0.987737 -0.000000 0.000000 0.000000 0.000000 1.000000
0.998592 0.051856 0.011176 0.000000 -0.052973 0.985919 0.158613 14.062000 -0.002794 -0.158982 0.987278 -0.000000 0.000000 0.000000 0.000000 1.000000
0.997908 0.063623 0.011452 0.000000 -0.064628 0.985957 0.153988 14.062000 -0.001494 -0.154406 0.988006 0.000000 0.000000 0.000000 0.000000 1.000000
0.997490 0.070548 -0.006115 -0.000000 -0.068639 0.984491 0.161452 14.062000 0.017411 -0.160627 0.986862 -0.000000 0.000000 0.000000 0.000000 1.000000
0.997026 0.075012 -0.017700 -0.000000 -0.071246 0.984614 0.159560 14.062000 0.029397 -0.157825 0.987029 0.000000 0.000000 0.000000 0.000000 1.000000
0.996634 0.080012 -0.017848 -0.000000 -0.076254 0.984731 0.156497 14.062000 0.030097 -0.154609 0.987517 -0.000000 0.000000 0.000000 0.000000 1.000000
0.996598 0.080072 -0.019499 0.000000 -0.076035 0.984635 0.157202 14.062000 0.031787 -0.155184 0.987374 0.000000 0.000000 0.000000 0.000000 1.000000
0.996588 0.080447 -0.018455 0.000000 -0.076531 0.984411 0.158363 14.062000 0.030907 -0.156410 0.987209 0.000000 0.000000 0.000000 0.000000 1.000000
0.996320 0.083697 -0.018484 -0.000000 -0.079712 0.984034 0.159130 14.062000 0.031508 -0.157071 0.987085 0.000000 0.000000 0.000000 0.000000 1.000000
0.996216 0.084175 -0.021616 0.000000 -0.079589 0.983560 0.162095 14.062000 0.034905 -0.159761 0.986538 0.000000 0.000000 0.000000 0.000000 1.000000
0.996273 0.082278 -0.025875 0.000000 -0.076986 0.983562 0.163338 14.062000 0.038888 -0.160737 0.986231 0.000000 0.000000 0.000000 0.000000 1.000000
0.995666 0.088601 -0.028284 -0.000000 -0.083042 0.983840 0.158628 14.062000 0.041882 -0.155592 0.986933 -0.000000 0.000000 0.000000 0.000000 1.000000</float_array>
        <technique_common>
          <accessor source="#mixamorig_Spine2-Matrix-animation-output-transform-array" count="42" stride="16">
            <param type="float4x4"/>
          </accessor>
        </technique_common>
      </source>
      <source id="mixamorig_Spine2-Interpolations">
        <Name_array id="mixamorig_Spine2-Interpolations-array" count="42">
 LINEAR LINEAR LINEAR LINEAR LINEAR LINEAR LINEAR LINEAR LINEAR LINEAR LINEAR
LINEAR LINEAR LINEAR LINEAR LINEAR LINEAR LINEAR LINEAR LINEAR LINEAR LINEAR LINEAR
LINEAR LINEAR LINEAR LINEAR LINEAR LINEAR LINEAR LINEAR LINEAR LINEAR LINEAR LINEAR
LINEAR LINEAR LINEAR LINEAR LINEAR LINEAR LINEAR</Name_array>
        <technique_common>
          <accessor source="#mixamorig_Spine2-Interpolations-array" count="42">
            <param type="name"/>
          </accessor>
        </technique_common>
      </source>
      <sampler id="mixamorig_Spine2-Matrix-animation-transform">
        <input semantic="INPUT" source="#mixamorig_Spine2-Matrix-animation-input"/>
        <input semantic="OUTPUT" source="#mixamorig_Spine2-Matrix-animation-output-transform"/>
        <input semantic="INTERPOLATION" source="#mixamorig_Spine2-Interpolations"/>
      </sampler>
      <channel source="#mixamorig_Spine2-Matrix-animation-transform" target="mixamorig_Spine2/matrix"/>
    </animation>
    <animation id="mixamorig_Neck-anim" name="mixamorig_Neck">
      <source id="mixamorig_Neck-Matrix-animation-input">
        <float_array id="mixamorig_Neck-Matrix-animation-input-array" count="42">

0.000000 0.033333 0.066667 0.100000 0.133333 0.166667 0.200000 0.233333 0.266667 0.300000 0.333333 0.366667 0.400000 0.433333 0.466667 0.500000
0.533333 0.566667 0.600000 0.633333 0.666667 0.700000 0.733333 0.766667 0.800000 0.833333 0.866667 0.900000 0.933333 0.966667 1.000000 1.033333
1.066667 1.100000 1.133333 1.166667 1.200000 1.233333 1.266667 1.300000 1.333333 1.366667</float_array>
        <technique_common>
          <accessor source="#mixamorig_Neck-Matrix-animation-input-array" count="42">
            <param name="TIME" type="float"/>
          </accessor>
        </technique_common>
      </source>
      <source id="mixamorig_Neck-Matrix-animation-output-transform">
        <float_array id="mixamorig_Neck-Matrix-animation-output-transform-array" count="672">

0.866713 -0.150081 0.475693 -0.000000 0.018747 0.962789 0.269604 10.523900 -0.498454 -0.224751 0.837276 0.000000 0.000000 0.000000 0.000000 1.000000
0.867354 -0.153797 0.473333 0.000000 0.024170 0.962950 0.268594 10.523900 -0.497105 -0.221526 0.838936 -0.000000 0.000000 0.000000 0.000000 1.000000
0.867674 -0.155183 0.472292 -0.000000 0.028100 0.963822 0.265062 10.523900 -0.496339 -0.216716 0.840644 -0.000000 0.000000 0.000000 0.000000 1.000000
0.867098 -0.153833 0.473789 0.000000 0.028052 0.964692 0.261882 10.523900 -0.497347 -0.213787 0.840798 0.000000 0.000000 0.000000 0.000000 1.000000
0.867415 -0.155230 0.472753 0.000000 0.026906 0.963336 0.266946 10.523900 -0.496858 -0.218833 0.839789 0.000000 0.000000 0.000000 0.000000 1.000000
0.865743 -0.152830 0.476585 0.000000 0.020828 0.962413 0.270789 10.523900 -0.500056 -0.224507 0.836385 0.000000 0.000000 0.000000 0.000000 1.000000
0.866218 -0.141444 0.479228 0.000000 0.012440 0.964905 0.262306 10.523900 -0.499511 -0.221252 0.837578 0.000000 0.000000 0.000000 0.000000 1.000000
0.871019 -0.117244 0.477053 0.000000 0.003587 0.972594 0.232481 10.523900 -0.491236 -0.200784 0.847569 0.000000 0.000000 0.000000 0.000000 1.000000
0.879309 -0.096582 0.466355 0.000000 0.000646 0.979462 0.201629 10.523900 -0.476251 -0.176993 0.861312 -0.000000 0.000000 0.000000 0.000000 1.000000
0.886822 -0.080256 0.455088 0.000000 -0.003811 0.983500 0.180869 10.523900 -0.462095 -0.162133 0.871884 0.000000 0.000000 0.000000 0.000000 1.000000
0.889778 -0.067634 0.451355 0.000000 -0.015184 0.984024 0.177385 10.523900 -0.456142 -0.164687 0.874536 0.000000 0.000000 0.000000 0.000000 1.000000
0.890008 -0.057657 0.452284 -0.000000 -0.030576 0.982192 0.185377 10.523900 -0.454918 -0.178816 0.872396 0.000000 0.000000 0.000000 0.000000 1.000000
0.888552 -0.054156 0.455569 -0.000000 -0.041501 0.979449 0.197376 10.523900 -0.456895 -0.194285 0.868044 -0.000000 0.000000 0.000000 0.000000 1.000000
0.886838 -0.061021 0.458034 0.000000 -0.042458 0.976288 0.212271 10.523900 -0.460126 -0.207697 0.863218 0.000000 0.000000 0.000000 0.000000 1.000000
0.885648 -0.072660 0.458638 0.000000 -0.033823 0.974965 0.219773 10.523900 -0.463124 -0.210154 0.861018 -0.000000 0.000000 0.000000 0.000000 1.000000
0.884023 -0.091984 0.458304 0.000000 -0.017941 0.973048 0.229902 10.523900 -0.467099 -0.211461 0.858547 0.000000 0.000000 0.000000 0.000000 1.000000
0.883164 -0.116925 0.454257 0.000000 0.004279 0.970401 0.241460 10.523900 -0.469045 -0.211305 0.857524 0.000000 0.000000 0.000000 0.000000 1.000000
0.882221 -0.144739 0.448037 -0.000000 0.028723 0.966350 0.255623 10.523900 -0.469959 -0.212647 0.856691 -0.000000 0.000000 0.000000 0.000000 1.000000
0.881064 -0.168773 0.441862 0.000000 0.053642 0.963801 0.261171 10.523900 -0.469946 -0.206406 0.858224 0.000000 0.000000 0.000000 0.000000 1.000000
0.878925 -0.189011 0.437910 0.000000 0.075552 0.961709 0.263454 10.523900 -0.470937 -0.198471 0.859551 0.000000 0.000000 0.000000 0.000000 1.000000
0.875712 -0.204265 0.437498 0.000000 0.091172 0.959759 0.265613 10.523900 -0.474148 -0.192713 0.859096 -0.000000 0.000000 0.000000 0.000000 1.000000
0.872002 -0.214361 0.440070 0.000000 0.099577 0.957899 0.269285 10.523900 -0.479267 -0.190996 0.856635 -0.000000 0.000000 0.000000 0.000000 1.000000
0.868984 -0.222549 0.441971 0.000000 0.105574 0.955976 0.273794 10.523900 -0.483446 -0.191262 0.854224 0.000000 0.000000 0.000000 0.000000 1.000000
0.867247 -0.230098 0.441518 -0.000000 0.111867 0.954179 0.277538 10.523900 -0.485148 -0.191302 0.853249 0.000000 0.000000 0.000000 0.000000 1.000000
0.867017 -0.234499 0.439650 -0.000000 0.117281 0.953588 0.277337 10.523900 -0.484280 -0.188893 0.854279 0.000000 0.000000 0.000000 0.000000 1.000000
0.867542 -0.234800 0.438451 -0.000000 0.120084 0.954354 0.273473 10.523900 -0.482649 -0.184599 0.856139 0.000000 0.000000 0.000000 0.000000 1.000000
0.867444 -0.231631 0.440326 0.000000 0.118831 0.955858 0.268727 10.523900 -0.483135 -0.180781 0.856679 -0.000000 0.000000 0.000000 0.000000 1.000000
