<?xml version="1.0" encoding="utf-8"?>
<COLLADA xmlns="http://www.collada.org/2005/11/COLLADASchema" version="1.4.1">
  <asset>
    <contributor>
      <author>Mixamo</author>
      <authoring_tool>COLLADA Mixamo exporter</authoring_tool>
      <comments/>
    </contributor>
    <created>2024-11-10T13:33:48Z</created>
    <modified>2024-11-10T13:33:48Z</modified>
    <revision/>
    <title/>
    <unit meter="0.010000"/>
    <up_axis>Y_UP</up_axis>
  </asset>
  <library_animations>
    <animation id="mixamorig_Hips-anim" name="mixamorig_Hips">
      <source id="mixamorig_Hips-Matrix-animation-input">
        <float_array id="mixamorig_Hips-Matrix-animation-input-array" count="41">

0.000000 0.033333 0.066667 0.100000 0.133333 0.166667 0.200000 0.233333 0.266667 0.300000 0.333333 0.366667 0.400000 0.433333 0.466667 0.500000
0.533333 0.566667 0.600000 0.633333 0.666667 0.700000 0.733333 0.766667 0.800000 0.833333 0.866667 0.900000 0.933333 0.966667 1.000000 1.033333
1.066667 1.100000 1.133333 1.166667 1.200000 1.233333 1.266667 1.300000 1.333333</float_array>
        <technique_common>
          <accessor source="#mixamorig_Hips-Matrix-animation-input-array" count="41">
            <param name="TIME" type="float"/>
          </accessor>
        </technique_common>
      </source>
      <source id="mixamorig_Hips-Matrix-animation-output-transform">
        <float_array id="mixamorig_Hips-Matrix-animation-output-transform-array" count="656">

0.837337 -0.053408 -0.544072 -1.603557 -0.016893 0.992214 -0.123396 86.000320 0.546426 0.112515 0.829915 4.823548 0.000000 0.000000 0.000000 1.000000
0.831376 -0.060108 -0.552450 -1.524889 -0.010036 0.992347 -0.123073 86.705986 0.555620 0.107864 0.824410 3.989050 0.000000 0.000000 0.000000 1.000000
0.822329 -0.067405 -0.565006 -1.497917 -0.002911 0.992448 -0.122635 87.618881 0.569005 0.102491 0.815922 3.444194 0.000000 0.000000 0.000000 1.000000
0.810479 -0.074914 -0.580957 -1.505499 0.003085 0.992320 -0.123656 88.613205 0.585759 0.098429 0.804486 2.761776 0.000000 0.000000 0.000000 1.000000
0.796733 -0.081950 -0.598749 -1.399188 0.005604 0.991722 -0.128279 89.219940 0.604306 0.098848 0.790597 2.144129 0.000000 0.000000 0.000000 1.000000
0.782655 -0.089375 -0.616006 -1.264502 0.006187 0.990706 -0.135879 89.448883 0.622425 0.102536 0.775934 1.618235 0.000000 0.000000 0.000000 1.000000
0.769364 -0.094560 -0.631773 -1.049765 0.004513 0.989763 -0.142646 89.198296 0.638795 0.106896 0.761915 1.266247 0.000000 0.000000 0.000000 1.000000
0.757332 -0.093838 -0.646253 -0.711269 -0.000182 0.989591 -0.143905 88.501434 0.653030 0.109102 0.749432 1.230430 0.000000 0.000000 0.000000 1.000000
0.746751 -0.085362 -0.659603 -0.286204 -0.007634 0.990564 -0.136835 87.497520 0.665060 0.107217 0.739053 1.539740 0.000000 0.000000 0.000000 1.000000
0.737963 -0.070440 -0.671155 0.271958 -0.017084 0.992269 -0.122926 86.253860 0.674625 0.102180 0.731054 2.331243 0.000000 0.000000 0.000000 1.000000
0.731496 -0.053471 -0.679746 1.134513 -0.026695 0.993910 -0.106912 84.591599 0.681323 0.096352 0.725613 3.941365 0.000000 0.000000 0.000000 1.000000
0.726362 -0.042635 -0.685988 2.101775 -0.030863 0.995044 -0.094523 83.418587 0.686619 0.089830 0.721447 5.527990 0.000000 0.000000 0.000000 1.000000
0.720538 -0.040233 -0.692248 3.065166 -0.031149 0.995430 -0.090275 82.934784 0.692716 0.086609 0.715991 6.912586 0.000000 0.000000 0.000000 1.000000
0.714238 -0.043892 -0.698526 3.854091 -0.032496 0.994876 -0.095740 82.905167 0.699148 0.091081 0.709151 7.884870 0.000000 0.000000 0.000000 1.000000
0.713235 -0.049847 -0.699150 4.317008 -0.035403 0.993633 -0.106959 82.881546 0.700030 0.101039 0.706929 8.378042 0.000000 0.000000 0.000000 1.000000
0.722962 -0.052609 -0.688881 4.731823 -0.040088 0.992222 -0.117846 83.359840 0.689723 0.112814 0.715231 8.606426 0.000000 0.000000 0.000000 1.000000
0.740464 -0.051404 -0.670127 5.009784 -0.044447 0.991143 -0.125140 84.254044 0.670625 0.122447 0.731621 8.621895 0.000000 0.000000 0.000000 1.000000
0.757667 -0.049813 -0.650738 5.047898 -0.046284 0.990471 -0.129709 85.079910 0.650998 0.128395 0.748142 8.402196 0.000000 0.000000 0.000000 1.000000
0.769682 -0.047517 -0.636657 5.051758 -0.049091 0.989869 -0.133226 86.037109 0.636538 0.133796 0.759552 8.055532 0.000000 0.000000 0.000000 1.000000
0.777877 -0.046650 -0.626683 5.003685 -0.050007 0.989483 -0.135728 86.952309 0.626424 0.136918 0.767363 7.614785 0.000000 0.000000 0.000000 1.000000
0.786045 -0.047077 -0.616375 4.980991 -0.047692 0.989506 -0.136395 87.838562 0.616327 0.136609 0.775550 7.171362 0.000000 0.000000 0.000000 1.000000
0.796466 -0.047529 -0.602812 5.003911 -0.042903 0.989952 -0.134739 88.689453 0.603159 0.133178 0.786424 6.708931 0.000000 0.000000 0.000000 1.000000
0.808623 -0.047663 -0.586393 4.993096 -0.036624 0.990702 -0.131029 89.411469 0.587186 0.127429 0.799359 6.202075 0.000000 0.000000 0.000000 1.000000
0.820245 -0.047749 -0.570017 4.907309 -0.030145 0.991517 -0.126435 89.955032 0.571218 0.120891 0.811847 5.655780 0.000000 0.000000 0.000000 1.000000
0.829555 -0.048684 -0.556299 4.754102 -0.023906 0.992183 -0.122479 90.218941 0.557913 0.114902 0.821907 5.114530 0.000000 0.000000 0.000000 1.000000
0.836634 -0.051445 -0.545341 4.500066 -0.017317 0.992598 -0.120205 90.049904 0.547488 0.110011 0.829551 4.688251 0.000000 0.000000 0.000000 1.000000
0.842803 -0.056105 -0.535289 4.113525 -0.009902 0.992767 -0.119646 89.370682 0.538131 0.106139 0.836152 4.519737 0.000000 0.000000 0.000000 1.000000
0.849325 -0.061590 -0.524265 3.626042 -0.002199 0.992749 -0.120189 88.348404 0.527866 0.103232 0.843030 4.686315 0.000000 0.000000 0.000000 1.000000
0.857107 -0.067815 -0.510656 2.992775 0.006281 0.992599 -0.121275 87.003845 0.515101 0.100738 0.851189 5.346666 0.000000 0.000000 0.000000 1.000000
0.865362 -0.073313 -0.495756 2.288054 0.013728 0.992338 -0.122785 85.569557 0.500959 0.099448 0.859738 6.417472 0.000000 0.000000 0.000000 1.000000
0.871250 -0.074248 -0.485192 1.699931 0.015027 0.992064 -0.124829 84.621346 0.490610 0.101466 0.865452 7.525679 0.000000 0.000000 0.000000 1.000000
0.870996 -0.074434 -0.485619 0.845664 0.014092 0.991835 -0.126750 83.654724 0.491089 0.103556 0.864932 8.699442 0.000000 0.000000 0.000000 1.000000
0.866351 -0.069039 -0.494640 0.068394 0.006080 0.991784 -0.127779 83.147667 0.499398 0.107694 0.859653 9.045321 0.000000 0.000000 0.000000 1.000000
0.862104 -0.055519 -0.503680 -0.294303 -0.010211 0.991875 -0.126809 82.344894 0.506628 0.114465 0.854533 8.258992 0.000000 0.000000 0.000000 1.000000
0.859346 -0.044930 -0.509416 -0.720165 -0.021884 0.991990 -0.124409 82.181664 0.510925 0.118058 0.851480 7.489873 0.000000 0.000000 0.000000 1.000000
0.855742 -0.043241 -0.515593 -1.205708 -0.024364 0.992029 -0.123634 82.827744 0.516829 0.118360 0.847867 6.898199 0.000000 0.000000 0.000000 1.000000
0.849853 -0.043575 -0.525215 -1.490808 -0.026923 0.991685 -0.125841 83.377304 0.526332 0.121087 0.841613 6.366660 0.000000 0.000000 0.000000 1.000000
0.844182 -0.044228 -0.534228 -1.547929 -0.029775 0.991183 -0.129110 83.824615 0.535228 0.124899 0.835422 5.866691 0.000000 0.000000 0.000000 1.000000
0.841211 -0.046022 -0.538744 -1.618773 -0.029236 0.991042 -0.130309 84.498573 0.539916 0.125368 0.832330 5.386098 0.000000 0.000000 0.000000 1.000000
0.839852 -0.048102 -0.540679 -1.578213 -0.025840 0.991394 -0.128338 85.176041 0.542199 0.121756 0.831382 5.125863 0.000000 0.000000 0.000000 1.000000
0.837337 -0.053407 -0.544072 -1.603556 -0.016893 0.992214 -0.123396 86.000298 0.546426 0.112515 0.829915 4.823557 0.000000 0.000000 0.000000 1.000000</float_array>
        <technique_common>
          <accessor source="#mixamorig_Hips-Matrix-animation-output-transform-array" count="41" stride="16">
            <param type="float4x4"/>
          </accessor>
        </technique_common>
      </source>
      <source id="mixamorig_Hips-Interpolations">
        <Name_array id="mixamorig_Hips-Interpolations-array" count="41">
 LINEAR LINEAR LINEAR LINEAR LINEAR LINEAR LINEAR LINEAR LINEAR LINEAR LINEAR
LINEAR LINEAR LINEAR LINEAR LINEAR LINEAR LINEAR LINEAR LINEAR LINEAR LINEAR LINEAR
LINEAR LINEAR LINEAR LINEAR LINEAR LINEAR LINEAR LINEAR LINEAR LINEAR LINEAR LINEAR
LINEAR LINEAR LINEAR LINEAR LINEAR LINEAR</Name_array>
        <technique_common>
          <accessor source="#mixamorig_Hips-Interpolations-array" count="41">
            <param type="name"/>
          </accessor>
        </technique_common>
      </source>
      <sampler id="mixamorig_Hips-Matrix-animation-transform">
        <input semantic="INPUT" source="#mixamorig_Hips-Matrix-animation-input"/>
        <input semantic="OUTPUT" source="#mixamorig_Hips-Matrix-animation-output-transform"/>
        <input semantic="INTERPOLATION" source="#mixamorig_Hips-Interpolations"/>
      </sampler>
      <channel source="#mixamorig_Hips-Matrix-animation-transform" target="mixamorig_Hips/matrix"/>
    </animation>
    <animation id="mixamorig_Spine-anim" name="mixamorig_Spine">
      <source id="mixamorig_Spine-Matrix-animation-input">
        <float_array id="mixamorig_Spine-Matrix-animation-input-array" count="41">

0.000000 0.033333 0.066667 0.100000 0.133333 0.166667 0.200000 0.233333 0.266667 0.300000 0.333333 0.366667 0.400000 0.433333 0.466667 0.500000
0.533333 0.566667 0.600000 0.633333 0.666667 0.700000 0.733333 0.766667 0.800000 0.833333 0.866667 0.900000 0.933333 0.966667 1.000000 1.033333
1.066667 1.100000 1.133333 1.166667 1.200000 1.233333 1.266667 1.300000 1.333333</float_array>
        <technique_common>
          <accessor source="#mixamorig_Spine-Matrix-animation-input-array" count="41">
            <param name="TIME" type="float"/>
          </accessor>
        </technique_common>
      </source>
      <source id="mixamorig_Spine-Matrix-animation-output-transform">
        <float_array id="mixamorig_Spine-Matrix-animation-output-transform-array" count="656">

0.998561 -0.013886 -0.051803 0.000000 0.006056 0.988916 -0.148354 10.528800 0.053289 0.147827 0.987577 -0.610600 0.000000 0.000000 0.000000 1.000000
0.998582 -0.011559 -0.051974 -0.000000 0.003738 0.988961 -0.148132 10.528800 0.053112 0.147727 0.987601 -0.610600 0.000000 0.000000 0.000000 1.000000
0.998577 -0.008227 -0.052691 -0.000000 0.000329 0.988960 -0.148181 10.528800 0.053328 0.147953 0.987556 -0.610600 0.000000 0.000000 0.000000 1.000000
0.998521 -0.003721 -0.054248 0.000000 -0.004328 0.989051 -0.147511 10.528800 0.054203 0.147527 0.987572 -0.610600 0.000000 0.000000 0.000000 1.000000
0.998447 -0.000435 -0.055712 -0.000000 -0.007648 0.989433 -0.144790 10.528800 0.055186 0.144991 0.987893 -0.610600 0.000000 0.000000 0.000000 1.000000
0.998344 0.002567 -0.057461 0.000000 -0.010618 0.990059 -0.140248 10.528800 0.056530 0.140626 0.988448 -0.610600 0.000000 0.000000 0.000000 1.000000
0.998252 0.004756 -0.058914 0.000000 -0.012744 0.990631 -0.135972 10.528800 0.057715 0.136485 0.988959 -0.610600 0.000000 0.000000 0.000000 1.000000
0.998214 0.005587 -0.059474 0.000000 -0.013541 0.990864 -0.134186 10.528800 0.058181 0.134752 0.989170 -0.610600 0.000000 0.000000 0.000000 1.000000
0.998242 0.005156 -0.059047 0.000000 -0.013161 0.990621 -0.136003 10.528800 0.057792 0.136541 0.988947 -0.610600 0.000000 0.000000 0.000000 1.000000
0.998344 0.003490 -0.057413 0.000000 -0.011572 0.989935 -0.141052 10.528800 0.056343 0.141482 0.988336 -0.610600 0.000000 0.000000 0.000000 1.000000
0.998524 0.000812 -0.054308 -0.000000 -0.008859 0.988934 -0.148092 10.528800 0.053587 0.148355 0.987481 -0.610600 0.000000 0.000000 0.000000 1.000000
0.998746 0.001574 -0.050036 0.000000 -0.009324 0.987863 -0.155047 10.528800 0.049185 0.155319 0.986639 -0.610600 0.000000 0.000000 0.000000 1.000000
0.998967 0.005608 -0.045103 0.000000 -0.012738 0.987133 -0.159392 10.528800 0.043628 0.159801 0.986185 -0.610600 0.000000 0.000000 0.000000 1.000000
0.999121 0.010526 -0.040568 0.000000 -0.016892 0.986986 -0.159915 10.528800 0.038356 0.160460 0.986297 -0.610600 0.000000 0.000000 0.000000 1.000000
0.999146 0.014494 -0.038694 0.000000 -0.020452 0.987176 -0.158323 10.528800 0.035903 0.158979 0.986629 -0.610600 0.000000 0.000000 0.000000 1.000000
0.999127 0.013012 -0.039695 0.000000 -0.019121 0.987311 -0.157642 10.528800 0.037140 0.158264 0.986698 -0.610600 0.000000 0.000000 0.000000 1.000000
0.999096 0.007277 -0.041884 0.000000 -0.013838 0.987251 -0.158567 10.528800 0.040196 0.159004 0.986459 -0.610600 0.000000 0.000000 0.000000 1.000000
0.999019 0.003154 -0.044167 0.000000 -0.010153 0.987198 -0.159174 10.528800 0.043100 0.159466 0.986262 -0.610600 0.000000 0.000000 0.000000 1.000000
0.998983 -0.000327 -0.045082 -0.000000 -0.006819 0.987372 -0.158273 10.528800 0.044565 0.158420 0.986366 -0.610600 0.000000 0.000000 0.000000 1.000000
0.998950 -0.002504 -0.045750 0.000000 -0.004689 0.987674 -0.156458 10.528800 0.045577 0.156508 0.986625 -0.610600 0.000000 0.000000 0.000000 1.000000
0.998869 -0.005236 -0.047266 0.000000 -0.002153 0.987921 -0.154942 10.528800 0.047506 0.154869 0.986792 -0.610600 0.000000 0.000000 0.000000 1.000000
0.998701 -0.009718 -0.050019 0.000000 0.001883 0.988015 -0.154347 10.528800 0.050919 0.154052 0.986750 -0.610600 0.000000 0.000000 0.000000 1.000000
0.998447 -0.014858 -0.053695 0.000000 0.006393 0.987973 -0.154494 10.528800 0.055344 0.153910 0.986534 -0.610600 0.000000 0.000000 0.000000 1.000000
0.998170 -0.019530 -0.057233 0.000000 0.010463 0.987915 -0.154643 10.528800 0.059562 0.153761 0.986311 -0.610600 0.000000 0.000000 0.000000 1.000000
0.997940 -0.023099 -0.059853 0.000000 0.013632 0.987976 -0.154006 10.528800 0.062691 0.152872 0.986255 -0.610600 0.000000 0.000000 0.000000 1.000000
0.997765 -0.025150 -0.061900 -0.000000 0.015460 0.988212 -0.152310 10.528800 0.065001 0.151012 0.986393 -0.610600 0.000000 0.000000 0.000000 1.000000
0.997602 -0.025627 -0.064293 0.000000 0.015732 0.988572 -0.149923 10.528800 0.067401 0.148552 0.986605 -0.610600 0.000000 0.000000 0.000000 1.000000
0.997413 -0.025299 -0.067287 0.000000 0.015140 0.988959 -0.147413 10.528800 0.070273 0.146013 0.986784 -0.610600 0.000000 0.000000 0.000000 1.000000
0.997174 -0.023943 -0.071211 0.000000 0.013404 0.989347 -0.144957 10.528800 0.073923 0.143593 0.986872 -0.610600 0.000000 0.000000 0.000000 1.000000
0.996914 -0.023540 -0.074883 -0.000000 0.012657 0.989696 -0.142621 10.528800 0.077469 0.141233 0.986941 -0.610600 0.000000 0.000000 0.000000 1.000000
0.996769 -0.025419 -0.076191 0.000000 0.014482 0.989932 -0.140800 10.528800 0.079003 0.139242 0.987102 -0.610600 0.000000 0.000000 0.000000 1.000000
0.997025 -0.021623 -0.073980 -0.000000 0.011113 0.990141 -0.139634 10.528800 0.076270 0.138397 0.987436 -0.610600 0.000000 0.000000 0.000000 1.000000
0.997472 -0.018162 -0.068694 0.000000 0.008397 0.990137 -0.139850 10.528800 0.070556 0.138919 0.987787 -0.610600 0.000000 0.000000 0.000000 1.000000
0.997814 -0.022103 -0.062283 0.000000 0.013105 0.989875 -0.141336 10.528800 0.064777 0.140211 0.988001 -0.610600 0.000000 0.000000 0.000000 1.000000
0.998040 -0.025248 -0.057254 -0.000000 0.016844 0.989611 -0.142777 10.528800 0.060264 0.141533 0.988097 -0.610600 0.000000 0.000000 0.000000 1.000000
0.998257 -0.022806 -0.054440 0.000000 0.014801 0.989588 -0.143167 10.528800 0.057138 0.142112 0.988200 -0.610600 0.000000 0.000000 0.000000 1.000000
0.998420 -0.022056 -0.051678 -0.000000 0.014476 0.989659 -0.142706 10.528800 0.054292 0.141732 0.988415 -0.610600 0.000000 0.000000 0.000000 1.000000
0.998518 -0.022243 -0.049677 0.000000 0.014956 0.989681 -0.142506 10.528800 0.052334 0.141552 0.988546 -0.610600 0.000000 0.000000 0.000000 1.000000
0.998552 -0.020649 -0.049671 0.000000 0.013313 0.989530 -0.143713 10.528800 0.052118 0.142844 0.988372 -0.610600 0.000000 0.000000 0.000000 1.000000
0.998547 -0.018668 -0.050544 0.000000 0.011081 0.989160 -0.146423 10.528800 0.052730 0.145650 0.987930 -0.610600 0.000000 0.000000 0.000000 1.000000
0.998561 -0.013886 -0.051805 -0.000000 0.006056 0.988915 -0.148356 10.528800 0.053291 0.147829 0.987576 -0.610600 0.000000 0.000000 0.000000 1.000000</float_array>
        <technique_common>
          <accessor source="#mixamorig_Spine-Matrix-animation-output-transform-array" count="41" stride="16">
            <param type="float4x4"/>
          </accessor>
        </technique_common>
      </source>
      <source id="mixamorig_Spine-Interpolations">
        <Name_array id="mixamorig_Spine-Interpolations-array" count="41">
 LINEAR LINEAR LINEAR LINEAR LINEAR LINEAR LINEAR LINEAR LINEAR LINEAR LINEAR
LINEAR LINEAR LINEAR LINEAR LINEAR LINEAR LINEAR LINEAR LINEAR LINEAR LINEAR LINEAR
LINEAR LINEAR LINEAR LINEAR LINEAR LINEAR LINEAR LINEAR LINEAR LINEAR LINEAR LINEAR
LINEAR LINEAR LINEAR LINEAR LINEAR LINEAR</Name_array>
        <technique_common>
          <accessor source="#mixamorig_Spine-Interpolations-array" count="41">
            <param type="name"/>
          </accessor>
        </technique_common>
      </source>
      <sampler id="mixamorig_Spine-Matrix-animation-transform">
        <input semantic="INPUT" source="#mixamorig_Spine-Matrix-animation-input"/>
        <input semantic="OUTPUT" source="#mixamorig_Spine-Matrix-animation-output-transform"/>
        <input semantic="INTERPOLATION" source="#mixamorig_Spine-Interpolations"/>
      </sampler>
      <channel source="#mixamorig_Spine-Matrix-animation-transform" target="mixamorig_Spine/matrix"/>
    </animation>
    <animation id="mixamorig_Spine1-anim" name="mixamorig_Spine1">
      <source id="mixamorig_Spine1-Matrix-animation-input">
        <float_array id="mixamorig_Spine1-Matrix-animation-input-array" count="41">

0.000000 0.033333 0.066667 0.100000 0.133333 0.166667 0.200000 0.233333 0.266667 0.300000 0.333333 0.366667 0.400000 0.433333 0.466667 0.500000
0.533333 0.566667 0.600000 0.633333 0.666667 0.700000 0.733333 0.766667 0.800000 0.833333 0.866667 0.900000 0.933333 0.966667 1.000000 1.033333
1.066667 1.100000 1.133333 1.166667 1.200000 1.233333 1.266667 1.300000 1.333333</float_array>
        <technique_common>
          <accessor source="#mixamorig_Spine1-Matrix-animation-input-array" count="41">
            <param name="TIME" type="float"/>
          </accessor>
        </technique_common>
      </source>
      <source id="mixamorig_Spine1-Matrix-animation-output-transform">
        <float_array id="mixamorig_Spine1-Matrix-animation-output-transform-array" count="656">

0.995601 -0.001043 -0.093686 -0.000000 -0.007074 0.996246 -0.086273 11.377000 0.093424 0.086556 0.991857 0.000000 0.000000 0.000000 0.000000 1.000000
0.995688 0.001855 -0.092752 -0.000000 -0.009875 0.996239 -0.086081 11.377000 0.092243 0.086626 0.991961 0.000000 0.000000 0.000000 0.000000 1.000000
0.995747 0.005252 -0.091982 0.000000 -0.013204 0.996202 -0.086067 11.377000 0.091180 0.086915 0.992034 -0.000000 0.000000 0.000000 0.000000 1.000000
0.995743 0.008462 -0.091784 0.000000 -0.016303 0.996246 -0.085014 11.377000 0.090720 0.086148 0.992143 0.000000 0.000000 0.000000 0.000000 1.000000
0.995674 0.011219 -0.092231 0.000000 -0.018757 0.996515 -0.081274 11.377000 0.090998 0.082653 0.992415 0.000000 0.000000 0.000000 0.000000 1.000000
0.995576 0.013452 -0.092989 -0.000000 -0.020493 0.996960 -0.075178 11.377000 0.091695 0.076751 0.992825 0.000000 0.000000 0.000000 0.000000 1.000000
0.995511 0.015072 -0.093434 0.000000 -0.021616 0.997353 -0.069430 11.377000 0.092140 0.071138 0.993202 0.000000 0.000000 0.000000 0.000000 1.000000
0.995539 0.015643 -0.093042 0.000000 -0.021945 0.997505 -0.067102 11.377000 0.091760 0.068844 0.993398 0.000000 0.000000 0.000000 0.000000 1.000000
0.995694 0.014377 -0.091580 -0.000000 -0.020819 0.997345 -0.069781 11.377000 0.090334 0.071387 0.993350 0.000000 0.000000 0.000000 0.000000 1.000000
0.995977 0.011145 -0.088913 0.000000 -0.017992 0.996901 -0.076584 11.377000 0.087784 0.077876 0.993091 0.000000 0.000000 0.000000 0.000000 1.000000
0.996372 0.007523 -0.084774 0.000000 -0.014790 0.996235 -0.085420 11.377000 0.083812 0.086363 0.992732 0.000000 0.000000 0.000000 0.000000 1.000000
0.996868 0.006004 -0.078858 -0.000000 -0.013423 0.995492 -0.093892 11.377000 0.077939 0.094656 0.992454 0.000000 0.000000 0.000000 0.000000 1.000000
0.997416 0.007118 -0.071490 0.000000 -0.014230 0.994939 -0.099472 11.377000 0.070420 0.100233 0.992469 0.000000 0.000000 0.000000 0.000000 1.000000
0.997880 0.008182 -0.064562 0.000000 -0.014686 0.994786 -0.100925 11.377000 0.063399 0.101659 0.992797 0.000000 0.000000 0.000000 0.000000 1.000000
0.998117 0.005922 -0.061053 0.000000 -0.012032 0.994895 -0.100198 11.377000 0.060148 0.100744 0.993093 0.000000 0.000000 0.000000 0.000000 1.000000
0.998042 0.000043 -0.062548 0.000000 -0.006343 0.994914 -0.100530 11.377000 0.062225 0.100729 0.992966 0.000000 0.000000 0.000000 0.000000 1.000000
0.997721 -0.007181 -0.067097 -0.000000 0.000255 0.994716 -0.102667 11.377000 0.067480 0.102416 0.992450 0.000000 0.000000 0.000000 0.000000 1.000000
0.997368 -0.013123 -0.071308 -0.000000 0.005626 0.994526 -0.104342 11.377000 0.072287 0.103666 0.991982 0.000000 0.000000 0.000000 0.000000 1.000000
0.997144 -0.016310 -0.073742 -0.000000 0.008601 0.994574 -0.103671 11.377000 0.075032 0.102741 0.991874 0.000000 0.000000 0.000000 0.000000 1.000000
0.996993 -0.017162 -0.075568 -0.000000 0.009440 0.994803 -0.101381 11.377000 0.076915 0.100363 0.991973 -0.000000 0.000000 0.000000 0.000000 1.000000
0.996746 -0.017551 -0.078676 0.000000 0.009689 0.995018 -0.099221 11.377000 0.080025 0.098136 0.991950 -0.000000 0.000000 0.000000 0.000000 1.000000
0.996290 -0.019117 -0.083914 -0.000000 0.010818 0.995102 -0.098255 11.377000 0.085381 0.096983 0.991617 0.000000 0.000000 0.000000 0.000000 1.000000
0.995655 -0.021864 -0.090511 0.000000 0.012915 0.995073 -0.098300 11.377000 0.092214 0.096704 0.991032 0.000000 0.000000 0.000000 0.000000 1.000000
0.995007 -0.024676 -0.096705 0.000000 0.015126 0.995045 -0.098266 11.377000 0.098651 0.096312 0.990450 0.000000 0.000000 0.000000 0.000000 1.000000
0.994508 -0.026684 -0.101206 0.000000 0.016831 0.995143 -0.096988 11.377000 0.103302 0.094752 0.990127 0.000000 0.000000 0.000000 0.000000 1.000000
0.994174 -0.027661 -0.104182 0.000000 0.017822 0.995392 -0.094213 11.377000 0.106308 0.091808 0.990086 -0.000000 0.000000 0.000000 0.000000 1.000000
0.993890 -0.027609 -0.106867 -0.000000 0.017907 0.995717 -0.090705 11.377000 0.108913 0.088237 0.990127 -0.000000 0.000000 0.000000 0.000000 1.000000
0.993522 -0.026580 -0.110491 0.000000 0.016958 0.996053 -0.087130 11.377000 0.112371 0.084692 0.990050 -0.000000 0.000000 0.000000 0.000000 1.000000
0.993000 -0.024898 -0.115458 -0.000000 0.015243 0.996369 -0.083769 11.377000 0.117124 0.081423 0.989774 0.000000 0.000000 0.000000 0.000000 1.000000
0.992438 -0.023634 -0.120447 0.000000 0.013967 0.996658 -0.080484 11.377000 0.121946 0.078193 0.989452 -0.000000 0.000000 0.000000 0.000000 1.000000
0.992210 -0.024138 -0.122212 0.000000 0.014679 0.996868 -0.077708 11.377000 0.123705 0.075309 0.989457 0.000000 0.000000 0.000000 0.000000 1.000000
0.992622 -0.026412 -0.118336 0.000000 0.017406 0.996917 -0.076507 11.377000 0.119992 0.073883 0.990022 0.000000 0.000000 0.000000 0.000000 1.000000
0.993435 -0.028634 -0.110758 0.000000 0.020087 0.996788 -0.077528 11.377000 0.112622 0.074794 0.990819 0.000000 0.000000 0.000000 0.000000 1.000000
0.994163 -0.029137 -0.103881 0.000000 0.020832 0.996565 -0.080155 11.377000 0.105859 0.077523 0.991355 0.000000 0.000000 0.000000 0.000000 1.000000
0.994683 -0.027632 -0.099206 0.000000 0.019458 0.996406 -0.082444 11.377000 0.101127 0.080076 0.991646 -0.000000 0.000000 0.000000 0.000000 1.000000
0.995161 -0.024825 -0.095069 0.000000 0.016934 0.996411 -0.082933 11.377000 0.096786 0.080922 0.992010 0.000000 0.000000 0.000000 0.000000 1.000000
0.995608 -0.021246 -0.091172 0.000000 0.013771 0.996550 -0.081848 11.377000 0.092596 0.080233 0.992466 0.000000 0.000000 0.000000 0.000000 1.000000
0.995854 -0.016986 -0.089365 0.000000 0.009739 0.996673 -0.080917 11.377000 0.090442 0.079711 0.992707 0.000000 0.000000 0.000000 0.000000 1.000000
0.995845 -0.012141 -0.090248 -0.000000 0.004744 0.996643 -0.081734 11.377000 0.090938 0.080966 0.992560 -0.000000 0.000000 0.000000 0.000000 1.000000
0.995695 -0.006610 -0.092452 0.000000 -0.001207 0.996445 -0.084238 11.377000 0.092680 0.083987 0.992147 0.000000 0.000000 0.000000 0.000000 1.000000
0.995601 -0.001043 -0.093685 0.000000 -0.007074 0.996246 -0.086273 11.377000 0.093424 0.086556 0.991857 0.000000 0.000000 0.000000 0.000000 1.000000</float_array>
        <technique_common>
          <accessor source="#mixamorig_Spine1-Matrix-animation-output-transform-array" count="41" stride="16">
            <param type="float4x4"/>
          </accessor>
        </technique_common>
      </source>
      <source id="mixamorig_Spine1-Interpolations">
        <Name_array id="mixamorig_Spine1-Interpolations-array" count="41">
 LINEAR LINEAR LINEAR LINEAR LINEAR LINEAR LINEAR LINEAR LINEAR LINEAR LINEAR
LINEAR LINEAR LINEAR LINEAR LINEAR LINEAR LINEAR LINEAR LINEAR LINEAR LINEAR LINEAR
LINEAR LINEAR LINEAR LINEAR LINEAR LINEAR LINEAR LINEAR LINEAR LINEAR LINEAR LINEAR
LINEAR LINEAR LINEAR LINEAR LINEAR LINEAR</Name_array>
        <technique_common>
          <accessor source="#mixamorig_Spine1-Interpolations-array" count="41">
            <param type="name"/>
          </accessor>
        </technique_common>
      </source>
      <sampler id="mixamorig_Spine1-Matrix-animation-transform">
        <input semantic="INPUT" source="#mixamorig_Spine1-Matrix-animation-input"/>
        <input semantic="OUTPUT" source="#mixamorig_Spine1-Matrix-animation-output-transform"/>
        <input semantic="INTERPOLATION" source="#mixamorig_Spine1-Interpolations"/>
      </sampler>
      <channel source="#mixamorig_Spine1-Matrix-animation-transform" target="mixamorig_Spine1/matrix"/>
    </animation>
    <animation id="mixamorig_Spine2-anim" name="mixamorig_Spine2">
      <source id="mixamorig_Spine2-Matrix-animation-input">
        <float_array id="mixamorig_Spine2-Matrix-animation-input-array" count="41">

0.000000 0.033333 0.066667 0.100000 0.133333 0.166667 0.200000 0.233333 0.266667 0.300000 0.333333 0.366667 0.400000 0.433333 0.466667 0.500000
0.533333 0.566667 0.600000 0.633333 0.666667 0.700000 0.733333 0.766667 0.800000 0.833333 0.866667 0.900000 0.933333 0.966667 1.000000 1.033333
1.066667 1.100000 1.133333 1.166667 1.200000 1.233333 1.266667 1.300000 1.333333</float_array>
        <technique_common>
          <accessor source="#mixamorig_Spine2-Matrix-animation-input-array" count="41">
            <param name="TIME" type="float"/>
          </accessor>
        </technique_common>
      </source>
      <source id="mixamorig_Spine2-Matrix-animation-output-transform">
        <float_array id="mixamorig_Spine2-Matrix-animation-output-transform-array" count="656">

0.995558 0.022175 -0.091500 0.000000 -0.011564 0.993310 0.114900 14.062000 0.093436 -0.113332 0.989154 -0.000000 0.000000 0.000000 0.000000 1.000000
0.995662 0.024662 -0.089721 0.000000 -0.014234 0.993257 0.115055 14.062000 0.091953 -0.113279 0.989299 0.000000 0.000000 0.000000 0.000000 1.000000
0.995739 0.027680 -0.087963 0.000000 -0.017448 0.993208 0.115036 14.062000 0.090550 -0.113011 0.989459 0.000000 0.000000 0.000000 0.000000 1.000000
0.995751 0.030691 -0.086827 0.000000 -0.020486 0.993030 0.116066 14.062000 0.089784 -0.113794 0.989439 0.000000 0.000000 0.000000 0.000000 1.000000
0.995696 0.033440 -0.086439 -0.000000 -0.022935 0.992535 0.119782 14.062000 0.089800 -0.117284 0.989030 -0.000000 0.000000 0.000000 0.000000 1.000000
0.995611 0.035763 -0.086483 0.000000 -0.024693 0.991743 0.125840 14.062000 0.090270 -0.123152 0.988274 0.000000 0.000000 0.000000 0.000000 1.000000
0.995559 0.037408 -0.086391 -0.000000 -0.025822 0.990975 0.131534 14.062000 0.090532 -0.128719 0.987540 -0.000000 0.000000 0.000000 0.000000 1.000000
0.995595 0.037819 -0.085795 -0.000000 -0.026100 0.990662 0.133819 14.062000 0.090055 -0.130990 0.987285 -0.000000 0.000000 0.000000 0.000000 1.000000
0.995748 0.036183 -0.084713 0.000000 -0.024857 0.991054 0.131126 14.062000 0.088700 -0.128463 0.987740 0.000000 0.000000 0.000000 0.000000 1.000000
0.996018 0.032339 -0.083082 0.000000 -0.021838 0.992000 0.124337 14.062000 0.086438 -0.122027 0.988756 0.000000 0.000000 0.000000 0.000000 1.000000
0.996391 0.027718 -0.080224 0.000000 -0.018326 0.993136 0.115518 14.062000 0.082876 -0.113631 0.990060 0.000000 0.000000 0.000000 0.000000 1.000000
0.996869 0.024583 -0.075147 0.000000 -0.016446 0.994118 0.107042 14.062000 0.077336 -0.105471 0.991411 -0.000000 0.000000 0.000000 0.000000 1.000000
0.997412 0.023519 -0.067947 0.000000 -0.016546 0.994706 0.101426 14.062000 0.069973 -0.100039 0.992520 0.000000 0.000000 0.000000 0.000000 1.000000
0.997876 0.022499 -0.061128 0.000000 -0.016309 0.994861 0.099925 14.062000 0.063062 -0.098716 0.993115 0.000000 0.000000 0.000000 0.000000 1.000000
0.998104 0.019280 -0.058449 0.000000 -0.013324 0.994835 0.100628 14.062000 0.060088 -0.099658 0.993206 0.000000 0.000000 0.000000 0.000000 1.000000
0.998005 0.014078 -0.061543 0.000000 -0.007849 0.994926 0.100307 14.062000 0.062643 -0.099624 0.993051 0.000000 0.000000 0.000000 0.000000 1.000000
0.997654 0.008497 -0.067927 0.000000 -0.001790 0.995165 0.098198 14.062000 0.068433 -0.097846 0.992846 0.000000 0.000000 0.000000 0.000000 1.000000
0.997278 0.004044 -0.073619 0.000000 0.003091 0.995324 0.096544 14.062000 0.073665 -0.096508 0.992602 0.000000 0.000000 0.000000 0.000000 1.000000
0.997043 0.001698 -0.076833 0.000000 0.005798 0.995246 0.097224 14.062000 0.076632 -0.097382 0.992292 -0.000000 0.000000 0.000000 0.000000 1.000000
0.996890 0.001407 -0.078797 0.000000 0.006462 0.995014 0.099524 14.062000 0.078544 -0.099724 0.991910 0.000000 0.000000 0.000000 0.000000 1.000000
0.996644 0.001941 -0.081838 0.000000 0.006414 0.994794 0.101704 14.062000 0.081609 -0.101888 0.991443 0.000000 0.000000 0.000000 0.000000 1.000000
0.996186 0.001984 -0.087238 0.000000 0.007013 0.994687 0.102706 14.062000 0.086978 -0.102926 0.990879 0.000000 0.000000 0.000000 0.000000 1.000000
0.995545 0.001308 -0.094282 -0.000000 0.008420 0.994676 0.102711 14.062000 0.093915 -0.103047 0.990233 0.000000 0.000000 0.000000 0.000000 1.000000
0.994889 0.000457 -0.100976 0.000000 0.009976 0.994652 0.102796 14.062000 0.100483 -0.103278 0.989564 0.000000 0.000000 0.000000 0.000000 1.000000
0.994385 -0.000128 -0.105824 0.000000 0.011207 0.994503 0.104107 14.062000 0.105229 -0.104708 0.988920 0.000000 0.000000 0.000000 0.000000 1.000000
0.994050 -0.000184 -0.108921 -0.000000 0.011897 0.994199 0.106899 14.062000 0.108269 -0.107559 0.988286 0.000000 0.000000 0.000000 0.000000 1.000000
0.993770 0.000647 -0.111452 0.000000 0.011738 0.993815 0.110429 14.062000 0.110835 -0.111050 0.987615 -0.000000 0.000000 0.000000 0.000000 1.000000
0.993406 0.002660 -0.114616 0.000000 0.010508 0.993411 0.114125 14.062000 0.114165 -0.114577 0.986833 0.000000 0.000000 0.000000 0.000000 1.000000
0.992884 0.005386 -0.118967 -0.000000 0.008709 0.993018 0.117641 14.062000 0.118770 -0.117839 0.985904 -0.000000 0.000000 0.000000 0.000000 1.000000
0.992317 0.007545 -0.123495 -0.000000 0.007522 0.992613 0.121088 14.062000 0.123496 -0.121087 0.984930 0.000000 0.000000 0.000000 0.000000 1.000000
0.992093 0.007603 -0.125276 -0.000000 0.008044 0.992259 0.123924 14.062000 0.125248 -0.123952 0.984352 0.000000 0.000000 0.000000 0.000000 1.000000
0.992525 0.005204 -0.121931 0.000000 0.010179 0.992079 0.125203 14.062000 0.121617 -0.125508 0.984610 -0.000000 0.000000 0.000000 0.000000 1.000000
0.993351 0.001817 -0.115110 0.000000 0.012577 0.992178 0.124195 14.062000 0.114435 -0.124817 0.985558 0.000000 0.000000 0.000000 0.000000 1.000000
0.994078 -0.000193 -0.108665 0.000000 0.013476 0.992498 0.121518 14.062000 0.107826 -0.122263 0.986623 0.000000 0.000000 0.000000 0.000000 1.000000
0.994598 0.000009 -0.103802 -0.000000 0.012421 0.992804 0.119102 14.062000 0.103057 -0.119748 0.987441 -0.000000 0.000000 0.000000 0.000000 1.000000
0.995085 0.001506 -0.099013 0.000000 0.010284 0.992906 0.118453 14.062000 0.098489 -0.118889 0.988011 -0.000000 0.000000 0.000000 0.000000 1.000000
0.995541 0.003593 -0.094262 -0.000000 0.007715 0.992825 0.119323 14.062000 0.094015 -0.119519 0.988371 0.000000 0.000000 0.000000 0.000000 1.000000
0.995790 0.006762 -0.091418 0.000000 0.004293 0.992740 0.120199 14.062000 0.091567 -0.120086 0.988532 -0.000000 0.000000 0.000000 0.000000 1.000000
0.995782 0.011216 -0.091065 0.000000 -0.000266 0.992848 0.119383 14.062000 0.091753 -0.118855 0.988663 -0.000000 0.000000 0.000000 0.000000 1.000000
0.995637 0.016729 -0.091804 -0.000000 -0.005907 0.993125 0.116907 14.062000 0.093129 -0.115854 0.988891 -0.000000 0.000000 0.000000 0.000000 1.000000
0.995558 0.022175 -0.091500 -0.000000 -0.011564 0.993310 0.114901 14.062000 0.093436 -0.113332 0.989154 0.000000 0.000000 0.000000 0.000000 1.000000</float_array>
        <technique_common>
          <accessor source="#mixamorig_Spine2-Matrix-animation-output-transform-array" count="41" stride="16">
            <param type="float4x4"/>
          </accessor>
        </technique_common>
      </source>
      <source id="mixamorig_Spine2-Interpolations">
        <Name_array id="mixamorig_Spine2-Interpolations-array" count="41">
 LINEAR LINEAR LINEAR LINEAR LINEAR LINEAR LINEAR LINEAR LINEAR LINEAR LINEAR
LINEAR LINEAR LINEAR LINEAR LINEAR LINEAR LINEAR LINEAR LINEAR LINEAR LINEAR LINEAR
LINEAR LINEAR LINEAR LINEAR LINEAR LINEAR LINEAR LINEAR LINEAR LINEAR LINEAR LINEAR
LINEAR LINEAR LINEAR LINEAR LINEAR LINEAR</Name_array>
        <technique_common>
          <accessor source="#mixamorig_Spine2-Interpolations-array" count="41">
            <param type="name"/>
          </accessor>
        </technique_common>
      </source>
      <sampler id="mixamorig_Spine2-Matrix-animation-transform">
        <input semantic="INPUT" source="#mixamorig_Spine2-Matrix-animation-input"/>
        <input semantic="OUTPUT" source="#mixamorig_Spine2-Matrix-animation-output-transform"/>
        <input semantic="INTERPOLATION" source="#mixamorig_Spine2-Interpolations"/>
      </sampler>
      <channel source="#mixamorig_Spine2-Matrix-animation-transform" target="mixamorig_Spine2/matrix"/>
    </animation>
    <animation id="mixamorig_Neck-anim" name="mixamorig_Neck">
      <source id="mixamorig_Neck-Matrix-animation-input">
        <float_array id="mixamorig_Neck-Matrix-animation-input-array" count="41">

0.000000 0.033333 0.066667 0.100000 0.133333 0.166667 0.200000 0.233333 0.266667 0.300000 0.333333 0.366667 0.400000 0.433333 0.466667 0.500000
0.533333 0.566667 0.600000 0.633333 0.666667 0.700000 0.733333 0.766667 0.800000 0.833333 0.866667 0.900000 0.933333 0.966667 1.000000 1.033333
1.066667 1.100000 1.133333 1.166667 1.200000 1.233333 1.266667 1.300000 1.333333</float_array>
        <technique_common>
          <accessor source="#mixamorig_Neck-Matrix-animation-input-array" count="41">
            <param name="TIME" type="float"/>
          </accessor>
        </technique_common>
      </source>
      <source id="mixamorig_Neck-Matrix-animation-output-transform">
        <float_array id="mixamorig_Neck-Matrix-animation-output-transform-array" count="656">

0.879162 -0.073233 0.470863 0.000000 -0.022981 0.980455 0.195398 10.523900 -0.475969 -0.182607 0.860295 -0.000000 0.000000 0.000000 0.000000 1.000000
0.878149 -0.073045 0.472778 -0.000000 -0.022253 0.980967 0.192895 10.523900 -0.477870 -0.179911 0.859810 -0.000000 0.000000 0.000000 0.000000 1.000000
0.876283 -0.072267 0.476347 0.000000 -0.021516 0.981831 0.188535 10.523900 -0.481317 -0.175459 0.858806 0.000000 0.000000 0.000000 0.000000 1.000000
0.873636 -0.071725 0.481264 -0.000000 -0.020057 0.982927 0.182900 10.523900 -0.486166 -0.169441 0.857282 0.000000 0.000000 0.000000 0.000000 1.000000
0.870762 -0.073237 0.486221 -0.000000 -0.016308 0.984000 0.177421 10.523900 -0.491435 -0.162421 0.855635 -0.000000 0.000000 0.000000 0.000000 1.000000
0.868211 -0.077628 0.490085 -0.000000 -0.009496 0.984906 0.172830 10.523900 -0.496104 -0.154706 0.854369 -0.000000 0.000000 0.000000 0.000000 1.000000
0.866186 -0.083971 0.492616 0.000000 -0.001241 0.985417 0.170155 10.523900 -0.499720 -0.147997 0.853450 0.000000 0.000000 0.000000 0.000000 1.000000
0.864500 -0.090254 0.494462 0.000000 0.005205 0.985301 0.170746 10.523900 -0.502605 -0.145036 0.852263 0.000000 0.000000 0.000000 0.000000 1.000000
0.863050 -0.094663 0.496168 0.000000 0.007790 0.984660 0.174311 10.523900 -0.505058 -0.146574 0.850549 -0.000000 0.000000 0.000000 0.000000 1.000000
0.862230 -0.095976 0.497341 0.000000 0.006766 0.983979 0.178156 10.523900 -0.506472 -0.150247 0.849065 0.000000 0.000000 0.000000 0.000000 1.000000
0.862914 -0.093706 0.496587 -0.000000 0.003451 0.983728 0.179633 10.523900 -0.505339 -0.153294 0.849195 0.000000 0.000000 0.000000 0.000000 1.000000
0.865447 -0.088879 0.493054 0.000000 -0.000161 0.984089 0.177675 10.523900 -0.501001 -0.153848 0.851662 0.000000 0.000000 0.000000 0.000000 1.000000
0.868920 -0.083860 0.487797 0.000000 -0.001509 0.985089 0.172039 10.523900 -0.494950 -0.150225 0.855837 0.000000 0.000000 0.000000 0.000000 1.000000
0.871837 -0.080317 0.483166 -0.000000 0.000042 0.986476 0.163906 10.523900 -0.489796 -0.142879 0.860050 0.000000 0.000000 0.000000 0.000000 1.000000
0.873698 -0.078340 0.480120 0.000000 0.001790 0.987459 0.157863 10.523900 -0.486466 -0.137065 0.862881 0.000000 0.000000 0.000000 0.000000 1.000000
0.875279 -0.077596 0.477353 0.000000 0.001038 0.987343 0.158594 10.523900 -0.483618 -0.138319 0.864281 0.000000 0.000000 0.000000 0.000000 1.000000
0.877193 -0.077997 0.473759 -0.000000 -0.001609 0.986234 0.165348 10.523900 -0.480134 -0.145804 0.864993 0.000000 0.000000 0.000000 0.000000 1.000000
0.879124 -0.079088 0.469986 0.000000 -0.003531 0.985027 0.172363 10.523900 -0.476581 -0.153188 0.865682 -0.000000 0.000000 0.000000 0.000000 1.000000
0.880559 -0.079981 0.467140 0.000000 -0.003865 0.984413 0.175832 10.523900 -0.473921 -0.156635 0.866524 0.000000 0.000000 0.000000 0.000000 1.000000
0.881388 -0.080101 0.465553 0.000000 -0.004269 0.984128 0.177407 10.523900 -0.472374 -0.158352 0.867057 0.000000 0.000000 0.000000 0.000000 1.000000
0.881690 -0.079685 0.465052 0.000000 -0.006305 0.983558 0.180482 10.523900 -0.471788 -0.162062 0.866690 0.000000 0.000000 0.000000 0.000000 1.000000
0.881826 -0.080028 0.464735 0.000000 -0.008780 0.982538 0.185854 10.523900 -0.471493 -0.167971 0.865725 0.000000 0.000000 0.000000 0.000000 1.000000
0.882582 -0.082561 0.462852 -0.000000 -0.008684 0.981431 0.191621 10.523900 -0.470078 -0.173141 0.865476 0.000000 0.000000 0.000000 0.000000 1.000000
0.884407 -0.086821 0.458570 0.000000 -0.005028 0.980716 0.195376 10.523900 -0.466689 -0.175098 0.866915 0.000000 0.000000 0.000000 0.000000 1.000000
0.886745 -0.090435 0.453325 -0.000000 -0.000297 0.980564 0.196197 10.523900 -0.462258 -0.174111 0.869484 -0.000000 0.000000 0.000000 0.000000 1.000000
0.888573 -0.091599 0.449496 -0.000000 0.002090 0.980660 0.195710 10.523900 -0.458730 -0.172963 0.871580 -0.000000 0.000000 0.000000 0.000000 1.000000
0.889438 -0.090791 0.447947 -0.000000 0.000846 0.980397 0.197030 10.523900 -0.457054 -0.174868 0.872080 -0.000000 0.000000 0.000000 0.000000 1.000000
0.889707 -0.089207 0.447731 0.000000 -0.002852 0.979618 0.200849 10.523900 -0.456522 -0.179974 0.871319 0.000000 0.000000 0.000000 0.000000 1.000000
0.889962 -0.086881 0.447683 -0.000000 -0.006723 0.979078 0.203372 10.523900 -0.455986 -0.184004 0.870758 -0.000000 0.000000 0.000000 0.000000 1.000000
0.890516 -0.083881 0.447153 0.000000 -0.008462 0.979633 0.200619 10.523900 -0.454873 -0.182438 0.871669 0.000000 0.000000 0.000000 0.000000 1.000000
0.891445 -0.082008 0.445646 -0.000000 -0.007581 0.980650 0.195624 10.523900 -0.453065 -0.177767 0.873574 -0.000000 0.000000 0.000000 0.000000 1.000000
0.892532 -0.082602 0.443355 0.000000 -0.006559 0.980602 0.195902 10.523900 -0.450936 -0.177757 0.874676 0.000000 0.000000 0.000000 0.000000 1.000000
