<?xml version="1.0" encoding="utf-8"?>
<COLLADA xmlns="http://www.collada.org/2005/11/COLLADASchema" version="1.4.1">
  <asset>
    <contributor>
      <author>Mixamo</author>
      <authoring_tool>COLLADA Mixamo exporter</authoring_tool>
      <comments/>
    </contributor>
    <created>2025-01-16T06:19:00Z</created>
    <modified>2025-01-16T06:19:00Z</modified>
    <revision/>
    <title/>
    <unit meter="0.010000"/>
    <up_axis>Y_UP</up_axis>
  </asset>
  <library_animations>
    <animation id="mixamorig_Hips-anim" name="mixamorig_Hips">
      <source id="mixamorig_Hips-Matrix-animation-input">
        <float_array id="mixamorig_Hips-Matrix-animation-input-array" count="16">

0.000000 0.033333 0.066667 0.100000 0.133333 0.166667 0.200000 0.233333 0.266667 0.300000 0.333333 0.366667 0.400000 0.433333 0.466667 0.500000</float_array>
        <technique_common>
          <accessor source="#mixamorig_Hips-Matrix-animation-input-array" count="16">
            <param name="TIME" type="float"/>
          </accessor>
        </technique_common>
      </source>
      <source id="mixamorig_Hips-Matrix-animation-output-transform">
        <float_array id="mixamorig_Hips-Matrix-animation-output-transform-array" count="256">

0.832807 0.009349 -0.553485 -0.427774 -0.053812 0.996489 -0.064137 88.085182 0.550942 0.083198 0.830386 4.430614 0.000000 0.000000 0.000000 1.000000
0.852826 0.029621 -0.521354 -1.687409 -0.035348 0.999375 -0.001042 87.170105 0.520997 0.019318 0.853340 4.164444 0.000000 0.000000 0.000000 1.000000
0.890391 0.058063 -0.451479 -1.601156 -0.035724 0.997686 0.057855 84.378105 0.453793 -0.035385 0.890404 5.008883 0.000000 0.000000 0.000000 1.000000
0.901992 0.048594 -0.429010 -1.563997 -0.022220 0.997554 0.066277 83.339516 0.431181 -0.050249 0.900865 5.742158 0.000000 0.000000 0.000000 1.000000
0.894335 0.017850 -0.447041 -2.288236 0.004820 0.998761 0.049524 85.040115 0.447371 -0.046446 0.893142 4.938049 0.000000 0.000000 0.000000 1.000000
0.898797 -0.016670 -0.438048 -2.665189 0.030771 0.999211 0.025113 85.766266 0.437284 -0.036051 0.898601 4.062618 0.000000 0.000000 0.000000 1.000000
0.899257 -0.036005 -0.435936 -2.602800 0.040377 0.999184 0.000767 83.323822 0.435553 -0.018291 0.899977 4.054796 0.000000 0.000000 0.000000 1.000000
0.883239 -0.027904 -0.468092 -2.383511 0.026519 0.999603 -0.009551 80.005836 0.468173 -0.003978 0.883628 4.143903 0.000000 0.000000 0.000000 1.000000
0.868540 -0.003461 -0.495607 -1.495609 0.006498 0.999969 0.004404 77.470276 0.495576 -0.007046 0.868536 5.457767 0.000000 0.000000 0.000000 1.000000
0.865260 0.004495 -0.501303 -0.463671 0.008153 0.999701 0.023037 76.425735 0.501256 -0.024021 0.864965 7.207703 0.000000 0.000000 0.000000 1.000000
0.849993 -0.024354 -0.526231 0.396773 0.039333 0.999076 0.017295 78.217209 0.525323 -0.035398 0.850166 7.403450 0.000000 0.000000 0.000000 1.000000
0.829936 -0.027563 -0.557178 1.185657 0.027267 0.999589 -0.008834 81.019379 0.557192 -0.007861 0.830346 6.870170 0.000000 0.000000 0.000000 1.000000
0.833195 -0.021548 -0.552560 1.372087 0.003745 0.999437 -0.033328 83.532806 0.552967 0.025700 0.832807 5.365850 0.000000 0.000000 0.000000 1.000000
0.830879 -0.013184 -0.556297 1.337126 -0.026888 0.997600 -0.063802 86.127686 0.555803 0.067969 0.828531 4.500481 0.000000 0.000000 0.000000 1.000000
0.828183 -0.005193 -0.560434 0.548255 -0.047544 0.995702 -0.079483 87.464058 0.558438 0.092472 0.824376 4.102428 0.000000 0.000000 0.000000 1.000000
0.832807 0.009349 -0.553485 -0.427776 -0.053812 0.996489 -0.064137 88.085175 0.550942 0.083198 0.830386 4.430617 0.000000 0.000000 0.000000 1.000000</float_array>
        <technique_common>
          <accessor source="#mixamorig_Hips-Matrix-animation-output-transform-array" count="16" stride="16">
            <param type="float4x4"/>
          </accessor>
        </technique_common>
      </source>
      <source id="mixamorig_Hips-Interpolations">
        <Name_array id="mixamorig_Hips-Interpolations-array" count="16">
 LINEAR LINEAR LINEAR LINEAR LINEAR LINEAR LINEAR LINEAR LINEAR LINEAR LINEAR
LINEAR LINEAR LINEAR LINEAR LINEAR</Name_array>
        <technique_common>
          <accessor source="#mixamorig_Hips-Interpolations-array" count="16">
            <param type="name"/>
          </accessor>
        </technique_common>
      </source>
      <sampler id="mixamorig_Hips-Matrix-animation-transform">
        <input semantic="INPUT" source="#mixamorig_Hips-Matrix-animation-input"/>
        <input semantic="OUTPUT" source="#mixamorig_Hips-Matrix-animation-output-transform"/>
        <input semantic="INTERPOLATION" source="#mixamorig_Hips-Interpolations"/>
      </sampler>
      <channel source="#mixamorig_Hips-Matrix-animation-transform" target="mixamorig_Hips/matrix"/>
    </animation>
    <animation id="mixamorig_Spine-anim" name="mixamorig_Spine">
      <source id="mixamorig_Spine-Matrix-animation-input">
        <float_array id="mixamorig_Spine-Matrix-animation-input-array" count="16">

0.000000 0.033333 0.066667 0.100000 0.133333 0.166667 0.200000 0.233333 0.266667 0.300000 0.333333 0.366667 0.400000 0.433333 0.466667 0.500000</float_array>
        <technique_common>
          <accessor source="#mixamorig_Spine-Matrix-animation-input-array" count="16">
            <param name="TIME" type="float"/>
          </accessor>
        </technique_common>
      </source>
      <source id="mixamorig_Spine-Matrix-animation-output-transform">
        <float_array id="mixamorig_Spine-Matrix-animation-output-transform-array" count="256">

0.987698 0.000205 0.156376 -0.000000 0.002595 0.999840 -0.017703 10.528800 -0.156355 0.017891 0.987539 -0.610600 0.000000 0.000000 0.000000 1.000000
0.988871 -0.010714 0.148388 0.000000 0.014406 0.999612 -0.023826 10.528800 -0.148075 0.025699 0.988642 -0.610600 0.000000 0.000000 0.000000 1.000000
0.988196 -0.044043 0.146728 0.000000 0.047932 0.998584 -0.023069 10.528800 -0.145504 0.029829 0.988908 -0.610600 0.000000 0.000000 0.000000 1.000000
0.984879 -0.063194 0.161306 0.000000 0.065441 0.997819 -0.008650 10.528800 -0.160407 0.019075 0.986867 -0.610600 0.000000 0.000000 0.000000 1.000000
0.981909 -0.050715 0.182433 -0.000000 0.050148 0.998712 0.007721 10.528800 -0.182590 0.001567 0.983188 -0.610600 0.000000 0.000000 0.000000 1.000000
0.980286 -0.035809 0.194310 0.000000 0.030832 0.999116 0.028576 10.528800 -0.195162 -0.022022 0.980524 -0.610600 0.000000 0.000000 0.000000 1.000000
0.978461 -0.033945 0.203624 0.000000 0.022469 0.998040 0.058405 10.528800 -0.205208 -0.052572 0.977306 -0.610600 0.000000 0.000000 0.000000 1.000000
0.975711 -0.035658 0.216139 -0.000000 0.020308 0.997138 0.072826 10.528800 -0.218117 -0.066668 0.973643 -0.610600 0.000000 0.000000 0.000000 1.000000
0.973993 -0.024532 0.225245 -0.000000 0.012587 0.998444 0.054316 10.528800 -0.226227 -0.050068 0.972787 -0.610600 0.000000 0.000000 0.000000 1.000000
0.973760 0.006079 0.227496 0.000000 -0.011722 0.999656 0.023465 10.528800 -0.227275 -0.025516 0.973496 -0.610600 0.000000 0.000000 0.000000 1.000000
0.974089 0.034573 0.223508 0.000000 -0.036936 0.999297 0.006400 10.528800 -0.223130 -0.014490 0.974681 -0.610600 0.000000 0.000000 0.000000 1.000000
0.976401 0.039735 0.212278 0.000000 -0.039466 0.999206 -0.005503 10.528800 -0.212328 -0.003004 0.977194 -0.610600 0.000000 0.000000 0.000000 1.000000
0.980355 0.031559 0.194700 0.000000 -0.027820 0.999373 -0.021908 10.528800 -0.195269 0.016061 0.980618 -0.610600 0.000000 0.000000 0.000000 1.000000
0.983792 0.019245 0.178275 -0.000000 -0.014391 0.999491 -0.028480 10.528800 -0.178733 0.025453 0.983568 -0.610600 0.000000 0.000000 0.000000 1.000000
0.986224 0.009495 0.165141 0.000000 -0.005875 0.999732 -0.022397 10.528800 -0.165309 0.021118 0.986016 -0.610600 0.000000 0.000000 0.000000 1.000000
0.987698 0.000206 0.156376 0.000000 0.002595 0.999840 -0.017703 10.528800 -0.156355 0.017891 0.987539 -0.610600 0.000000 0.000000 0.000000 1.000000</float_array>
        <technique_common>
          <accessor source="#mixamorig_Spine-Matrix-animation-output-transform-array" count="16" stride="16">
            <param type="float4x4"/>
          </accessor>
        </technique_common>
      </source>
      <source id="mixamorig_Spine-Interpolations">
        <Name_array id="mixamorig_Spine-Interpolations-array" count="16">
 LINEAR LINEAR LINEAR LINEAR LINEAR LINEAR LINEAR LINEAR LINEAR LINEAR LINEAR
LINEAR LINEAR LINEAR LINEAR LINEAR</Name_array>
        <technique_common>
          <accessor source="#mixamorig_Spine-Interpolations-array" count="16">
            <param type="name"/>
          </accessor>
        </technique_common>
      </source>
      <sampler id="mixamorig_Spine-Matrix-animation-transform">
        <input semantic="INPUT" source="#mixamorig_Spine-Matrix-animation-input"/>
        <input semantic="OUTPUT" source="#mixamorig_Spine-Matrix-animation-output-transform"/>
        <input semantic="INTERPOLATION" source="#mixamorig_Spine-Interpolations"/>
      </sampler>
      <channel source="#mixamorig_Spine-Matrix-animation-transform" target="mixamorig_Spine/matrix"/>
    </animation>
    <animation id="mixamorig_Spine1-anim" name="mixamorig_Spine1">
      <source id="mixamorig_Spine1-Matrix-animation-input">
        <float_array id="mixamorig_Spine1-Matrix-animation-input-array" count="16">

0.000000 0.033333 0.066667 0.100000 0.133333 0.166667 0.200000 0.233333 0.266667 0.300000 0.333333 0.366667 0.400000 0.433333 0.466667 0.500000</float_array>
        <technique_common>
          <accessor source="#mixamorig_Spine1-Matrix-animation-input-array" count="16">
            <param name="TIME" type="float"/>
          </accessor>
        </technique_common>
      </source>
      <source id="mixamorig_Spine1-Matrix-animation-output-transform">
        <float_array id="mixamorig_Spine1-Matrix-animation-output-transform-array" count="256">

0.999760 -0.013680 -0.017104 0.000000 0.012890 0.998881 -0.045512 11.377000 0.017707 0.045280 0.998817 0.000000 0.000000 0.000000 0.000000 1.000000
0.999554 -0.015895 -0.025294 -0.000000 0.014595 0.998603 -0.050777 11.377000 0.026065 0.050385 0.998390 -0.000000 0.000000 0.000000 0.000000 1.000000
0.999241 -0.027985 -0.027107 0.000000 0.026518 0.998240 -0.053050 11.377000 0.028544 0.052290 0.998224 0.000000 0.000000 0.000000 0.000000 1.000000
0.999030 -0.041951 -0.013358 0.000000 0.041331 0.998189 -0.043712 11.377000 0.015168 0.043117 0.998955 0.000000 0.000000 0.000000 0.000000 1.000000
0.998859 -0.047030 0.008343 0.000000 0.047261 0.998432 -0.030002 11.377000 -0.006919 0.030362 0.999515 0.000000 0.000000 0.000000 0.000000 1.000000
0.998718 -0.045243 0.022699 0.000000 0.045596 0.998843 -0.015293 11.377000 -0.021981 0.016309 0.999625 -0.000000 0.000000 0.000000 0.000000 1.000000
0.998349 -0.046222 0.034100 0.000000 0.046116 0.998929 0.003870 11.377000 -0.034242 -0.002291 0.999411 0.000000 0.000000 0.000000 0.000000 1.000000
0.997724 -0.049099 0.046216 0.000000 0.048390 0.998695 0.016337 11.377000 -0.046958 -0.014063 0.998798 0.000000 0.000000 0.000000 0.000000 1.000000
0.997792 -0.040982 0.052260 -0.000000 0.040510 0.999128 0.010067 11.377000 -0.052627 -0.007928 0.998583 0.000000 0.000000 0.000000 0.000000 1.000000
0.998408 -0.017824 0.053520 0.000000 0.018207 0.999812 -0.006675 11.377000 -0.053391 0.007639 0.998544 -0.000000 0.000000 0.000000 0.000000 1.000000
0.998586 0.003272 0.053057 0.000000 -0.002271 0.999818 -0.018920 11.377000 -0.053109 0.018773 0.998412 0.000000 0.000000 0.000000 0.000000 1.000000
0.999028 0.007649 0.043407 -0.000000 -0.006374 0.999547 -0.029430 11.377000 -0.043612 0.029124 0.998624 0.000000 0.000000 0.000000 0.000000 1.000000
0.999661 0.001889 0.025982 0.000000 -0.000788 0.999103 -0.042330 11.377000 -0.026038 0.042295 0.998766 -0.000000 0.000000 0.000000 0.000000 1.000000
0.999938 -0.007060 0.008592 0.000000 0.007470 0.998786 -0.048691 11.377000 -0.008238 0.048753 0.998777 0.000000 0.000000 0.000000 0.000000 1.000000
0.999886 -0.013641 -0.006452 0.000000 0.013324 0.998815 -0.046816 11.377000 0.007083 0.046725 0.998883 0.000000 0.000000 0.000000 0.000000 1.000000
0.999760 -0.013680 -0.017103 0.000000 0.012890 0.998881 -0.045511 11.377000 0.017707 0.045280 0.998817 -0.000000 0.000000 0.000000 0.000000 1.000000</float_array>
        <technique_common>
          <accessor source="#mixamorig_Spine1-Matrix-animation-output-transform-array" count="16" stride="16">
            <param type="float4x4"/>
          </accessor>
        </technique_common>
      </source>
      <source id="mixamorig_Spine1-Interpolations">
        <Name_array id="mixamorig_Spine1-Interpolations-array" count="16">
 LINEAR LINEAR LINEAR LINEAR LINEAR LINEAR LINEAR LINEAR LINEAR LINEAR LINEAR
LINEAR LINEAR LINEAR LINEAR LINEAR</Name_array>
        <technique_common>
          <accessor source="#mixamorig_Spine1-Interpolations-array" count="16">
            <param type="name"/>
          </accessor>
        </technique_common>
      </source>
      <sampler id="mixamorig_Spine1-Matrix-animation-transform">
        <input semantic="INPUT" source="#mixamorig_Spine1-Matrix-animation-input"/>
        <input semantic="OUTPUT" source="#mixamorig_Spine1-Matrix-animation-output-transform"/>
        <input semantic="INTERPOLATION" source="#mixamorig_Spine1-Interpolations"/>
      </sampler>
      <channel source="#mixamorig_Spine1-Matrix-animation-transform" target="mixamorig_Spine1/matrix"/>
    </animation>
    <animation id="mixamorig_Spine2-anim" name="mixamorig_Spine2">
      <source id="mixamorig_Spine2-Matrix-animation-input">
        <float_array id="mixamorig_Spine2-Matrix-animation-input-array" count="16">

0.000000 0.033333 0.066667 0.100000 0.133333 0.166667 0.200000 0.233333 0.266667 0.300000 0.333333 0.366667 0.400000 0.433333 0.466667 0.500000</float_array>
        <technique_common>
          <accessor source="#mixamorig_Spine2-Matrix-animation-input-array" count="16">
            <param name="TIME" type="float"/>
          </accessor>
        </technique_common>
      </source>
      <source id="mixamorig_Spine2-Matrix-animation-output-transform">
        <float_array id="mixamorig_Spine2-Matrix-animation-output-transform-array" count="256">

0.999764 -0.011912 -0.018176 0.000000 0.010974 0.998644 -0.050882 14.062000 0.018758 0.050670 0.998539 0.000000 0.000000 0.000000 0.000000 1.000000
0.999568 -0.013280 -0.026202 -0.000000 0.011790 0.998350 -0.056204 14.062000 0.026905 0.055871 0.998075 -0.000000 0.000000 0.000000 0.000000 1.000000
0.999269 -0.025134 -0.028818 0.000000 0.023414 0.998010 -0.058554 14.062000 0.030232 0.057837 0.997868 0.000000 0.000000 0.000000 0.000000 1.000000
0.999045 -0.040460 -0.016524 0.000000 0.039605 0.998004 -0.049182 14.062000 0.018481 0.048480 0.998653 0.000000 0.000000 0.000000 0.000000 1.000000
0.998850 -0.047731 0.004472 -0.000000 0.047859 0.998228 -0.035363 14.062000 -0.002776 0.035536 0.999365 0.000000 0.000000 0.000000 0.000000 1.000000
0.998697 -0.047241 0.019296 0.000000 0.047636 0.998654 -0.020535 14.062000 -0.018300 0.021427 0.999603 -0.000000 0.000000 0.000000 0.000000 1.000000
0.998310 -0.048925 0.031357 0.000000 0.048983 0.998799 -0.001094 14.062000 -0.031266 0.002628 0.999508 0.000000 0.000000 0.000000 0.000000 1.000000
0.997664 -0.052734 0.043420 0.000000 0.052277 0.998565 0.011595 14.062000 -0.043969 -0.009298 0.998990 0.000000 0.000000 0.000000 0.000000 1.000000
0.997749 -0.045475 0.049277 -0.000000 0.045282 0.998962 0.005026 14.062000 -0.049454 -0.002783 0.998773 0.000000 0.000000 0.000000 0.000000 1.000000
0.998421 -0.022766 0.051354 0.000000 0.023429 0.999649 -0.012344 14.062000 -0.051055 0.013528 0.998604 -0.000000 0.000000 0.000000 0.000000 1.000000
0.998630 -0.001657 0.052306 0.000000 0.002963 0.999685 -0.024912 14.062000 -0.052249 0.025033 0.998320 0.000000 0.000000 0.000000 0.000000 1.000000
0.999051 0.003577 0.043402 0.000000 -0.002046 0.999376 -0.035269 14.062000 -0.043501 0.035147 0.998435 0.000000 0.000000 0.000000 0.000000 1.000000
0.999665 -0.000628 0.025891 0.000000 0.001869 0.998848 -0.047949 14.062000 -0.025831 0.047981 0.998514 0.000000 0.000000 0.000000 0.000000 1.000000
0.999938 -0.007857 0.007930 0.000000 0.008276 0.998496 -0.054197 14.062000 -0.007492 0.054259 0.998499 0.000000 0.000000 0.000000 0.000000 1.000000
0.999887 -0.012918 -0.007625 -0.000000 0.012503 0.998556 -0.052237 14.062000 0.008288 0.052136 0.998606 -0.000000 0.000000 0.000000 0.000000 1.000000
0.999764 -0.011912 -0.018176 -0.000000 0.010974 0.998644 -0.050882 14.062000 0.018758 0.050671 0.998539 0.000000 0.000000 0.000000 0.000000 1.000000</float_array>
        <technique_common>
          <accessor source="#mixamorig_Spine2-Matrix-animation-output-transform-array" count="16" stride="16">
            <param type="float4x4"/>
          </accessor>
        </technique_common>
      </source>
      <source id="mixamorig_Spine2-Interpolations">
        <Name_array id="mixamorig_Spine2-Interpolations-array" count="16">
 LINEAR LINEAR LINEAR LINEAR LINEAR LINEAR LINEAR LINEAR LINEAR LINEAR LINEAR
LINEAR LINEAR LINEAR LINEAR LINEAR</Name_array>
        <technique_common>
          <accessor source="#mixamorig_Spine2-Interpolations-array" count="16">
            <param type="name"/>
          </accessor>
        </technique_common>
      </source>
      <sampler id="mixamorig_Spine2-Matrix-animation-transform">
        <input semantic="INPUT" source="#mixamorig_Spine2-Matrix-animation-input"/>
        <input semantic="OUTPUT" source="#mixamorig_Spine2-Matrix-animation-output-transform"/>
        <input semantic="INTERPOLATION" source="#mixamorig_Spine2-Interpolations"/>
      </sampler>
      <channel source="#mixamorig_Spine2-Matrix-animation-transform" target="mixamorig_Spine2/matrix"/>
    </animation>
    <animation id="mixamorig_Neck-anim" name="mixamorig_Neck">
      <source id="mixamorig_Neck-Matrix-animation-input">
        <float_array id="mixamorig_Neck-Matrix-animation-input-array" count="16">

0.000000 0.033333 0.066667 0.100000 0.133333 0.166667 0.200000 0.233333 0.266667 0.300000 0.333333 0.366667 0.400000 0.433333 0.466667 0.500000</float_array>
        <technique_common>
          <accessor source="#mixamorig_Neck-Matrix-animation-input-array" count="16">
            <param name="TIME" type="float"/>
          </accessor>
        </technique_common>
      </source>
      <source id="mixamorig_Neck-Matrix-animation-output-transform">
        <float_array id="mixamorig_Neck-Matrix-animation-output-transform-array" count="256">

0.998617 0.033030 0.040908 0.000000 -0.029655 0.996311 -0.080534 10.523900 -0.043417 0.079210 0.995912 0.000000 0.000000 0.000000 0.000000 1.000000
0.998454 0.038166 0.040408 -0.000000 -0.034461 0.995460 -0.088724 10.523900 -0.043610 0.087194 0.995236 0.000000 0.000000 0.000000 0.000000 1.000000
0.997461 0.056034 0.043961 0.000000 -0.051594 0.994011 -0.096335 10.523900 -0.049096 0.093823 0.994378 -0.000000 0.000000 0.000000 0.000000 1.000000
0.996429 0.070389 0.046626 0.000000 -0.065424 0.992776 -0.100579 10.523900 -0.053368 0.097169 0.993836 0.000000 0.000000 0.000000 0.000000 1.000000
0.996760 0.068078 0.042840 0.000000 -0.063305 0.992527 -0.104325 10.523900 -0.049622 0.101275 0.993620 0.000000 0.000000 0.000000 0.000000 1.000000
0.997280 0.062934 0.038371 0.000000 -0.058543 0.992592 -0.106460 10.523900 -0.044787 0.103925 0.993576 0.000000 0.000000 0.000000 0.000000 1.000000
0.997290 0.062974 0.038042 0.000000 -0.058668 0.992709 -0.105298 10.523900 -0.044395 0.102781 0.993713 0.000000 0.000000 0.000000 0.000000 1.000000
0.997406 0.060034 0.039711 0.000000 -0.055888 0.993582 -0.098339 10.523900 -0.045359 0.095864 0.994360 -0.000000 0.000000 0.000000 0.000000 1.000000
0.998085 0.049110 0.037619 0.000000 -0.045749 0.995286 -0.085510 10.523900 -0.041641 0.083625 0.995627 0.000000 0.000000 0.000000 0.000000 1.000000
0.998762 0.038142 0.031918 0.000000 -0.035704 0.996637 -0.073759 10.523900 -0.034624 0.072528 0.996765 0.000000 0.000000 0.000000 0.000000 1.000000
0.998879 0.036408 0.030257 0.000000 -0.034150 0.996816 -0.072058 10.523900 -0.032784 0.070944 0.996941 -0.000000 0.000000 0.000000 0.000000 1.000000
0.998806 0.036791 0.032146 -0.000000 -0.034186 0.996357 -0.078130 10.523900 -0.034903 0.076938 0.996425 -0.000000 0.000000 0.000000 0.000000 1.000000
0.998809 0.035167 0.033810 -0.000000 -0.032226 0.995952 -0.083913 10.523900 -0.036624 0.082724 0.995899 0.000000 0.000000 0.000000 0.000000 1.000000
0.998585 0.037276 0.037935 -0.000000 -0.033948 0.995813 -0.084871 10.523900 -0.040940 0.083463 0.995670 0.000000 0.000000 0.000000 0.000000 1.000000
0.998434 0.037283 0.041700 0.000000 -0.033835 0.996176 -0.080547 10.523900 -0.044543 0.079010 0.995878 0.000000 0.000000 0.000000 0.000000 1.000000
0.998617 0.033030 0.040908 0.000000 -0.029655 0.996311 -0.080534 10.523900 -0.043417 0.079210 0.995912 0.000000 0.000000 0.000000 0.000000 1.000000</float_array>
        <technique_common>
          <accessor source="#mixamorig_Neck-Matrix-animation-output-transform-array" count="16" stride="16">
            <param type="float4x4"/>
          </accessor>
        </technique_common>
      </source>
      <source id="mixamorig_Neck-Interpolations">
        <Name_array id="mixamorig_Neck-Interpolations-array" count="16">
 LINEAR LINEAR LINEAR LINEAR LINEAR LINEAR LINEAR LINEAR LINEAR LINEAR LINEAR
LINEAR LINEAR LINEAR LINEAR LINEAR</Name_array>
        <technique_common>
          <accessor source="#mixamorig_Neck-Interpolations-array" count="16">
            <param type="name"/>
          </accessor>
        </technique_common>
      </source>
      <sampler id="mixamorig_Neck-Matrix-animation-transform">
        <input semantic="INPUT" source="#mixamorig_Neck-Matrix-animation-input"/>
        <input semantic="OUTPUT" source="#mixamorig_Neck-Matrix-animation-output-transform"/>
        <input semantic="INTERPOLATION" source="#mixamorig_Neck-Interpolations"/>
      </sampler>
      <channel source="#mixamorig_Neck-Matrix-animation-transform" target="mixamorig_Neck/matrix"/>
    </animation>
    <animation id="mixamorig_Head-anim" name="mixamorig_Head">
      <source id="mixamorig_Head-Matrix-animation-input">
        <float_array id="mixamorig_Head-Matrix-animation-input-array" count="16">

0.000000 0.033333 0.066667 0.100000 0.133333 0.166667 0.200000 0.233333 0.266667 0.300000 0.333333 0.366667 0.400000 0.433333 0.466667 0.500000</float_array>
        <technique_common>
          <accessor source="#mixamorig_Head-Matrix-animation-input-array" count="16">
            <param name="TIME" type="float"/>
          </accessor>
        </technique_common>
      </source>
      <source id="mixamorig_Head-Matrix-animation-output-transform">
        <float_array id="mixamorig_Head-Matrix-animation-output-transform-array" count="256">

0.974343 0.201878 0.099508 0.000000 -0.135229 0.878512 -0.458181 13.606700 -0.179916 0.432969 0.883271 1.762900 0.000000 0.000000 0.000000 1.000000
0.975637 0.201420 0.086966 0.000000 -0.137235 0.869557 -0.474381 13.606700 -0.171172 0.450889 0.876013 1.762900 0.000000 0.000000 0.000000 1.000000
0.977874 0.199921 0.061595 0.000000 -0.142088 0.850841 -0.505846 13.606700 -0.153536 0.485902 0.860422 1.762900 0.000000 0.000000 0.000000 1.000000
0.979130 0.199884 0.036751 -0.000000 -0.149321 0.830198 -0.537098 13.606700 -0.137868 0.520401 0.842719 1.762900 0.000000 0.000000 0.000000 1.000000
0.982181 0.186465 0.023470 0.000000 -0.143571 0.825036 -0.546538 13.606700 -0.121274 0.533430 0.837105 1.762900 0.000000 0.000000 0.000000 1.000000
0.987733 0.155211 0.017136 -0.000000 -0.121868 0.834821 -0.536864 13.606700 -0.097633 0.528189 0.843495 1.762900 0.000000 0.000000 0.000000 1.000000
0.991156 0.131666 0.016525 0.000000 -0.102981 0.841735 -0.529978 13.606700 -0.083689 0.523590 0.847850 1.762900 0.000000 0.000000 0.000000 1.000000
0.991937 0.124282 0.024782 0.000000 -0.091228 0.836011 -0.541076 13.606700 -0.087965 0.534453 0.840608 1.762900 0.000000 0.000000 0.000000 1.000000
0.992484 0.118867 0.029103 -0.000000 -0.082431 0.825110 -0.558926 13.606700 -0.090451 0.552325 0.828707 1.762900 0.000000 0.000000 0.000000 1.000000
0.994085 0.106476 0.021397 0.000000 -0.076015 0.822864 -0.563131 13.606700 -0.077567 0.558173 0.826091 1.762900 0.000000 0.000000 0.000000 1.000000
0.994921 0.098814 0.019176 0.000000 -0.071920 0.831139 -0.551394 13.606700 -0.070423 0.547214 0.834025 1.762900 0.000000 0.000000 0.000000 1.000000
0.993034 0.112942 0.033593 -0.000000 -0.078227 0.845103 -0.528850 13.606700 -0.088119 0.522538 0.848050 1.762900 0.000000 0.000000 0.000000 1.000000
0.988795 0.139613 0.052839 -0.000000 -0.094711 0.860338 -0.500848 13.606700 -0.115384 0.490232 0.863921 1.762900 0.000000 0.000000 0.000000 1.000000
0.982838 0.169236 0.073405 0.000000 -0.114374 0.871259 -0.477311 13.606700 -0.144733 0.460724 0.875663 1.762900 0.000000 0.000000 0.000000 1.000000
0.976773 0.193015 0.093060 -0.000000 -0.129528 0.877824 -0.461137 13.606700 -0.170696 0.438372 0.882436 1.762900 0.000000 0.000000 0.000000 1.000000
0.974343 0.201877 0.099508 -0.000000 -0.135229 0.878512 -0.458181 13.606700 -0.179916 0.432969 0.883271 1.762900 0.000000 0.000000 0.000000 1.000000</float_array>
        <technique_common>
          <accessor source="#mixamorig_Head-Matrix-animation-output-transform-array" count="16" stride="16">
            <param type="float4x4"/>
          </accessor>
        </technique_common>
      </source>
      <source id="mixamorig_Head-Interpolations">
        <Name_array id="mixamorig_Head-Interpolations-array" count="16">
 LINEAR LINEAR LINEAR LINEAR LINEAR LINEAR LINEAR LINEAR LINEAR LINEAR LINEAR
LINEAR LINEAR LINEAR LINEAR LINEAR</Name_array>
        <technique_common>
          <accessor source="#mixamorig_Head-Interpolations-array" count="16">
            <param type="name"/>
          </accessor>
        </technique_common>
      </source>
      <sampler id="mixamorig_Head-Matrix-animation-transform">
        <input semantic="INPUT" source="#mixamorig_Head-Matrix-animation-input"/>
        <input semantic="OUTPUT" source="#mixamorig_Head-Matrix-animation-output-transform"/>
        <input semantic="INTERPOLATION" source="#mixamorig_Head-Interpolations"/>
      </sampler>
      <channel source="#mixamorig_Head-Matrix-animation-transform" target="mixamorig_Head/matrix"/>
    </animation>
    <animation id="mixamorig_HeadTop_End-anim" name="mixamorig_HeadTop_End">
      <source id="mixamorig_HeadTop_End-Matrix-animation-input">
        <float_array id="mixamorig_HeadTop_End-Matrix-animation-input-array" count="16">

0.000000 0.033333 0.066667 0.100000 0.133333 0.166667 0.200000 0.233333 0.266667 0.300000 0.333333 0.366667 0.400000 0.433333 0.466667 0.500000</float_array>
        <technique_common>
          <accessor source="#mixamorig_HeadTop_End-Matrix-animation-input-array" count="16">
            <param name="TIME" type="float"/>
          </accessor>
        </technique_common>
      </source>
      <source id="mixamorig_HeadTop_End-Matrix-animation-output-transform">
        <float_array id="mixamorig_HeadTop_End-Matrix-animation-output-transform-array" count="256">

1.000000 0.000000 0.000000 -0.000000 -0.000000 0.948237 0.317563 31.591200 0.000000 -0.317563 0.948237 -0.362600 0.000000 0.000000 0.000000 1.000000
1.000000 0.000000 0.000000 -0.000000 -0.000000 0.948237 0.317563 31.591200 -0.000000 -0.317563 0.948237 -0.362600 0.000000 0.000000 0.000000 1.000000
1.000000 0.000000 -0.000000 0.000000 0.000000 0.948237 0.317563 31.591200 -0.000000 -0.317563 0.948237 -0.362600 0.000000 0.000000 0.000000 1.000000
1.000000 -0.000000 -0.000000 -0.000000 0.000000 0.948237 0.317563 31.591200 -0.000000 -0.317563 0.948237 -0.362600 0.000000 0.000000 0.000000 1.000000
1.000000 -0.000000 -0.000000 0.000000 -0.000000 0.948237 0.317563 31.591200 -0.000000 -0.317563 0.948237 -0.362600 0.000000 0.000000 0.000000 1.000000
1.000000 -0.000000 -0.000000 0.000000 0.000000 0.948237 0.317563 31.591200 0.000000 -0.317563 0.948237 -0.362600 0.000000 0.000000 0.000000 1.000000
1.000000 0.000000 0.000000 0.000000 -0.000000 0.948237 0.317563 31.591200 0.000000 -0.317563 0.948237 -0.362600 0.000000 0.000000 0.000000 1.000000
1.000000 0.000000 -0.000000 0.000000 0.000000 0.948237 0.317563 31.591200 0.000000 -0.317563 0.948237 -0.362600 0.000000 0.000000 0.000000 1.000000
1.000000 -0.000000 -0.000000 0.000000 0.000000 0.948237 0.317563 31.591200 0.000000 -0.317563 0.948237 -0.362600 0.000000 0.000000 0.000000 1.000000
1.000000 0.000000 0.000000 0.000000 -0.000000 0.948237 0.317563 31.591200 0.000000 -0.317563 0.948237 -0.362600 0.000000 0.000000 0.000000 1.000000
1.000000 0.000000 -0.000000 0.000000 0.000000 0.948237 0.317563 31.591200 0.000000 -0.317563 0.948237 -0.362600 0.000000 0.000000 0.000000 1.000000
1.000000 0.000000 -0.000000 0.000000 0.000000 0.948237 0.317563 31.591200 0.000000 -0.317563 0.948237 -0.362600 0.000000 0.000000 0.000000 1.000000
1.000000 -0.000000 0.000000 0.000000 -0.000000 0.948237 0.317563 31.591200 -0.000000 -0.317563 0.948237 -0.362600 0.000000 0.000000 0.000000 1.000000
1.000000 -0.000000 0.000000 0.000000 -0.000000 0.948237 0.317563 31.591200 -0.000000 -0.317563 0.948237 -0.362600 0.000000 0.000000 0.000000 1.000000
1.000000 -0.000000 0.000000 -0.000000 0.000000 0.948237 0.317563 31.591200 -0.000000 -0.317563 0.948237 -0.362600 0.000000 0.000000 0.000000 1.000000
1.000000 0.000000 0.000000 0.000000 0.000000 0.948237 0.317563 31.591200 0.000000 -0.317563 0.948237 -0.362600 0.000000 0.000000 0.000000 1.000000</float_array>
        <technique_common>
          <accessor source="#mixamorig_HeadTop_End-Matrix-animation-output-transform-array" count="16" stride="16">
            <param type="float4x4"/>
          </accessor>
        </technique_common>
      </source>
      <source id="mixamorig_HeadTop_End-Interpolations">
        <Name_array id="mixamorig_HeadTop_End-Interpolations-array" count="16">
 LINEAR LINEAR LINEAR LINEAR LINEAR LINEAR LINEAR LINEAR LINEAR LINEAR LINEAR
LINEAR LINEAR LINEAR LINEAR LINEAR</Name_array>
        <technique_common>
          <accessor source="#mixamorig_HeadTop_End-Interpolations-array" count="16">
            <param type="name"/>
          </accessor>
        </technique_common>
      </source>
      <sampler id="mixamorig_HeadTop_End-Matrix-animation-transform">
        <input semantic="INPUT" source="#mixamorig_HeadTop_End-Matrix-animation-input"/>
        <input semantic="OUTPUT" source="#mixamorig_HeadTop_End-Matrix-animation-output-transform"/>
        <input semantic="INTERPOLATION" source="#mixamorig_HeadTop_End-Interpolations"/>
      </sampler>
      <channel source="#mixamorig_HeadTop_End-Matrix-animation-transform" target="mixamorig_HeadTop_End/matrix"/>
    </animation>
    <animation id="mixamorig_LeftShoulder-anim" name="mixamorig_LeftShoulder">
      <source id="mixamorig_LeftShoulder-Matrix-animation-input">
        <float_array id="mixamorig_LeftShoulder-Matrix-animation-input-array" count="16">

0.000000 0.033333 0.066667 0.100000 0.133333 0.166667 0.200000 0.233333 0.266667 0.300000 0.333333 0.366667 0.400000 0.433333 0.466667 0.500000</float_array>
        <technique_common>
          <accessor source="#mixamorig_LeftShoulder-Matrix-animation-input-array" count="16">
            <param name="TIME" type="float"/>
          </accessor>
        </technique_common>
      </source>
      <source id="mixamorig_LeftShoulder-Matrix-animation-output-transform">
        <float_array id="mixamorig_LeftShoulder-Matrix-animation-output-transform-array" count="256">

-0.359431 0.915792 -0.179261 15.012800 0.289238 -0.073307 -0.954446 10.656300 -0.887215 -0.394907 -0.238533 2.636800 0.000000 0.000000 0.000000 1.000000
-0.349722 0.919019 -0.181928 15.012800 0.293891 -0.076768 -0.952751 10.656300 -0.889563 -0.386665 -0.243244 2.636800 0.000000 0.000000 0.000000 1.000000
-0.332493 0.924711 -0.185359 15.012800 0.300399 -0.082464 -0.950242 10.656300 -0.893985 -0.371631 -0.250364 2.636800 0.000000 0.000000 0.000000 1.000000
-0.358506 0.915028 -0.184924 15.012800 0.292494 -0.078016 -0.953080 10.656300 -0.886522 -0.395774 -0.239671 2.636800 0.000000 0.000000 0.000000 1.000000
-0.413384 0.892751 -0.179188 15.012800 0.273878 -0.065771 -0.959513 10.656300 -0.868392 -0.445723 -0.217317 2.636800 0.000000 0.000000 0.000000 1.000000
-0.442053 0.879277 -0.177375 15.012800 0.264709 -0.061061 -0.962393 10.656300 -0.857041 -0.472381 -0.205760 2.636800 0.000000 0.000000 0.000000 1.000000
-0.439100 0.881141 -0.175447 15.012800 0.264087 -0.060069 -0.962627 10.656300 -0.858749 -0.469023 -0.206322 2.636800 0.000000 0.000000 0.000000 1.000000
-0.430408 0.887014 -0.167201 15.012800 0.261628 -0.054690 -0.963618 10.656300 -0.863886 -0.458493 -0.208529 2.636800 0.000000 0.000000 0.000000 1.000000
-0.425381 0.889935 -0.164517 15.012800 0.261598 -0.053114 -0.963714 10.656300 -0.866382 -0.452983 -0.210212 2.636800 0.000000 0.000000 0.000000 1.000000
-0.420728 0.889813 -0.176695 15.012800 0.269670 -0.063298 -0.960870 10.656300 -0.866179 -0.451914 -0.213325 2.636800 0.000000 0.000000 0.000000 1.000000
-0.420238 0.887299 -0.189999 15.012800 0.276869 -0.074020 -0.958053 10.656300 -0.864143 -0.455215 -0.214560 2.636800 0.000000 0.000000 0.000000 1.000000
-0.417887 0.888172 -0.191106 15.012800 0.277945 -0.075280 -0.957643 10.656300 -0.864938 -0.453303 -0.215405 2.636800 0.000000 0.000000 0.000000 1.000000
-0.390606 0.900915 -0.189155 15.012800 0.284717 -0.077172 -0.955500 10.656300 -0.875422 -0.427079 -0.226362 2.636800 0.000000 0.000000 0.000000 1.000000
-0.353267 0.916681 -0.186813 15.012800 0.294143 -0.080726 -0.952346 10.656300 -0.888078 -0.391382 -0.241118 2.636800 0.000000 0.000000 0.000000 1.000000
-0.345733 0.920655 -0.181281 15.012800 0.293648 -0.077332 -0.952780 10.656300 -0.891201 -0.382641 -0.243613 2.636800 0.000000 0.000000 0.000000 1.000000
-0.359431 0.915792 -0.179261 15.012800 0.289238 -0.073307 -0.954446 10.656300 -0.887215 -0.394907 -0.238533 2.636800 0.000000 0.000000 0.000000 1.000000</float_array>
        <technique_common>
          <accessor source="#mixamorig_LeftShoulder-Matrix-animation-output-transform-array" count="16" stride="16">
            <param type="float4x4"/>
          </accessor>
        </technique_common>
      </source>
      <source id="mixamorig_LeftShoulder-Interpolations">
        <Name_array id="mixamorig_LeftShoulder-Interpolations-array" count="16">
 LINEAR LINEAR LINEAR LINEAR LINEAR LINEAR LINEAR LINEAR LINEAR LINEAR LINEAR
LINEAR LINEAR LINEAR LINEAR LINEAR</Name_array>
        <technique_common>
          <accessor source="#mixamorig_LeftShoulder-Interpolations-array" count="16">
            <param type="name"/>
          </accessor>
        </technique_common>
      </source>
      <sampler id="mixamorig_LeftShoulder-Matrix-animation-transform">
        <input semantic="INPUT" source="#mixamorig_LeftShoulder-Matrix-animation-input"/>
        <input semantic="OUTPUT" source="#mixamorig_LeftShoulder-Matrix-animation-output-transform"/>
        <input semantic="INTERPOLATION" source="#mixamorig_LeftShoulder-Interpolations"/>
      </sampler>
      <channel source="#mixamorig_LeftShoulder-Matrix-animation-transform" target="mixamorig_LeftShoulder/matrix"/>
    </animation>
    <animation id="mixamorig_LeftArm-anim" name="mixamorig_LeftArm">
      <source id="mixamorig_LeftArm-Matrix-animation-input">
        <float_array id="mixamorig_LeftArm-Matrix-animation-input-array" count="16">

0.000000 0.033333 0.066667 0.100000 0.133333 0.166667 0.200000 0.233333 0.266667 0.300000 0.333333 0.366667 0.400000 0.433333 0.466667 0.500000</float_array>
        <technique_common>
          <accessor source="#mixamorig_LeftArm-Matrix-animation-input-array" count="16">
            <param name="TIME" type="float"/>
          </accessor>
        </technique_common>
      </source>
      <source id="mixamorig_LeftArm-Matrix-animation-output-transform">
        <float_array id="mixamorig_LeftArm-Matrix-animation-output-transform-array" count="256">

0.575378 -0.814222 0.077342 0.000000 0.503069 0.277761 -0.818395 29.132500 0.644873 0.509795 0.569428 0.000000 0.000000 0.000000 0.000000 1.000000
0.587809 -0.805935 0.070350 -0.000000 0.490730 0.286074 -0.823010 29.132500 0.643168 0.518296 0.563653 0.000000 0.000000 0.000000 0.000000 1.000000
0.611940 -0.787229 0.076164 0.000000 0.461209 0.276957 -0.842960 29.132500 0.642508 0.550968 0.532558 0.000000 0.000000 0.000000 0.000000 1.000000
0.647619 -0.747613 0.147189 0.000000 0.485329 0.255811 -0.836072 29.132500 0.587406 0.612891 0.528506 0.000000 0.000000 0.000000 0.000000 1.000000
0.654418 -0.715113 0.245662 0.000000 0.563977 0.245223 -0.788540 29.132500 0.503653 0.654583 0.563785 0.000000 0.000000 0.000000 0.000000 1.000000
0.648404 -0.706753 0.282973 0.000000 0.605367 0.253267 -0.754577 29.132500 0.461632 0.660573 0.592064 -0.000000 0.000000 0.000000 0.000000 1.000000
0.665583 -0.701528 0.254672 -0.000000 0.579943 0.271378 -0.768128 29.132500 0.469751 0.658947 0.587471 0.000000 0.000000 0.000000 0.000000 1.000000
0.685685 -0.695300 0.215391 0.000000 0.532265 0.277097 -0.799944 29.132500 0.496517 0.663155 0.560086 -0.000000 0.000000 0.000000 0.000000 1.000000
0.670472 -0.714227 0.200868 -0.000000 0.518499 0.257409 -0.815414 29.132500 0.530685 0.650862 0.542911 0.000000 0.000000 0.000000 0.000000 1.000000
0.633950 -0.743963 0.211248 0.000000 0.544345 0.235211 -0.805211 29.132500 0.549359 0.625455 0.554085 0.000000 0.000000 0.000000 0.000000 1.000000
0.629455 -0.743381 0.226210 -0.000000 0.568434 0.242044 -0.786319 29.132500 0.529782 0.623538 0.574918 0.000000 0.000000 0.000000 0.000000 1.000000
0.640851 -0.737073 0.214553 0.000000 0.563141 0.261437 -0.783915 29.132500 0.521710 0.623196 0.582619 -0.000000 0.000000 0.000000 0.000000 1.000000
0.621273 -0.767250 0.159207 0.000000 0.529405 0.261191 -0.807162 29.132500 0.577711 0.585753 0.568457 -0.000000 0.000000 0.000000 0.000000 1.000000
0.584028 -0.806277 0.093962 0.000000 0.488815 0.256916 -0.833699 29.132500 0.648052 0.532834 0.544166 0.000000 0.000000 0.000000 0.000000 1.000000
0.567046 -0.820758 0.069392 -0.000000 0.483478 0.263449 -0.834771 29.132500 0.666864 0.506903 0.546206 -0.000000 0.000000 0.000000 0.000000 1.000000
0.575378 -0.814222 0.077342 -0.000000 0.503069 0.277761 -0.818395 29.132500 0.644873 0.509795 0.569428 0.000000 0.000000 0.000000 0.000000 1.000000</float_array>
        <technique_common>
          <accessor source="#mixamorig_LeftArm-Matrix-animation-output-transform-array" count="16" stride="16">
            <param type="float4x4"/>
          </accessor>
        </technique_common>
      </source>
      <source id="mixamorig_LeftArm-Interpolations">
        <Name_array id="mixamorig_LeftArm-Interpolations-array" count="16">
 LINEAR LINEAR LINEAR LINEAR LINEAR LINEAR LINEAR LINEAR LINEAR LINEAR LINEAR
LINEAR LINEAR LINEAR LINEAR LINEAR</Name_array>
        <technique_common>
          <accessor source="#mixamorig_LeftArm-Interpolations-array" count="16">
            <param type="name"/>
          </accessor>
        </technique_common>
      </source>
      <sampler id="mixamorig_LeftArm-Matrix-animation-transform">
        <input semantic="INPUT" source="#mixamorig_LeftArm-Matrix-animation-input"/>
        <input semantic="OUTPUT" source="#mixamorig_LeftArm-Matrix-animation-output-transform"/>
        <input semantic="INTERPOLATION" source="#mixamorig_LeftArm-Interpolations"/>
      </sampler>
      <channel source="#mixamorig_LeftArm-Matrix-animation-transform" target="mixamorig_LeftArm/matrix"/>
    </animation>
    <animation id="mixamorig_LeftForeArm-anim" name="mixamorig_LeftForeArm">
      <source id="mixamorig_LeftForeArm-Matrix-animation-input">
        <float_array id="mixamorig_LeftForeArm-Matrix-animation-input-array" count="16">

0.000000 0.033333 0.066667 0.100000 0.133333 0.166667 0.200000 0.233333 0.266667 0.300000 0.333333 0.366667 0.400000 0.433333 0.466667 0.500000</float_array>
        <technique_common>
