<?xml version="1.0" encoding="utf-8"?>
<COLLADA xmlns="http://www.collada.org/2005/11/COLLADASchema" version="1.4.1">
  <asset>
    <contributor>
      <author>Mixamo</author>
      <authoring_tool>COLLADA Mixamo exporter</authoring_tool>
      <comments/>
    </contributor>
    <created>2025-01-16T06:27:45Z</created>
    <modified>2025-01-16T06:27:45Z</modified>
    <revision/>
    <title/>
    <unit meter="0.010000"/>
    <up_axis>Y_UP</up_axis>
  </asset>
  <library_animations>
    <animation id="mixamorig_Hips-anim" name="mixamorig_Hips">
      <source id="mixamorig_Hips-Matrix-animation-input">
        <float_array id="mixamorig_Hips-Matrix-animation-input-array" count="15">

0.000000 0.033333 0.066667 0.100000 0.133333 0.166667 0.200000 0.233333 0.266667 0.300000 0.333333 0.366667 0.400000 0.433333 0.466667</float_array>
        <technique_common>
          <accessor source="#mixamorig_Hips-Matrix-animation-input-array" count="15">
            <param name="TIME" type="float"/>
          </accessor>
        </technique_common>
      </source>
      <source id="mixamorig_Hips-Matrix-animation-output-transform">
        <float_array id="mixamorig_Hips-Matrix-animation-output-transform-array" count="240">

0.768405 0.026434 -0.639417 -0.018464 -0.095403 0.992713 -0.073609 87.962334 0.632812 0.117564 0.765328 2.457346 0.000000 0.000000 0.000000 1.000000
0.748749 0.020616 -0.662533 0.688112 -0.122825 0.986522 -0.108112 87.999557 0.651375 0.162324 0.741189 2.455363 0.000000 0.000000 0.000000 1.000000
0.757887 0.023910 -0.651948 1.132258 -0.130456 0.984699 -0.115541 87.667526 0.639209 0.172617 0.749410 2.694990 0.000000 0.000000 0.000000 1.000000
0.784364 0.030766 -0.619538 1.726691 -0.123297 0.986573 -0.107108 87.367195 0.607924 0.160399 0.777625 3.802443 0.000000 0.000000 0.000000 1.000000
0.806262 0.036364 -0.590439 1.783829 -0.102630 0.991572 -0.079075 85.352554 0.582587 0.124352 0.803199 4.909696 0.000000 0.000000 0.000000 1.000000
0.822069 0.042299 -0.567814 1.310925 -0.067907 0.997403 -0.024014 81.791870 0.565323 0.058300 0.822807 5.587400 0.000000 0.000000 0.000000 1.000000
0.821604 0.032467 -0.569134 0.385203 -0.024680 0.999467 0.021388 77.926857 0.569525 -0.003526 0.821967 5.113620 0.000000 0.000000 0.000000 1.000000
0.813936 0.012973 -0.580810 -0.551293 0.004937 0.999560 0.029245 75.029556 0.580934 -0.026671 0.813514 2.766402 0.000000 0.000000 0.000000 1.000000
0.824415 0.012557 -0.565846 -1.214363 0.005207 0.999543 0.029768 74.607948 0.565961 -0.027487 0.823973 0.911808 0.000000 0.000000 0.000000 1.000000
0.850165 0.005633 -0.526486 -1.536980 0.013697 0.999368 0.032811 77.500214 0.526338 -0.035107 0.849550 -0.357615 0.000000 0.000000 0.000000 1.000000
0.871331 -0.003707 -0.490682 -1.567152 0.025099 0.998999 0.037023 81.662888 0.490053 -0.044575 0.870552 -0.948130 0.000000 0.000000 0.000000 1.000000
0.867907 0.001032 -0.496725 -0.968805 0.016087 0.999415 0.030184 84.454170 0.496465 -0.034187 0.867383 -0.087782 0.000000 0.000000 0.000000 1.000000
0.836146 0.014196 -0.548324 -0.716125 -0.014106 0.999891 0.004376 86.215004 0.548326 0.004075 0.836255 0.901109 0.000000 0.000000 0.000000 1.000000
0.796912 0.025825 -0.603542 -0.758936 -0.055850 0.997956 -0.031042 87.718849 0.601507 0.058446 0.796726 1.683738 0.000000 0.000000 0.000000 1.000000
0.768325 0.026698 -0.639503 -0.019607 -0.095555 0.992717 -0.073360 87.964897 0.632887 0.117472 0.765281 2.459401 0.000000 0.000000 0.000000 1.000000</float_array>
        <technique_common>
          <accessor source="#mixamorig_Hips-Matrix-animation-output-transform-array" count="15" stride="16">
            <param type="float4x4"/>
          </accessor>
        </technique_common>
      </source>
      <source id="mixamorig_Hips-Interpolations">
        <Name_array id="mixamorig_Hips-Interpolations-array" count="15">
 LINEAR LINEAR LINEAR LINEAR LINEAR LINEAR LINEAR LINEAR LINEAR LINEAR LINEAR
LINEAR LINEAR LINEAR LINEAR</Name_array>
        <technique_common>
          <accessor source="#mixamorig_Hips-Interpolations-array" count="15">
            <param type="name"/>
          </accessor>
        </technique_common>
      </source>
      <sampler id="mixamorig_Hips-Matrix-animation-transform">
        <input semantic="INPUT" source="#mixamorig_Hips-Matrix-animation-input"/>
        <input semantic="OUTPUT" source="#mixamorig_Hips-Matrix-animation-output-transform"/>
        <input semantic="INTERPOLATION" source="#mixamorig_Hips-Interpolations"/>
      </sampler>
      <channel source="#mixamorig_Hips-Matrix-animation-transform" target="mixamorig_Hips/matrix"/>
    </animation>
    <animation id="mixamorig_Spine-anim" name="mixamorig_Spine">
      <source id="mixamorig_Spine-Matrix-animation-input">
        <float_array id="mixamorig_Spine-Matrix-animation-input-array" count="15">

0.000000 0.033333 0.066667 0.100000 0.133333 0.166667 0.200000 0.233333 0.266667 0.300000 0.333333 0.366667 0.400000 0.433333 0.466667</float_array>
        <technique_common>
          <accessor source="#mixamorig_Spine-Matrix-animation-input-array" count="15">
            <param name="TIME" type="float"/>
          </accessor>
        </technique_common>
      </source>
      <source id="mixamorig_Spine-Matrix-animation-output-transform">
        <float_array id="mixamorig_Spine-Matrix-animation-output-transform-array" count="240">

0.999117 -0.000742 0.042008 0.000000 0.003647 0.997601 -0.069124 10.528800 -0.041856 0.069216 0.996723 -0.610600 0.000000 0.000000 0.000000 1.000000
0.998632 0.042621 0.030280 0.000000 -0.040520 0.996935 -0.066920 10.528800 -0.033039 0.065602 0.997299 -0.610600 0.000000 0.000000 0.000000 1.000000
0.998756 0.041781 0.027230 0.000000 -0.039600 0.996304 -0.076226 10.528800 -0.030314 0.075053 0.996719 -0.610600 0.000000 0.000000 0.000000 1.000000
0.998460 0.023112 0.050423 0.000000 -0.019096 0.996713 -0.078734 10.528800 -0.052077 0.077650 0.995620 -0.610600 0.000000 0.000000 0.000000 1.000000
0.995954 0.017943 0.088060 -0.000000 -0.010788 0.996651 -0.081061 10.528800 -0.089219 0.079783 0.992811 -0.610600 0.000000 0.000000 0.000000 1.000000
0.992323 0.034506 0.118764 0.000000 -0.021485 0.993786 -0.109218 10.528800 -0.121795 0.105828 0.986897 -0.610600 0.000000 0.000000 0.000000 1.000000
0.986307 0.060210 0.153533 0.000000 -0.040678 0.991026 -0.127331 10.528800 -0.159822 0.119342 0.979905 -0.610600 0.000000 0.000000 0.000000 1.000000
0.983771 0.033885 0.176202 0.000000 -0.015505 0.994387 -0.104663 10.528800 -0.178759 0.100233 0.978774 -0.610600 0.000000 0.000000 0.000000 1.000000
0.985657 -0.053058 0.160204 -0.000000 0.064594 0.995614 -0.067681 10.528800 -0.155910 0.077058 0.984761 -0.610600 0.000000 0.000000 0.000000 1.000000
0.987934 -0.107531 0.111459 0.000000 0.112307 0.992967 -0.037478 10.528800 -0.106645 0.049544 0.993062 -0.610600 0.000000 0.000000 0.000000 1.000000
0.993301 -0.087648 0.075306 0.000000 0.092795 0.993373 -0.067812 10.528800 -0.068863 0.074346 0.994852 -0.610600 0.000000 0.000000 0.000000 1.000000
0.995813 -0.063672 0.065592 0.000000 0.069934 0.992718 -0.098078 10.528800 -0.058869 0.102255 0.993015 -0.610600 0.000000 0.000000 0.000000 1.000000
0.996298 -0.049031 0.070612 0.000000 0.055418 0.994259 -0.091527 10.528800 -0.065719 0.095101 0.993296 -0.610600 0.000000 0.000000 0.000000 1.000000
0.997368 -0.039499 0.060809 0.000000 0.043918 0.996354 -0.073149 10.528800 -0.057698 0.075627 0.995465 -0.610600 0.000000 0.000000 0.000000 1.000000
0.999108 -0.000571 0.042235 0.000000 0.003508 0.997575 -0.069509 10.528800 -0.042093 0.069595 0.996687 -0.610600 0.000000 0.000000 0.000000 1.000000</float_array>
        <technique_common>
          <accessor source="#mixamorig_Spine-Matrix-animation-output-transform-array" count="15" stride="16">
            <param type="float4x4"/>
          </accessor>
        </technique_common>
      </source>
      <source id="mixamorig_Spine-Interpolations">
        <Name_array id="mixamorig_Spine-Interpolations-array" count="15">
 LINEAR LINEAR LINEAR LINEAR LINEAR LINEAR LINEAR LINEAR LINEAR LINEAR LINEAR
LINEAR LINEAR LINEAR LINEAR</Name_array>
        <technique_common>
          <accessor source="#mixamorig_Spine-Interpolations-array" count="15">
            <param type="name"/>
          </accessor>
        </technique_common>
      </source>
      <sampler id="mixamorig_Spine-Matrix-animation-transform">
        <input semantic="INPUT" source="#mixamorig_Spine-Matrix-animation-input"/>
        <input semantic="OUTPUT" source="#mixamorig_Spine-Matrix-animation-output-transform"/>
        <input semantic="INTERPOLATION" source="#mixamorig_Spine-Interpolations"/>
      </sampler>
      <channel source="#mixamorig_Spine-Matrix-animation-transform" target="mixamorig_Spine/matrix"/>
    </animation>
    <animation id="mixamorig_Spine1-anim" name="mixamorig_Spine1">
      <source id="mixamorig_Spine1-Matrix-animation-input">
        <float_array id="mixamorig_Spine1-Matrix-animation-input-array" count="15">

0.000000 0.033333 0.066667 0.100000 0.133333 0.166667 0.200000 0.233333 0.266667 0.300000 0.333333 0.366667 0.400000 0.433333 0.466667</float_array>
        <technique_common>
          <accessor source="#mixamorig_Spine1-Matrix-animation-input-array" count="15">
            <param name="TIME" type="float"/>
          </accessor>
        </technique_common>
      </source>
      <source id="mixamorig_Spine1-Matrix-animation-output-transform">
        <float_array id="mixamorig_Spine1-Matrix-animation-output-transform-array" count="240">

0.999668 -0.025761 0.000030 0.000000 0.025707 0.997669 0.063219 11.377000 -0.001659 -0.063197 0.998000 0.000000 0.000000 0.000000 0.000000 1.000000
0.999520 -0.030842 -0.002832 0.000000 0.030957 0.997697 0.060354 11.377000 0.000964 -0.060412 0.998173 0.000000 0.000000 0.000000 0.000000 1.000000
0.999710 -0.024048 -0.001517 0.000000 0.024095 0.997866 0.060684 11.377000 0.000055 -0.060702 0.998156 0.000000 0.000000 0.000000 0.000000 1.000000
0.999788 -0.020398 0.002631 0.000000 0.020196 0.997882 0.061829 11.377000 -0.003886 -0.061762 0.998083 0.000000 0.000000 0.000000 0.000000 1.000000
0.999699 -0.023457 0.007127 0.000000 0.022942 0.997605 0.065249 11.377000 -0.008640 -0.065065 0.997844 0.000000 0.000000 0.000000 0.000000 1.000000
0.999475 -0.031002 0.009372 -0.000000 0.030177 0.996489 0.078096 11.377000 -0.011760 -0.077772 0.996902 0.000000 0.000000 0.000000 0.000000 1.000000
0.999290 -0.035370 0.012970 0.000000 0.034105 0.995592 0.087375 11.377000 -0.016003 -0.086870 0.996091 0.000000 0.000000 0.000000 0.000000 1.000000
0.999616 -0.019659 0.019527 0.000000 0.018089 0.996825 0.077536 11.377000 -0.020989 -0.077153 0.996798 0.000000 0.000000 0.000000 0.000000 1.000000
0.999698 0.006826 0.023598 0.000000 -0.008066 0.998569 0.052863 11.377000 -0.023204 -0.053038 0.998323 0.000000 0.000000 0.000000 0.000000 1.000000
0.999522 0.022181 0.021538 -0.000000 -0.022833 0.999273 0.030535 11.377000 -0.020845 -0.031012 0.999302 0.000000 0.000000 0.000000 0.000000 1.000000
0.999787 0.014375 0.014813 0.000000 -0.014960 0.999081 0.040164 11.377000 -0.014222 -0.040377 0.999083 0.000000 0.000000 0.000000 0.000000 1.000000
0.999955 -0.001143 0.009468 0.000000 0.000592 0.998321 0.057922 11.377000 -0.009518 -0.057913 0.998276 0.000000 0.000000 0.000000 0.000000 1.000000
0.999879 -0.013929 0.006926 0.000000 0.013439 0.997706 0.066346 11.377000 -0.007834 -0.066245 0.997773 -0.000000 0.000000 0.000000 0.000000 1.000000
0.999829 -0.017884 0.004659 -0.000000 0.017548 0.997782 0.064210 11.377000 -0.005797 -0.064117 0.997926 -0.000000 0.000000 0.000000 0.000000 1.000000
0.999669 -0.025729 0.000071 -0.000000 0.025674 0.997676 0.063111 11.377000 -0.001694 -0.063088 0.998007 -0.000000 0.000000 0.000000 0.000000 1.000000</float_array>
        <technique_common>
          <accessor source="#mixamorig_Spine1-Matrix-animation-output-transform-array" count="15" stride="16">
            <param type="float4x4"/>
          </accessor>
        </technique_common>
      </source>
      <source id="mixamorig_Spine1-Interpolations">
        <Name_array id="mixamorig_Spine1-Interpolations-array" count="15">
 LINEAR LINEAR LINEAR LINEAR LINEAR LINEAR LINEAR LINEAR LINEAR LINEAR LINEAR
LINEAR LINEAR LINEAR LINEAR</Name_array>
        <technique_common>
          <accessor source="#mixamorig_Spine1-Interpolations-array" count="15">
            <param type="name"/>
          </accessor>
        </technique_common>
      </source>
      <sampler id="mixamorig_Spine1-Matrix-animation-transform">
        <input semantic="INPUT" source="#mixamorig_Spine1-Matrix-animation-input"/>
        <input semantic="OUTPUT" source="#mixamorig_Spine1-Matrix-animation-output-transform"/>
        <input semantic="INTERPOLATION" source="#mixamorig_Spine1-Interpolations"/>
      </sampler>
      <channel source="#mixamorig_Spine1-Matrix-animation-transform" target="mixamorig_Spine1/matrix"/>
    </animation>
    <animation id="mixamorig_Spine2-anim" name="mixamorig_Spine2">
      <source id="mixamorig_Spine2-Matrix-animation-input">
        <float_array id="mixamorig_Spine2-Matrix-animation-input-array" count="15">

0.000000 0.033333 0.066667 0.100000 0.133333 0.166667 0.200000 0.233333 0.266667 0.300000 0.333333 0.366667 0.400000 0.433333 0.466667</float_array>
        <technique_common>
          <accessor source="#mixamorig_Spine2-Matrix-animation-input-array" count="15">
            <param name="TIME" type="float"/>
          </accessor>
        </technique_common>
      </source>
      <source id="mixamorig_Spine2-Matrix-animation-output-transform">
        <float_array id="mixamorig_Spine2-Matrix-animation-output-transform-array" count="240">

0.999666 -0.025794 -0.001448 -0.000000 0.025834 0.997985 0.057944 14.062000 -0.000050 -0.057963 0.998319 0.000000 0.000000 0.000000 0.000000 1.000000
0.999518 -0.030724 -0.004494 0.000000 0.030925 0.998004 0.055059 14.062000 0.002793 -0.055172 0.998473 -0.000000 0.000000 0.000000 0.000000 1.000000
0.999708 -0.024015 -0.002797 0.000000 0.024133 0.998174 0.055379 14.062000 0.001461 -0.055430 0.998462 0.000000 0.000000 0.000000 0.000000 1.000000
0.999786 -0.020629 0.001506 0.000000 0.020510 0.998188 0.056578 14.062000 -0.002670 -0.056535 0.998397 0.000000 0.000000 0.000000 0.000000 1.000000
0.999696 -0.023964 0.005811 0.000000 0.023572 0.997913 0.060110 14.062000 -0.007240 -0.059955 0.998175 0.000000 0.000000 0.000000 0.000000 1.000000
0.999474 -0.031478 0.007740 0.000000 0.030829 0.996845 0.073139 14.062000 -0.010018 -0.072862 0.997292 0.000000 0.000000 0.000000 0.000000 1.000000
0.999294 -0.035861 0.011181 -0.000000 0.034817 0.995971 0.082642 14.062000 -0.014100 -0.082194 0.996517 0.000000 0.000000 0.000000 0.000000 1.000000
0.999616 -0.020699 0.018448 0.000000 0.019309 0.997177 0.072564 14.062000 -0.019898 -0.072180 0.997193 -0.000000 0.000000 0.000000 0.000000 1.000000
0.999708 0.005127 0.023632 0.000000 -0.006240 0.998863 0.047266 14.062000 -0.023363 -0.047400 0.998603 0.000000 0.000000 0.000000 0.000000 1.000000
0.999547 0.020365 0.022154 0.000000 -0.020911 0.999477 0.024684 14.062000 -0.021639 -0.025136 0.999450 0.000000 0.000000 0.000000 0.000000 1.000000
0.999798 0.013260 0.015107 0.000000 -0.013776 0.999307 0.034572 14.062000 -0.014638 -0.034773 0.999288 -0.000000 0.000000 0.000000 0.000000 1.000000
0.999957 -0.001757 0.009131 -0.000000 0.001275 0.998618 0.052539 14.062000 -0.009211 -0.052525 0.998577 0.000000 0.000000 0.000000 0.000000 1.000000
0.999879 -0.014358 0.006031 -0.000000 0.013963 0.998036 0.061070 14.062000 -0.006896 -0.060978 0.998115 0.000000 0.000000 0.000000 0.000000 1.000000
0.999828 -0.018193 0.003526 0.000000 0.017954 0.998100 0.058945 14.062000 -0.004591 -0.058872 0.998255 0.000000 0.000000 0.000000 0.000000 1.000000
0.999667 -0.025765 -0.001406 0.000000 0.025803 0.997993 0.057835 14.062000 -0.000087 -0.057852 0.998325 0.000000 0.000000 0.000000 0.000000 1.000000</float_array>
        <technique_common>
          <accessor source="#mixamorig_Spine2-Matrix-animation-output-transform-array" count="15" stride="16">
            <param type="float4x4"/>
          </accessor>
        </technique_common>
      </source>
      <source id="mixamorig_Spine2-Interpolations">
        <Name_array id="mixamorig_Spine2-Interpolations-array" count="15">
 LINEAR LINEAR LINEAR LINEAR LINEAR LINEAR LINEAR LINEAR LINEAR LINEAR LINEAR
LINEAR LINEAR LINEAR LINEAR</Name_array>
        <technique_common>
          <accessor source="#mixamorig_Spine2-Interpolations-array" count="15">
            <param type="name"/>
          </accessor>
        </technique_common>
      </source>
      <sampler id="mixamorig_Spine2-Matrix-animation-transform">
        <input semantic="INPUT" source="#mixamorig_Spine2-Matrix-animation-input"/>
        <input semantic="OUTPUT" source="#mixamorig_Spine2-Matrix-animation-output-transform"/>
        <input semantic="INTERPOLATION" source="#mixamorig_Spine2-Interpolations"/>
      </sampler>
      <channel source="#mixamorig_Spine2-Matrix-animation-transform" target="mixamorig_Spine2/matrix"/>
    </animation>
    <animation id="mixamorig_Neck-anim" name="mixamorig_Neck">
      <source id="mixamorig_Neck-Matrix-animation-input">
        <float_array id="mixamorig_Neck-Matrix-animation-input-array" count="15">

0.000000 0.033333 0.066667 0.100000 0.133333 0.166667 0.200000 0.233333 0.266667 0.300000 0.333333 0.366667 0.400000 0.433333 0.466667</float_array>
        <technique_common>
          <accessor source="#mixamorig_Neck-Matrix-animation-input-array" count="15">
            <param name="TIME" type="float"/>
          </accessor>
        </technique_common>
      </source>
      <source id="mixamorig_Neck-Matrix-animation-output-transform">
        <float_array id="mixamorig_Neck-Matrix-animation-output-transform-array" count="240">

0.986143 0.150118 0.070610 -0.000000 -0.133003 0.969823 -0.204335 10.523900 -0.099154 0.192112 0.976351 0.000000 0.000000 0.000000 0.000000 1.000000
0.987422 0.142070 0.069387 -0.000000 -0.126399 0.972948 -0.193378 10.523900 -0.094983 0.182175 0.978668 -0.000000 0.000000 0.000000 0.000000 1.000000
0.985635 0.153062 0.071378 0.000000 -0.135962 0.969846 -0.202268 10.523900 -0.100185 0.189658 0.976726 0.000000 0.000000 0.000000 0.000000 1.000000
0.984932 0.158653 0.068835 0.000000 -0.140881 0.966900 -0.212735 10.523900 -0.100308 0.199832 0.974682 0.000000 0.000000 0.000000 0.000000 1.000000
0.985178 0.158428 0.065769 -0.000000 -0.140573 0.965375 -0.219751 10.523900 -0.098307 0.207248 0.973337 -0.000000 0.000000 0.000000 0.000000 1.000000
0.985556 0.156976 0.063538 -0.000000 -0.138916 0.963978 -0.226825 10.523900 -0.096855 0.214723 0.971861 0.000000 0.000000 0.000000 0.000000 1.000000
0.984817 0.160717 0.065616 0.000000 -0.141750 0.962697 -0.230482 10.523900 -0.100211 0.217681 0.970862 0.000000 0.000000 0.000000 0.000000 1.000000
0.981759 0.174680 0.075075 0.000000 -0.153461 0.961136 -0.229494 10.523900 -0.112245 0.213787 0.970410 -0.000000 0.000000 0.000000 0.000000 1.000000
0.978080 0.190841 0.083299 0.000000 -0.166984 0.957846 -0.233766 10.523900 -0.124400 0.214732 0.968718 0.000000 0.000000 0.000000 0.000000 1.000000
0.976846 0.196952 0.083551 0.000000 -0.171473 0.954303 -0.244750 10.523900 -0.127937 0.224757 0.965980 0.000000 0.000000 0.000000 0.000000 1.000000
0.978190 0.193197 0.076279 -0.000000 -0.168242 0.952325 -0.254503 10.523900 -0.121811 0.236119 0.964059 0.000000 0.000000 0.000000 0.000000 1.000000
0.978432 0.193282 0.072893 0.000000 -0.168865 0.951629 -0.256683 10.523900 -0.118979 0.238838 0.963743 0.000000 0.000000 0.000000 0.000000 1.000000
0.978938 0.189940 0.074860 0.000000 -0.166207 0.954383 -0.248050 10.523900 -0.118560 0.230383 0.965851 0.000000 0.000000 0.000000 0.000000 1.000000
0.982439 0.171282 0.074004 0.000000 -0.150681 0.962233 -0.226721 10.523900 -0.110043 0.211588 0.971144 0.000000 0.000000 0.000000 0.000000 1.000000
0.986132 0.150217 0.070566 -0.000000 -0.133096 0.969784 -0.204460 10.523900 -0.099147 0.192232 0.976328 -0.000000 0.000000 0.000000 0.000000 1.000000</float_array>
        <technique_common>
          <accessor source="#mixamorig_Neck-Matrix-animation-output-transform-array" count="15" stride="16">
            <param type="float4x4"/>
          </accessor>
        </technique_common>
      </source>
      <source id="mixamorig_Neck-Interpolations">
        <Name_array id="mixamorig_Neck-Interpolations-array" count="15">
 LINEAR LINEAR LINEAR LINEAR LINEAR LINEAR LINEAR LINEAR LINEAR LINEAR LINEAR
LINEAR LINEAR LINEAR LINEAR</Name_array>
        <technique_common>
          <accessor source="#mixamorig_Neck-Interpolations-array" count="15">
            <param type="name"/>
          </accessor>
        </technique_common>
      </source>
      <sampler id="mixamorig_Neck-Matrix-animation-transform">
        <input semantic="INPUT" source="#mixamorig_Neck-Matrix-animation-input"/>
        <input semantic="OUTPUT" source="#mixamorig_Neck-Matrix-animation-output-transform"/>
        <input semantic="INTERPOLATION" source="#mixamorig_Neck-Interpolations"/>
      </sampler>
      <channel source="#mixamorig_Neck-Matrix-animation-transform" target="mixamorig_Neck/matrix"/>
    </animation>
    <animation id="mixamorig_Head-anim" name="mixamorig_Head">
      <source id="mixamorig_Head-Matrix-animation-input">
        <float_array id="mixamorig_Head-Matrix-animation-input-array" count="15">

0.000000 0.033333 0.066667 0.100000 0.133333 0.166667 0.200000 0.233333 0.266667 0.300000 0.333333 0.366667 0.400000 0.433333 0.466667</float_array>
        <technique_common>
          <accessor source="#mixamorig_Head-Matrix-animation-input-array" count="15">
            <param name="TIME" type="float"/>
          </accessor>
        </technique_common>
      </source>
      <source id="mixamorig_Head-Matrix-animation-output-transform">
        <float_array id="mixamorig_Head-Matrix-animation-output-transform-array" count="240">

0.989106 0.135855 0.056688 0.000000 -0.092808 0.874413 -0.476224 13.606700 -0.114266 0.465775 0.877495 1.762900 0.000000 0.000000 0.000000 1.000000
0.991407 0.110631 0.069810 -0.000000 -0.067326 0.889061 -0.452811 13.606700 -0.112160 0.444219 0.888870 1.762900 0.000000 0.000000 0.000000 1.000000
0.993385 0.099677 0.057023 0.000000 -0.061788 0.882502 -0.466233 13.606700 -0.096795 0.459625 0.882822 1.762900 0.000000 0.000000 0.000000 1.000000
0.995253 0.091318 0.033657 -0.000000 -0.063450 0.871051 -0.487077 13.606700 -0.073796 0.482629 0.872710 1.762900 0.000000 0.000000 0.000000 1.000000
0.997106 0.073327 0.020083 -0.000000 -0.053197 0.861620 -0.504759 13.606700 -0.054317 0.502230 0.863027 1.762900 0.000000 0.000000 0.000000 1.000000
0.997565 0.068830 0.011227 0.000000 -0.052597 0.848249 -0.526979 13.606700 -0.045796 0.525105 0.849804 1.762900 0.000000 0.000000 0.000000 1.000000
0.997037 0.076327 0.009599 -0.000000 -0.058642 0.834859 -0.547332 13.606700 -0.049790 0.545147 0.836861 1.762900 0.000000 0.000000 0.000000 1.000000
0.995425 0.093672 0.018857 0.000000 -0.067218 0.826752 -0.558537 13.606700 -0.067909 0.554714 0.829265 1.762900 0.000000 0.000000 0.000000 1.000000
0.993218 0.114715 0.018949 0.000000 -0.083547 0.817491 -0.569849 13.606700 -0.080861 0.564401 0.821531 1.762900 0.000000 0.000000 0.000000 1.000000
0.992116 0.125107 0.007295 0.000000 -0.097188 0.804848 -0.585469 13.606700 -0.079118 0.580144 0.810662 1.762900 0.000000 0.000000 0.000000 1.000000
0.993496 0.113237 -0.011923 0.000000 -0.098708 0.804327 -0.585931 13.606700 -0.056759 0.583297 0.810273 1.762900 0.000000 0.000000 0.000000 1.000000
0.993767 0.109604 -0.020355 -0.000000 -0.101761 0.817334 -0.567107 13.606700 -0.045521 0.565643 0.823393 1.762900 0.000000 0.000000 0.000000 1.000000
0.992278 0.124023 -0.001624 0.000000 -0.105036 0.833260 -0.542812 13.606700 -0.065968 0.538791 0.839853 1.762900 0.000000 0.000000 0.000000 1.000000
0.989220 0.143268 0.030301 -0.000000 -0.107936 0.853190 -0.510311 13.606700 -0.098963 0.501539 0.859456 1.762900 0.000000 0.000000 0.000000 1.000000
0.989221 0.135098 0.056489 0.000000 -0.092234 0.874480 -0.476211 13.606700 -0.113733 0.465868 0.877515 1.762900 0.000000 0.000000 0.000000 1.000000</float_array>
        <technique_common>
          <accessor source="#mixamorig_Head-Matrix-animation-output-transform-array" count="15" stride="16">
            <param type="float4x4"/>
          </accessor>
        </technique_common>
      </source>
      <source id="mixamorig_Head-Interpolations">
        <Name_array id="mixamorig_Head-Interpolations-array" count="15">
 LINEAR LINEAR LINEAR LINEAR LINEAR LINEAR LINEAR LINEAR LINEAR LINEAR LINEAR
LINEAR LINEAR LINEAR LINEAR</Name_array>
        <technique_common>
          <accessor source="#mixamorig_Head-Interpolations-array" count="15">
            <param type="name"/>
          </accessor>
        </technique_common>
      </source>
      <sampler id="mixamorig_Head-Matrix-animation-transform">
        <input semantic="INPUT" source="#mixamorig_Head-Matrix-animation-input"/>
        <input semantic="OUTPUT" source="#mixamorig_Head-Matrix-animation-output-transform"/>
        <input semantic="INTERPOLATION" source="#mixamorig_Head-Interpolations"/>
      </sampler>
      <channel source="#mixamorig_Head-Matrix-animation-transform" target="mixamorig_Head/matrix"/>
    </animation>
    <animation id="mixamorig_HeadTop_End-anim" name="mixamorig_HeadTop_End">
      <source id="mixamorig_HeadTop_End-Matrix-animation-input">
        <float_array id="mixamorig_HeadTop_End-Matrix-animation-input-array" count="15">

0.000000 0.033333 0.066667 0.100000 0.133333 0.166667 0.200000 0.233333 0.266667 0.300000 0.333333 0.366667 0.400000 0.433333 0.466667</float_array>
        <technique_common>
          <accessor source="#mixamorig_HeadTop_End-Matrix-animation-input-array" count="15">
            <param name="TIME" type="float"/>
          </accessor>
        </technique_common>
      </source>
      <source id="mixamorig_HeadTop_End-Matrix-animation-output-transform">
        <float_array id="mixamorig_HeadTop_End-Matrix-animation-output-transform-array" count="240">

1.000000 -0.000000 -0.000000 0.000000 0.000000 0.948237 0.317563 31.591200 0.000000 -0.317563 0.948237 -0.362600 0.000000 0.000000 0.000000 1.000000
1.000000 -0.000000 0.000000 0.000000 0.000000 0.948237 0.317563 31.591200 -0.000000 -0.317563 0.948237 -0.362600 0.000000 0.000000 0.000000 1.000000
1.000000 0.000000 0.000000 0.000000 0.000000 0.948237 0.317563 31.591200 0.000000 -0.317563 0.948237 -0.362600 0.000000 0.000000 0.000000 1.000000
1.000000 0.000000 0.000000 0.000000 0.000000 0.948237 0.317563 31.591200 -0.000000 -0.317563 0.948237 -0.362600 0.000000 0.000000 0.000000 1.000000
1.000000 0.000000 0.000000 0.000000 -0.000000 0.948237 0.317563 31.591200 -0.000000 -0.317563 0.948237 -0.362600 0.000000 0.000000 0.000000 1.000000
1.000000 -0.000000 0.000000 0.000000 -0.000000 0.948237 0.317563 31.591200 -0.000000 -0.317563 0.948237 -0.362600 0.000000 0.000000 0.000000 1.000000
1.000000 0.000000 0.000000 0.000000 -0.000000 0.948237 0.317563 31.591200 -0.000000 -0.317563 0.948237 -0.362600 0.000000 0.000000 0.000000 1.000000
1.000000 0.000000 0.000000 0.000000 0.000000 0.948237 0.317563 31.591200 -0.000000 -0.317563 0.948237 -0.362600 0.000000 0.000000 0.000000 1.000000
1.000000 0.000000 -0.000000 0.000000 0.000000 0.948237 0.317563 31.591200 0.000000 -0.317563 0.948237 -0.362600 0.000000 0.000000 0.000000 1.000000
1.000000 0.000000 0.000000 0.000000 -0.000000 0.948237 0.317563 31.591200 0.000000 -0.317563 0.948237 -0.362600 0.000000 0.000000 0.000000 1.000000
1.000000 0.000000 0.000000 0.000000 -0.000000 0.948237 0.317563 31.591200 -0.000000 -0.317563 0.948237 -0.362600 0.000000 0.000000 0.000000 1.000000
1.000000 -0.000000 0.000000 0.000000 0.000000 0.948237 0.317563 31.591200 -0.000000 -0.317563 0.948237 -0.362600 0.000000 0.000000 0.000000 1.000000
1.000000 0.000000 -0.000000 -0.000000 0.000000 0.948237 0.317563 31.591200 0.000000 -0.317563 0.948237 -0.362600 0.000000 0.000000 0.000000 1.000000
1.000000 -0.000000 0.000000 -0.000000 0.000000 0.948237 0.317563 31.591200 0.000000 -0.317563 0.948237 -0.362600 0.000000 0.000000 0.000000 1.000000
1.000000 -0.000000 0.000000 -0.000000 0.000000 0.948237 0.317563 31.591200 0.000000 -0.317563 0.948237 -0.362600 0.000000 0.000000 0.000000 1.000000</float_array>
        <technique_common>
          <accessor source="#mixamorig_HeadTop_End-Matrix-animation-output-transform-array" count="15" stride="16">
            <param type="float4x4"/>
          </accessor>
        </technique_common>
      </source>
      <source id="mixamorig_HeadTop_End-Interpolations">
        <Name_array id="mixamorig_HeadTop_End-Interpolations-array" count="15">
 LINEAR LINEAR LINEAR LINEAR LINEAR LINEAR LINEAR LINEAR LINEAR LINEAR LINEAR
LINEAR LINEAR LINEAR LINEAR</Name_array>
        <technique_common>
          <accessor source="#mixamorig_HeadTop_End-Interpolations-array" count="15">
            <param type="name"/>
          </accessor>
        </technique_common>
      </source>
      <sampler id="mixamorig_HeadTop_End-Matrix-animation-transform">
        <input semantic="INPUT" source="#mixamorig_HeadTop_End-Matrix-animation-input"/>
        <input semantic="OUTPUT" source="#mixamorig_HeadTop_End-Matrix-animation-output-transform"/>
        <input semantic="INTERPOLATION" source="#mixamorig_HeadTop_End-Interpolations"/>
      </sampler>
      <channel source="#mixamorig_HeadTop_End-Matrix-animation-transform" target="mixamorig_HeadTop_End/matrix"/>
    </animation>
    <animation id="mixamorig_LeftShoulder-anim" name="mixamorig_LeftShoulder">
      <source id="mixamorig_LeftShoulder-Matrix-animation-input">
        <float_array id="mixamorig_LeftShoulder-Matrix-animation-input-array" count="15">

0.000000 0.033333 0.066667 0.100000 0.133333 0.166667 0.200000 0.233333 0.266667 0.300000 0.333333 0.366667 0.400000 0.433333 0.466667</float_array>
        <technique_common>
          <accessor source="#mixamorig_LeftShoulder-Matrix-animation-input-array" count="15">
            <param name="TIME" type="float"/>
          </accessor>
        </technique_common>
      </source>
      <source id="mixamorig_LeftShoulder-Matrix-animation-output-transform">
        <float_array id="mixamorig_LeftShoulder-Matrix-animation-output-transform-array" count="240">

-0.384061 0.908133 -0.166708 15.012800 0.296081 -0.049886 -0.953859 10.656300 -0.874547 -0.415699 -0.249722 2.636800 0.000000 0.000000 0.000000 1.000000
-0.355047 0.921643 -0.156578 15.012800 0.300633 -0.046028 -0.952628 10.656300 -0.885190 -0.385300 -0.260735 2.636800 0.000000 0.000000 0.000000 1.000000
-0.330068 0.928291 -0.171265 15.012800 0.315773 -0.062399 -0.946781 10.656300 -0.889574 -0.366583 -0.272534 2.636800 0.000000 0.000000 0.000000 1.000000
-0.321331 0.928876 -0.184215 15.012800 0.324333 -0.074814 -0.942980 10.656300 -0.889694 -0.362755 -0.277225 2.636800 0.000000 0.000000 0.000000 1.000000
-0.323811 0.926929 -0.189601 15.012800 0.325687 -0.078945 -0.942176 10.656300 -0.888299 -0.366837 -0.276325 2.636800 0.000000 0.000000 0.000000 1.000000
-0.344474 0.918598 -0.193688 15.012800 0.321633 -0.078351 -0.943617 10.656300 -0.881981 -0.387348 -0.268461 2.636800 0.000000 0.000000 0.000000 1.000000
-0.375193 0.904154 -0.204293 15.012800 0.318370 -0.081291 -0.944475 10.656300 -0.870558 -0.419401 -0.257355 2.636800 0.000000 0.000000 0.000000 1.000000
-0.404805 0.883152 -0.237013 15.012800 0.326873 -0.102312 -0.939514 10.656300 -0.853983 -0.457793 -0.247262 2.636800 0.000000 0.000000 0.000000 1.000000
-0.430890 0.855470 -0.287236 15.012800 0.345713 -0.137526 -0.928207 10.656300 -0.833556 -0.499257 -0.236489 2.636800 0.000000 0.000000 0.000000 1.000000
-0.441498 0.845881 -0.299273 15.012800 0.349158 -0.145285 -0.925733 10.656300 -0.826540 -0.513203 -0.231203 2.636800 0.000000 0.000000 0.000000 1.000000
-0.417061 0.860300 -0.293161 15.012800 0.349939 -0.145690 -0.925374 10.656300 -0.838810 -0.488526 -0.240290 2.636800 0.000000 0.000000 0.000000 1.000000
-0.378434 0.879125 -0.289702 15.012800 0.355600 -0.150882 -0.922379 10.656300 -0.854597 -0.452077 -0.255518 2.636800 0.000000 0.000000 0.000000 1.000000
-0.376759 0.890195 -0.256136 15.012800 0.339873 -0.124380 -0.932210 10.656300 -0.861707 -0.438273 -0.255692 2.636800 0.000000 0.000000 0.000000 1.000000
-0.393011 0.897391 -0.200579 15.012800 0.309564 -0.076277 -0.947814 10.656300 -0.865860 -0.434593 -0.247822 2.636800 0.000000 0.000000 0.000000 1.000000
-0.383460 0.908481 -0.166194 15.012800 0.296072 -0.049531 -0.953881 10.656300 -0.874814 -0.414980 -0.249982 2.636800 0.000000 0.000000 0.000000 1.000000</float_array>
        <technique_common>
          <accessor source="#mixamorig_LeftShoulder-Matrix-animation-output-transform-array" count="15" stride="16">
            <param type="float4x4"/>
          </accessor>
        </technique_common>
      </source>
      <source id="mixamorig_LeftShoulder-Interpolations">
        <Name_array id="mixamorig_LeftShoulder-Interpolations-array" count="15">
 LINEAR LINEAR LINEAR LINEAR LINEAR LINEAR LINEAR LINEAR LINEAR LINEAR LINEAR
LINEAR LINEAR LINEAR LINEAR</Name_array>
        <technique_common>
          <accessor source="#mixamorig_LeftShoulder-Interpolations-array" count="15">
            <param type="name"/>
          </accessor>
        </technique_common>
      </source>
      <sampler id="mixamorig_LeftShoulder-Matrix-animation-transform">
        <input semantic="INPUT" source="#mixamorig_LeftShoulder-Matrix-animation-input"/>
        <input semantic="OUTPUT" source="#mixamorig_LeftShoulder-Matrix-animation-output-transform"/>
        <input semantic="INTERPOLATION" source="#mixamorig_LeftShoulder-Interpolations"/>
      </sampler>
      <channel source="#mixamorig_LeftShoulder-Matrix-animation-transform" target="mixamorig_LeftShoulder/matrix"/>
    </animation>
    <animation id="mixamorig_LeftArm-anim" name="mixamorig_LeftArm">
      <source id="mixamorig_LeftArm-Matrix-animation-input">
        <float_array id="mixamorig_LeftArm-Matrix-animation-input-array" count="15">

0.000000 0.033333 0.066667 0.100000 0.133333 0.166667 0.200000 0.233333 0.266667 0.300000 0.333333 0.366667 0.400000 0.433333 0.466667</float_array>
        <technique_common>
          <accessor source="#mixamorig_LeftArm-Matrix-animation-input-array" count="15">
            <param name="TIME" type="float"/>
          </accessor>
        </technique_common>
      </source>
      <source id="mixamorig_LeftArm-Matrix-animation-output-transform">
        <float_array id="mixamorig_LeftArm-Matrix-animation-output-transform-array" count="240">

0.646021 -0.747376 0.155198 -0.000000 0.590262 0.360205 -0.722387 29.132500 0.483992 0.558284 0.673848 0.000000 0.000000 0.000000 0.000000 1.000000
0.621724 -0.779056 0.080812 0.000000 0.570969 0.380183 -0.727637 29.132500 0.536147 0.498531 0.681186 0.000000 0.000000 0.000000 0.000000 1.000000
0.606290 -0.793355 0.054778 -0.000000 0.566050 0.382146 -0.730447 29.132500 0.558570 0.473870 0.680769 -0.000000 0.000000 0.000000 0.000000 1.000000
0.601131 -0.793922 0.091268 0.000000 0.580223 0.355063 -0.732988 29.132500 0.549529 0.493578 0.674091 -0.000000 0.000000 0.000000 0.000000 1.000000
0.591610 -0.795335 0.132058 -0.000000 0.605747 0.330403 -0.723812 29.132500 0.532041 0.508208 0.677242 0.000000 0.000000 0.000000 0.000000 1.000000
0.587696 -0.789148 0.178490 0.000000 0.632760 0.310816 -0.709231 29.132500 0.504211 0.529754 0.682006 0.000000 0.000000 0.000000 0.000000 1.000000
0.600233 -0.769389 0.218542 -0.000000 0.648111 0.307756 -0.696590 29.132500 0.468691 0.559756 0.683375 0.000000 0.000000 0.000000 0.000000 1.000000
0.633673 -0.730600 0.254327 0.000000 0.661884 0.341844 -0.667122 29.132500 0.400459 0.591072 0.700190 0.000000 0.000000 0.000000 0.000000 1.000000
0.650744 -0.696712 0.301869 0.000000 0.686041 0.369124 -0.626973 29.132500 0.325393 0.615094 0.718178 0.000000 0.000000 0.000000 0.000000 1.000000
0.642334 -0.684884 0.344008 0.000000 0.703048 0.347809 -0.620284 29.132500 0.305174 0.640283 0.704916 -0.000000 0.000000 0.000000 0.000000 1.000000
0.634526 -0.701712 0.324001 0.000000 0.694430 0.333551 -0.637582 29.132500 0.339328 0.629558 0.698937 0.000000 0.000000 0.000000 0.000000 1.000000
0.637546 -0.725321 0.259700 0.000000 0.660421 0.340957 -0.669023 29.132500 0.396710 0.598044 0.696394 0.000000 0.000000 0.000000 0.000000 1.000000
0.645114 -0.728432 0.230683 -0.000000 0.634963 0.343141 -0.692154 29.132500 0.425030 0.592993 0.683892 0.000000 0.000000 0.000000 0.000000 1.000000
0.652411 -0.727495 0.212395 -0.000000 0.615517 0.345130 -0.708536 29.132500 0.442153 0.592989 0.672952 0.000000 0.000000 0.000000 0.000000 1.000000
0.645937 -0.747723 0.153871 0.000000 0.589487 0.360483 -0.722881 29.132500 0.485047 0.557640 0.673622 -0.000000 0.000000 0.000000 0.000000 1.000000</float_array>
        <technique_common>
          <accessor source="#mixamorig_LeftArm-Matrix-animation-output-transform-array" count="15" stride="16">
            <param type="float4x4"/>
          </accessor>
        </technique_common>
      </source>
      <source id="mixamorig_LeftArm-Interpolations">
        <Name_array id="mixamorig_LeftArm-Interpolations-array" count="15">
 LINEAR LINEAR LINEAR LINEAR LINEAR LINEAR LINEAR LINEAR LINEAR LINEAR LINEAR
LINEAR LINEAR LINEAR LINEAR</Name_array>
        <technique_common>
          <accessor source="#mixamorig_LeftArm-Interpolations-array" count="15">
            <param type="name"/>
          </accessor>
        </technique_common>
      </source>
      <sampler id="mixamorig_LeftArm-Matrix-animation-transform">
        <input semantic="INPUT" source="#mixamorig_LeftArm-Matrix-animation-input"/>
        <input semantic="OUTPUT" source="#mixamorig_LeftArm-Matrix-animation-output-transform"/>
        <input semantic="INTERPOLATION" source="#mixamorig_LeftArm-Interpolations"/>
      </sampler>
      <channel source="#mixamorig_LeftArm-Matrix-animation-transform" target="mixamorig_LeftArm/matrix"/>
    </animation>
    <animation id="mixamorig_LeftForeArm-anim" name="mixamorig_LeftForeArm">
      <source id="mixamorig_LeftForeArm-Matrix-animation-input">
        <float_array id="mixamorig_LeftForeArm-Matrix-animation-input-array" count="15">

0.000000 0.033333 0.066667 0.100000 0.133333 0.166667 0.200000 0.233333 0.266667 0.300000 0.333333 0.366667 0.400000 0.433333 0.466667</float_array>
        <technique_common>
          <accessor source="#mixamorig_LeftForeArm-Matrix-animation-input-array" count="15">
            <param name="TIME" type="float"/>
          </accessor>
        </technique_common>
      </source>
      <source id="mixamorig_LeftForeArm-Matrix-animation-output-transform">
        <float_array id="mixamorig_LeftForeArm-Matrix-animation-output-transform-array" count="240">

-0.622680 -0.777316 -0.089720 0.000000 0.769667 -0.587785 -0.249240 29.787100 0.141002 -0.224251 0.964277 0.000000 0.000000 0.000000 0.000000 1.000000
-0.588656 -0.802883 -0.094147 0.000000 0.795391 -0.554456 -0.244810 29.787100 0.144353 -0.218993 0.964989 0.000000 0.000000 0.000000 0.000000 1.000000
-0.578035 -0.810409 -0.095462 0.000000 0.802966 -0.544052 -0.243419 29.787100 0.145333 -0.217358 0.965212 0.000000 0.000000 0.000000 0.000000 1.000000
-0.603552 -0.791969 -0.092251 0.000000 0.784409 -0.569047 -0.246755 29.787100 0.142928 -0.221292 0.964677 -0.000000 0.000000 0.000000 0.000000 1.000000
-0.617542 -0.781324 -0.090410 0.000000 0.773699 -0.582752 -0.248574 29.787100 0.141530 -0.223455 0.964384 -0.000000 0.000000 0.000000 0.000000 1.000000
-0.601715 -0.793338 -0.092488 0.000000 0.785786 -0.567248 -0.246516 29.787100 0.143107 -0.221008 0.964716 0.000000 0.000000 0.000000 0.000000 1.000000
-0.600409 -0.794307 -0.092655 -0.000000 0.786761 -0.565970 -0.246345 29.787100 0.143233 -0.220806 0.964743 0.000000 0.000000 0.000000 0.000000 1.000000
